1695308366396 0.0 4000
1695308381982 0.0 8000
1695308398686 0.0 12000
1695308415494 0.0 16000
1695308433120 0.0 20000
1695308450634 0.0 24000
1695308467252 0.0 28000
1695308484579 0.0 32000
1695308501533 0.0 36000
1695308517827 0.0 40000
1695308534354 0.0 44000
1695308550417 0.0 48000
1695308566560 0.0 52000
1695308582675 0.0 56000
1695308598953 0.0 60000
1695308614903 0.0 64000
1695308630963 0.0 68000
1695308646867 0.0 72000
1695308663028 0.0 76000
1695308679312 0.0 80000
1695308696657 0.0 84000
1695308714083 0.0 88000
1695308731367 0.0 92000
1695308748433 0.0 96000
1695308765548 0.0 100000
1695308782792 0.0 104000
1695308799778 0.0 108000
1695308816737 0.0 112000
1695308833813 0.0 116000
1695308850821 0.0 120000
1695308868050 0.0 124000
1695308885383 0.0 128000
1695308902935 0.0 132000
1695308920243 0.0 136000
1695308937675 0.0 140000
1695308955628 0.0 144000
1695308973234 0.0 148000
1695308991017 0.0 152000
1695309008071 0.0 156000
1695309025024 0.0 160000
1695309041890 0.0 164000
1695309058962 0.0 168000
1695309076363 0.0 172000
1695309093121 0.0 176000
1695309109809 0.0 180000
1695309126116 0.0 184000
1695309143056 0.0 188000
1695309161608 0.0 192000
1695309179115 0.0 196000
1695309196872 0.0 200000
1695309214125 0.0 204000
1695309232077 0.0 208000
1695309248790 0.0 212000
1695309265890 0.0 216000
1695309283791 0.0 220000
1695309301812 0.0 224000
1695309319345 0.0 228000
1695309336443 0.0 232000
1695309353432 0.0 236000
1695309370977 0.0 240000
1695309387758 0.0 244000
1695309404560 0.0 248000
1695309420981 0.0 252000
1695309437232 0.0 256000
1695309453737 0.0 260000
1695309471000 0.0 264000
1695309487908 0.0 268000
1695309504522 0.0 272000
1695309521830 0.0 276000
1695309538403 0.0 280000
1695309554836 0.0 284000
1695309571743 0.0 288000
1695309588325 0.0 292000
1695309604937 0.0 296000
1695309621196 0.0 300000
1695309637617 0.0 304000
1695309653969 0.0 308000
1695309670429 0.0 312000
1695309686909 0.0 316000
1695309703512 0.0 320000
1695309720119 0.0 324000
1695309736769 0.0 328000
1695309753484 0.0 332000
1695309770652 0.0 336000
1695309788442 0.0 340000
1695309806292 0.0 344000
1695309823936 0.0 348000
1695309841534 0.0 352000
1695309859450 0.0 356000
1695309877048 0.0 360000
1695309895245 0.0 364000
1695309912915 0.0 368000
1695309930520 0.0 372000
1695309948108 0.0 376000
1695309965678 0.0 380000
1695309983358 0.0 384000
1695310001823 0.0 388000
1695310019157 0.0 392000
1695310037258 0.0 396000
1695310058509 0.0 400000
1695310080105 0.0 404000
1695310099841 0.0 408000
1695310120033 0.0 412000
1695310136659 0.0 416000
1695310153360 0.0 420000
1695310170859 0.0 424000
1695310189110 0.0 428000
1695310207449 0.0 432000
1695310225704 0.0 436000
1695310244125 0.0 440000
1695310262441 0.0 444000
1695310280709 0.0 448000
1695310299202 0.0 452000
1695310318045 0.0 456000
1695310336774 0.0 460000
1695310355276 0.0 464000
1695310373941 0.0 468000
1695310392692 0.0 472000
1695310411175 0.0 476000
1695310429602 0.0 480000
1695310448008 0.0 484000
1695310466449 0.0 488000
1695310485092 0.0 492000
1695310503570 0.0 496000
1695310521983 0.0 500000
1695310540693 0.0 504000
1695310559038 0.0 508000
1695310577723 0.0 512000
1695310596068 0.0 516000
1695310614667 0.0 520000
1695310633231 0.0 524000
1695310651716 0.0 528000
1695310670068 0.0 532000
1695310688425 0.0 536000
1695310706929 0.0 540000
1695310725461 0.0 544000
1695310744068 0.0 548000
1695310762469 0.0 552000
1695310780994 0.0 556000
1695310799238 0.0 560000
1695310818191 0.0 564000
1695310836130 0.0 568000
1695310852922 0.0 572000
1695310869719 0.0 576000
1695310886321 0.0 580000
1695310903025 0.0 584000
1695310919931 0.0 588000
1695310937721 0.0 592000
1695310956110 0.0 596000
1695310974829 0.0 600000
1695310993503 0.0 604000
1695311012336 0.0 608000
1695311030830 0.0 612000
1695311049169 0.0 616000
1695311068416 0.0 620000
1695311087394 0.0 624000
1695311106048 0.0 628000
1695311124482 0.0 632000
1695311143154 0.0 636000
1695311161528 0.0 640000
1695311180119 0.0 644000
1695311198604 0.0 648000
1695311217018 0.0 652000
1695311235326 0.0 656000
1695311253728 0.0 660000
1695311272651 0.0 664000
1695311293323 0.0 668000
1695311312869 0.0 672000
1695311332592 0.0 676000
1695311352116 0.0 680000
1695311371372 0.0 684000
1695311391078 0.0 688000
1695311410788 0.0 692000
1695311430525 0.0 696000
1695311449869 0.0 700000
1695311469588 0.0 704000
1695311489002 0.0 708000
1695311507759 0.0 712000
1695311525297 0.0 716000
1695311545199 0.0 720000
1695311563440 0.0 724000
1695311580666 0.0 728000
1695311597915 0.0 732000
1695311614949 0.0 736000
1695311633151 0.0 740000
1695311651513 0.0 744000
1695311670666 0.0 748000
1695311688301 0.0 752000
1695311705530 0.0 756000
1695311723942 0.0 760000
1695311742192 0.0 764000
1695311760349 0.0 768000
1695311778446 0.0 772000
1695311796510 0.0 776000
1695311814080 0.0 780000
1695311831625 0.0 784000
