1695308366396 0.0 4000
1695308381982 0.03333333333333333 8000
1695308398685 0.019230769230769232 12000
1695308415494 0.02857142857142857 16000
1695308433120 0.020833333333333332 20000
1695308450633 0.02 24000
1695308467252 0.01 28000
1695308484579 0.01 32000
1695308501533 0.0 36000
1695308517827 0.0 40000
1695308534354 0.0 44000
1695308550416 0.0 48000
1695308566560 0.0 52000
1695308582675 0.0 56000
1695308598953 0.0 60000
1695308614903 0.0 64000
1695308630963 0.0 68000
1695308646867 0.0 72000
1695308663028 0.0 76000
1695308679312 0.0 80000
1695308696657 0.0 84000
1695308714083 0.0 88000
1695308731366 0.0 92000
1695308748433 0.0 96000
1695308765548 0.0 100000
1695308782792 0.0 104000
1695308799778 0.0 108000
1695308816737 0.0 112000
1695308833812 0.0 116000
1695308850821 0.01 120000
1695308868050 0.0 124000
1695308885383 0.0 128000
1695308902935 0.0 132000
1695308920243 0.0 136000
1695308937675 0.0 140000
1695308955628 0.0 144000
1695308973234 0.0 148000
1695308991016 0.0 152000
1695309008071 0.0 156000
1695309025023 0.0 160000
1695309041890 0.0 164000
1695309058962 0.0 168000
1695309076363 0.0 172000
1695309093121 0.0 176000
1695309109809 0.0 180000
1695309126116 0.0 184000
1695309143056 0.00625 188000
1695309161608 0.0 192000
1695309179114 0.005434782608695652 196000
1695309196872 0.0 200000
1695309214125 0.0 204000
1695309232077 0.0 208000
1695309248790 0.005813953488372093 212000
1695309265890 0.006896551724137931 216000
1695309283791 0.0 220000
1695309301812 0.018404907975460124 224000
1695309319344 0.012578616352201259 228000
1695309336443 0.012048192771084338 232000
1695309353432 0.007633587786259542 236000
1695309370976 0.02040816326530612 240000
1695309387758 0.021621621621621623 244000
1695309404559 0.0440251572327044 248000
1695309420981 0.016216216216216217 252000
1695309437232 0.04516129032258064 256000
1695309453737 0.041025641025641026 260000
1695309471000 0.054455445544554455 264000
1695309487908 0.06790123456790123 268000
1695309504522 0.047619047619047616 272000
1695309521830 0.06403940886699508 276000
1695309538402 0.06878306878306878 280000
1695309554836 0.07027027027027027 284000
1695309571743 0.04046242774566474 288000
1695309588325 0.07179487179487179 292000
1695309604937 0.07526881720430108 296000
1695309621196 0.07926829268292683 300000
1695309637617 0.06880733944954129 304000
1695309653969 0.0972972972972973 308000
1695309670429 0.060109289617486336 312000
1695309686909 0.06629834254143646 316000
1695309703512 0.05913978494623656 320000
1695309720118 0.09036144578313253 324000
1695309736769 0.105 328000
1695309753484 0.09424083769633508 332000
1695309770652 0.10497237569060773 336000
1695309788441 0.08866995073891626 340000
1695309806292 0.10426540284360189 344000
1695309823936 0.06467661691542288 348000
1695309841533 0.08108108108108109 352000
1695309859450 0.08629441624365482 356000
1695309877048 0.12834224598930483 360000
1695309895244 0.11483253588516747 364000
1695309912914 0.09392265193370165 368000
1695309930520 0.16463414634146342 372000
1695309948108 0.1377551020408163 376000
1695309965677 0.12637362637362637 380000
1695309983358 0.1657142857142857 384000
1695310001823 0.1751412429378531 388000
1695310019157 0.16756756756756758 392000
1695310037258 0.20526315789473684 396000
1695310058508 0.17412935323383086 400000
1695310080104 0.19004524886877827 404000
1695310099840 0.215962441314554 408000
1695310120033 0.19230769230769232 412000
1695310136659 0.1724137931034483 416000
1695310153360 0.23809523809523808 420000
1695310170859 0.2 424000
1695310189109 0.1782608695652174 428000
1695310207449 0.16363636363636364 432000
1695310225703 0.20952380952380953 436000
1695310244125 0.1743119266055046 440000
1695310262440 0.16591928251121077 444000
1695310280709 0.22897196261682243 448000
1695310299201 0.19665271966527198 452000
1695310318045 0.21658986175115208 456000
1695310336774 0.25806451612903225 460000
1695310355276 0.2554112554112554 464000
1695310373941 0.20179372197309417 468000
1695310392691 0.2636363636363636 472000
1695310411175 0.19911504424778761 476000
1695310429602 0.23580786026200873 480000
1695310448008 0.25339366515837103 484000
1695310466449 0.26956521739130435 488000
1695310485092 0.2603305785123967 492000
1695310503570 0.2288135593220339 496000
1695310521983 0.3039647577092511 500000
1695310540693 0.3093220338983051 504000
1695310559038 0.3051643192488263 508000
1695310577723 0.3183856502242152 512000
1695310596068 0.2170212765957447 516000
1695310614667 0.2764976958525346 520000
1695310633230 0.32158590308370044 524000
1695310651716 0.34649122807017546 528000
1695310670068 0.3024390243902439 532000
1695310688425 0.33183856502242154 536000
1695310706929 0.35555555555555557 540000
1695310725461 0.2886178861788618 544000
1695310744067 0.3053097345132743 548000
1695310762469 0.29515418502202645 552000
1695310780993 0.3242009132420091 556000
1695310799237 0.26851851851851855 560000
1695310818191 0.3013698630136986 564000
1695310836129 0.2754237288135593 568000
1695310852922 0.3568281938325991 572000
1695310869719 0.27631578947368424 576000
1695310886321 0.2838427947598253 580000
1695310903025 0.32407407407407407 584000
1695310919931 0.3652173913043478 588000
1695310937721 0.3157894736842105 592000
1695310956109 0.2821576763485477 596000
1695310974828 0.3141592920353982 600000
1695310993503 0.3522267206477733 604000
1695311012336 0.34274193548387094 608000
1695311030830 0.3293172690763052 612000
1695311049168 0.36099585062240663 616000
1695311068416 0.43037974683544306 620000
1695311087394 0.36981132075471695 624000
1695311106048 0.37398373983739835 628000
1695311124482 0.31645569620253167 632000
1695311143154 0.32456140350877194 636000
1695311161528 0.31877729257641924 640000
1695311180118 0.3662551440329218 644000
1695311198604 0.39591836734693875 648000
1695311217017 0.36363636363636365 652000
1695311235326 0.3135593220338983 656000
1695311253727 0.3617021276595745 660000
1695311272650 0.4067796610169492 664000
1695311293322 0.40816326530612246 668000
1695311312869 0.4256198347107438 672000
1695311332592 0.3902439024390244 676000
1695311352116 0.45701357466063347 680000
1695311371372 0.34146341463414637 684000
1695311391078 0.3407079646017699 688000
1695311410787 0.36947791164658633 692000
1695311430524 0.40425531914893614 696000
1695311449868 0.33796296296296297 700000
1695311469587 0.3723849372384937 704000
1695311489002 0.4087301587301587 708000
1695311507759 0.3983050847457627 712000
1695311525297 0.375 716000
1695311545199 0.4063745019920319 720000
1695311563440 0.3492063492063492 724000
1695311580666 0.38524590163934425 728000
1695311597915 0.3875 732000
1695311614949 0.44313725490196076 736000
1695311633151 0.3744493392070485 740000
1695311651513 0.3508771929824561 744000
1695311670665 0.38247011952191234 748000
1695311688300 0.388646288209607 752000
1695311705530 0.31718061674008813 756000
1695311723942 0.3537117903930131 760000
1695311742192 0.33064516129032256 764000
1695311760349 0.35802469135802467 768000
1695311778446 0.3093220338983051 772000
1695311796509 0.31555555555555553 776000
1695311814080 0.351931330472103 780000
1695311831625 0.36466165413533835 784000
