1695308366397 1.0 4000
1695308381983 1.0 8000
1695308398686 1.0 12000
1695308415495 1.0 16000
1695308433121 1.0 20000
1695308450634 1.0 24000
1695308467253 1.0 28000
1695308484580 1.0 32000
1695308501534 1.0 36000
1695308517828 1.0 40000
1695308534355 1.0 44000
1695308550417 1.0 48000
1695308566561 1.0 52000
1695308582676 1.0 56000
1695308598954 1.0 60000
1695308614904 1.0 64000
1695308630964 1.0 68000
1695308646868 1.0 72000
1695308663029 1.0 76000
1695308679313 1.0 80000
1695308696658 1.0 84000
1695308714084 1.0 88000
1695308731367 1.0 92000
1695308748434 1.0 96000
1695308765549 1.0 100000
1695308782793 1.0 104000
1695308799779 1.0 108000
1695308816738 1.0 112000
1695308833813 1.0 116000
1695308850822 1.0 120000
1695308868050 1.0 124000
1695308885384 1.0 128000
1695308902935 1.0 132000
1695308920244 1.0 136000
1695308937676 1.0 140000
1695308955629 1.0 144000
1695308973235 1.0 148000
1695308991017 1.0 152000
1695309008072 1.0 156000
1695309025024 1.0 160000
1695309041891 1.0 164000
1695309058963 1.0 168000
1695309076364 1.0 172000
1695309093122 1.0 176000
1695309109810 1.0 180000
1695309126117 1.0 184000
1695309143057 1.0 188000
1695309161609 1.0 192000
1695309179115 1.0 196000
1695309196873 1.0 200000
1695309214126 1.0 204000
1695309232078 1.0 208000
1695309248791 1.0 212000
1695309265890 1.0 216000
1695309283792 1.0 220000
1695309301813 1.0 224000
1695309319345 1.0 228000
1695309336444 1.0 232000
1695309353433 1.0 236000
1695309370977 1.0 240000
1695309387759 1.0 244000
1695309404560 1.0 248000
1695309420982 1.0 252000
1695309437233 1.0 256000
1695309453738 1.0 260000
1695309471001 1.0 264000
1695309487908 1.0 268000
1695309504523 1.0 272000
1695309521831 1.0 276000
1695309538403 1.0 280000
1695309554837 1.0 284000
1695309571744 1.0 288000
1695309588326 1.0 292000
1695309604938 1.0 296000
1695309621197 1.0 300000
1695309637618 1.0 304000
1695309653969 1.0 308000
1695309670430 1.0 312000
1695309686910 1.0 316000
1695309703513 1.0 320000
1695309720119 1.0 324000
1695309736770 1.0 328000
1695309753485 1.0 332000
1695309770653 1.0 336000
1695309788442 1.0 340000
1695309806293 1.0 344000
1695309823937 1.0 348000
1695309841534 1.0 352000
1695309859451 1.0 356000
1695309877049 1.0 360000
1695309895245 1.0 364000
1695309912916 1.0 368000
1695309930521 1.0 372000
1695309948109 1.0 376000
1695309965678 1.0 380000
1695309983359 1.0 384000
1695310001824 1.0 388000
1695310019158 1.0 392000
1695310037259 1.0 396000
1695310058509 1.0 400000
1695310080105 1.0 404000
1695310099841 1.0 408000
1695310120034 1.0 412000
1695310136660 1.0 416000
1695310153361 1.0 420000
1695310170860 1.0 424000
1695310189111 1.0 428000
1695310207450 1.0 432000
1695310225704 1.0 436000
1695310244127 1.0 440000
1695310262442 1.0 444000
1695310280710 1.0 448000
1695310299202 1.0 452000
1695310318046 1.0 456000
1695310336775 1.0 460000
1695310355277 1.0 464000
1695310373942 1.0 468000
1695310392692 1.0 472000
1695310411176 1.0 476000
1695310429603 1.0 480000
1695310448009 1.0 484000
1695310466450 1.0 488000
1695310485093 1.0 492000
1695310503571 1.0 496000
1695310521984 1.0 500000
1695310540694 1.0 504000
1695310559039 1.0 508000
1695310577724 1.0 512000
1695310596069 1.0 516000
1695310614667 1.0 520000
1695310633231 1.0 524000
1695310651717 1.0 528000
1695310670069 1.0 532000
1695310688426 1.0 536000
1695310706930 1.0 540000
1695310725462 1.0 544000
1695310744068 1.0 548000
1695310762470 1.0 552000
1695310780994 1.0 556000
1695310799238 1.0 560000
1695310818192 1.0 564000
1695310836130 1.0 568000
1695310852923 1.0 572000
1695310869720 1.0 576000
1695310886321 1.0 580000
1695310903026 1.0 584000
1695310919932 1.0 588000
1695310937722 1.0 592000
1695310956110 1.0 596000
1695310974829 1.0 600000
1695310993504 1.0 604000
1695311012337 1.0 608000
1695311030831 1.0 612000
1695311049169 1.0 616000
1695311068417 1.0 620000
1695311087395 1.0 624000
1695311106049 1.0 628000
1695311124483 1.0 632000
1695311143155 1.0 636000
1695311161529 1.0 640000
1695311180120 1.0 644000
1695311198604 1.0 648000
1695311217018 1.0 652000
1695311235327 1.0 656000
1695311253728 1.0 660000
1695311272651 1.0 664000
1695311293323 1.0 668000
1695311312870 1.0 672000
1695311332593 1.0 676000
1695311352117 1.0 680000
1695311371373 1.0 684000
1695311391079 1.0 688000
1695311410788 1.0 692000
1695311430525 1.0 696000
1695311449869 1.0 700000
1695311469588 1.0 704000
1695311489003 1.0 708000
1695311507760 1.0 712000
1695311525298 1.0 716000
1695311545200 1.0 720000
1695311563441 1.0 724000
1695311580667 1.0 728000
1695311597916 1.0 732000
1695311614950 1.0 736000
1695311633152 1.0 740000
1695311651514 1.0 744000
1695311670666 1.0 748000
1695311688301 1.0 752000
1695311705531 1.0 756000
1695311723943 1.0 760000
1695311742193 1.0 764000
1695311760350 1.0 768000
1695311778447 1.0 772000
1695311796510 1.0 776000
1695311814081 1.0 780000
1695311831626 1.0 784000
