1695308366397 0.38461538461538464 4000
1695308381984 0.26666666666666666 8000
1695308398687 0.28846153846153844 12000
1695308415495 0.32857142857142857 16000
1695308433122 0.3125 20000
1695308450635 0.31 24000
1695308467254 0.36 28000
1695308484581 0.39 32000
1695308501535 0.39 36000
1695308517828 0.45 40000
1695308534356 0.52 44000
1695308550418 0.56 48000
1695308566562 0.59 52000
1695308582677 0.62 56000
1695308598955 0.68 60000
1695308614904 0.71 64000
1695308630965 0.74 68000
1695308646868 0.72 72000
1695308663030 0.71 76000
1695308679314 0.74 80000
1695308696658 0.76 84000
1695308714085 0.81 88000
1695308731368 0.87 92000
1695308748435 0.85 96000
1695308765549 0.84 100000
1695308782793 0.84 104000
1695308799780 0.89 108000
1695308816739 0.92 112000
1695308833814 0.86 116000
1695308850823 0.88 120000
1695308868051 0.95 124000
1695308885385 0.94 128000
1695308902936 0.95 132000
1695308920245 0.96 136000
1695308937677 0.96 140000
1695308955630 0.95 144000
1695308973236 0.95 148000
1695308991018 0.9385964912280702 152000
1695309008072 0.9245283018867925 156000
1695309025025 0.921875 160000
1695309041892 0.9696969696969697 164000
1695309058964 0.9552238805970149 168000
1695309076365 0.9464285714285714 172000
1695309093122 0.9354838709677419 176000
1695309109811 0.946969696969697 180000
1695309126117 0.9217391304347826 184000
1695309143058 0.95625 188000
1695309161610 0.9490445859872612 192000
1695309179116 0.9565217391304348 196000
1695309196873 0.959731543624161 200000
1695309214127 0.9583333333333334 204000
1695309232078 0.9606741573033708 208000
1695309248792 0.9476744186046512 212000
1695309265891 0.903448275862069 216000
1695309283793 0.9477124183006536 220000
1695309301814 0.9325153374233128 224000
1695309319346 0.9685534591194969 228000
1695309336444 0.9337349397590361 232000
1695309353434 0.9312977099236641 236000
1695309370978 0.9523809523809523 240000
1695309387760 0.9459459459459459 244000
1695309404561 0.9371069182389937 248000
1695309420983 0.9405405405405406 252000
1695309437234 0.9161290322580645 256000
1695309453738 0.9282051282051282 260000
1695309471002 0.8910891089108911 264000
1695309487909 0.9012345679012346 268000
1695309504524 0.9285714285714286 272000
1695309521832 0.9064039408866995 276000
1695309538404 0.91005291005291 280000
1695309554838 0.9081081081081082 284000
1695309571744 0.9595375722543352 288000
1695309588326 0.9025641025641026 292000
1695309604938 0.8870967741935484 296000
1695309621198 0.9085365853658537 300000
1695309637619 0.8990825688073395 304000
1695309653970 0.8810810810810811 308000
1695309670430 0.907103825136612 312000
1695309686910 0.9005524861878453 316000
1695309703514 0.9193548387096774 320000
1695309720120 0.8975903614457831 324000
1695309736771 0.86 328000
1695309753485 0.8795811518324608 332000
1695309770654 0.8674033149171271 336000
1695309788443 0.9014778325123153 340000
1695309806294 0.8720379146919431 344000
1695309823938 0.9203980099502488 348000
1695309841535 0.8918918918918919 352000
1695309859452 0.8730964467005076 356000
1695309877050 0.8556149732620321 360000
1695309895246 0.8516746411483254 364000
1695309912916 0.8895027624309392 368000
1695309930521 0.7987804878048781 372000
1695309948110 0.8469387755102041 376000
1695309965679 0.8406593406593407 380000
1695309983359 0.8 384000
1695310001824 0.8192090395480226 388000
1695310019159 0.827027027027027 392000
1695310037260 0.7684210526315789 396000
1695310058510 0.8208955223880597 400000
1695310080106 0.8009049773755657 404000
1695310099842 0.7511737089201878 408000
1695310120035 0.8028846153846154 412000
1695310136660 0.7980295566502463 416000
1695310153362 0.7428571428571429 420000
1695310170861 0.7581395348837209 424000
1695310189111 0.808695652173913 428000
1695310207451 0.8181818181818182 432000
1695310225705 0.7523809523809524 436000
1695310244127 0.8073394495412844 440000
1695310262442 0.8251121076233184 444000
1695310280711 0.7476635514018691 448000
1695310299203 0.7656903765690377 452000
1695310318047 0.7649769585253456 456000
1695310336776 0.7327188940092166 460000
1695310355278 0.7012987012987013 464000
1695310373942 0.7713004484304933 468000
1695310392693 0.7227272727272728 472000
1695310411176 0.7787610619469026 476000
1695310429604 0.74235807860262 480000
1695310448009 0.6968325791855203 484000
1695310466451 0.7043478260869566 488000
1695310485094 0.7107438016528925 492000
1695310503572 0.7627118644067796 496000
1695310521985 0.6740088105726872 500000
1695310540695 0.6610169491525424 504000
1695310559040 0.647887323943662 508000
1695310577725 0.6681614349775785 512000
1695310596070 0.7702127659574468 516000
1695310614668 0.7050691244239631 520000
1695310633232 0.6519823788546255 524000
1695310651717 0.618421052631579 528000
1695310670070 0.6585365853658537 532000
1695310688427 0.6502242152466368 536000
1695310706931 0.6311111111111111 540000
1695310725463 0.6829268292682927 544000
1695310744069 0.672566371681416 548000
1695310762471 0.6784140969162996 552000
1695310780995 0.6529680365296804 556000
1695310799239 0.6851851851851852 560000
1695310818193 0.680365296803653 564000
1695310836131 0.6822033898305084 568000
1695310852924 0.6167400881057269 572000
1695310869720 0.706140350877193 576000
1695310886322 0.6943231441048034 580000
1695310903026 0.6574074074074074 584000
1695310919932 0.6260869565217392 588000
1695310937723 0.6622807017543859 592000
1695310956111 0.7136929460580913 596000
1695310974830 0.672566371681416 600000
1695310993504 0.6275303643724697 604000
1695311012338 0.6451612903225806 608000
1695311030832 0.6666666666666666 612000
1695311049170 0.6348547717842323 616000
1695311068418 0.5527426160337553 620000
1695311087396 0.5924528301886792 624000
1695311106050 0.6097560975609756 628000
1695311124484 0.6582278481012658 632000
1695311143156 0.6359649122807017 636000
1695311161530 0.6593886462882096 640000
1695311180120 0.6090534979423868 644000
1695311198605 0.5795918367346938 648000
1695311217019 0.6277056277056277 652000
1695311235328 0.6440677966101694 656000
1695311253729 0.6212765957446809 660000
1695311272652 0.5677966101694916 664000
1695311293324 0.5795918367346938 668000
1695311312871 0.5537190082644629 672000
1695311332594 0.5853658536585366 676000
1695311352117 0.5158371040723982 680000
1695311371373 0.6341463414634146 684000
1695311391080 0.6327433628318584 688000
1695311410789 0.6104417670682731 692000
1695311430526 0.5702127659574469 696000
1695311449870 0.6435185185185185 700000
1695311469589 0.6108786610878661 704000
1695311489004 0.5753968253968254 708000
1695311507761 0.5847457627118644 712000
1695311525298 0.6125 716000
1695311545200 0.5737051792828686 720000
1695311563442 0.626984126984127 724000
1695311580667 0.5942622950819673 728000
1695311597917 0.6083333333333333 732000
1695311614951 0.5372549019607843 736000
1695311633153 0.6035242290748899 740000
1695311651515 0.631578947368421 744000
1695311670667 0.5976095617529881 748000
1695311688302 0.5938864628820961 752000
1695311705531 0.6651982378854625 756000
1695311723944 0.62882096069869 760000
1695311742194 0.657258064516129 764000
1695311760351 0.6213991769547325 768000
1695311778447 0.6652542372881356 772000
1695311796511 0.6533333333333333 776000
1695311814082 0.6094420600858369 780000
1695311831626 0.6052631578947368 784000
