1695308366398 1.0 4000
1695308381984 1.0 8000
1695308398688 1.0 12000
1695308415496 1.0 16000
1695308433122 1.0 20000
1695308450636 1.0 24000
1695308467254 1.0 28000
1695308484581 1.0 32000
1695308501535 1.0 36000
1695308517829 1.0 40000
1695308534356 1.0 44000
1695308550418 1.0 48000
1695308566562 1.0 52000
1695308582677 1.0 56000
1695308598955 1.0 60000
1695308614905 1.0 64000
1695308630965 1.0 68000
1695308646869 1.0 72000
1695308663030 1.0 76000
1695308679314 1.0 80000
1695308696659 1.0 84000
1695308714085 1.0 88000
1695308731368 1.0 92000
1695308748435 1.0 96000
1695308765550 1.0 100000
1695308782794 1.0 104000
1695308799780 1.0 108000
1695308816739 1.0 112000
1695308833814 1.0 116000
1695308850823 1.0 120000
1695308868052 1.0 124000
1695308885385 1.0 128000
1695308902937 1.0 132000
1695308920245 1.0 136000
1695308937677 1.0 140000
1695308955630 1.0 144000
1695308973236 1.0 148000
1695308991018 1.0 152000
1695309008073 1.0 156000
1695309025026 1.0 160000
1695309041892 1.0 164000
1695309058964 1.0 168000
1695309076365 1.0 172000
1695309093123 1.0 176000
1695309109811 1.0 180000
1695309126118 1.0 184000
1695309143058 1.0 188000
1695309161610 1.0 192000
1695309179116 1.0 196000
1695309196874 1.0 200000
1695309214128 1.0 204000
1695309232079 1.0 208000
1695309248793 1.0 212000
1695309265892 1.0 216000
1695309283793 1.0 220000
1695309301815 1.0 224000
1695309319347 1.0 228000
1695309336445 1.0 232000
1695309353434 1.0 236000
1695309370978 1.0 240000
1695309387760 1.0 244000
1695309404561 1.0 248000
1695309420983 1.0 252000
1695309437234 1.0 256000
1695309453739 1.0 260000
1695309471002 1.0 264000
1695309487910 1.0 268000
1695309504524 1.0 272000
1695309521832 1.0 276000
1695309538405 1.0 280000
1695309554838 1.0 284000
1695309571745 1.0 288000
1695309588327 1.0 292000
1695309604939 1.0 296000
1695309621198 1.0 300000
1695309637619 1.0 304000
1695309653971 1.0 308000
1695309670431 1.0 312000
1695309686911 1.0 316000
1695309703514 1.0 320000
1695309720120 1.0 324000
1695309736771 1.0 328000
1695309753486 1.0 332000
1695309770655 1.0 336000
1695309788443 1.0 340000
1695309806294 1.0 344000
1695309823938 1.0 348000
1695309841536 1.0 352000
1695309859452 1.0 356000
1695309877050 1.0 360000
1695309895246 1.0 364000
1695309912917 1.0 368000
1695309930522 1.0 372000
1695309948110 1.0 376000
1695309965680 1.0 380000
1695309983360 1.0 384000
1695310001825 1.0 388000
1695310019159 1.0 392000
1695310037260 1.0 396000
1695310058511 1.0 400000
1695310080107 1.0 404000
1695310099842 1.0 408000
1695310120035 1.0 412000
1695310136661 1.0 416000
1695310153362 1.0 420000
1695310170861 1.0 424000
1695310189112 1.0 428000
1695310207451 1.0 432000
1695310225706 1.0 436000
1695310244128 1.0 440000
1695310262443 1.0 444000
1695310280712 1.0 448000
1695310299204 1.0 452000
1695310318047 1.0 456000
1695310336776 1.0 460000
1695310355278 1.0 464000
1695310373943 1.0 468000
1695310392694 1.0 472000
1695310411177 1.0 476000
1695310429604 1.0 480000
1695310448010 1.0 484000
1695310466451 1.0 488000
1695310485094 1.0 492000
1695310503572 1.0 496000
1695310521985 1.0 500000
1695310540695 1.0 504000
1695310559040 1.0 508000
1695310577725 1.0 512000
1695310596070 1.0 516000
1695310614669 1.0 520000
1695310633233 1.0 524000
1695310651718 1.0 528000
1695310670070 1.0 532000
1695310688427 1.0 536000
1695310706931 1.0 540000
1695310725463 1.0 544000
1695310744070 1.0 548000
1695310762471 1.0 552000
1695310780996 1.0 556000
1695310799239 1.0 560000
1695310818193 1.0 564000
1695310836132 1.0 568000
1695310852924 1.0 572000
1695310869721 1.0 576000
1695310886323 1.0 580000
1695310903027 1.0 584000
1695310919933 1.0 588000
1695310937723 1.0 592000
1695310956111 1.0 596000
1695310974831 1.0 600000
1695310993505 1.0 604000
1695311012339 1.0 608000
1695311030832 1.0 612000
1695311049171 1.0 616000
1695311068418 1.0 620000
1695311087396 1.0 624000
1695311106050 1.0 628000
1695311124484 1.0 632000
1695311143156 1.0 636000
1695311161530 1.0 640000
1695311180121 1.0 644000
1695311198606 1.0 648000
1695311217020 1.0 652000
1695311235328 1.0 656000
1695311253730 1.0 660000
1695311272652 1.0 664000
1695311293325 1.0 668000
1695311312871 1.0 672000
1695311332594 1.0 676000
1695311352118 1.0 680000
1695311371374 1.0 684000
1695311391080 1.0 688000
1695311410789 1.0 692000
1695311430527 1.0 696000
1695311449871 1.0 700000
1695311469590 1.0 704000
1695311489004 1.0 708000
1695311507761 1.0 712000
1695311525299 1.0 716000
1695311545201 1.0 720000
1695311563442 1.0 724000
1695311580668 1.0 728000
1695311597917 1.0 732000
1695311614951 1.0 736000
1695311633153 1.0 740000
1695311651515 1.0 744000
1695311670667 1.0 748000
1695311688302 1.0 752000
1695311705532 1.0 756000
1695311723944 1.0 760000
1695311742195 1.0 764000
1695311760351 1.0 768000
1695311778448 1.0 772000
1695311796511 1.0 776000
1695311814082 1.0 780000
1695311831627 1.0 784000
