1695308366397 0.0 4000
1695308381984 0.0 8000
1695308398687 0.0 12000
1695308415495 0.0 16000
1695308433121 0.0 20000
1695308450635 0.0 24000
1695308467254 0.0 28000
1695308484581 0.0 32000
1695308501534 0.0 36000
1695308517828 0.0 40000
1695308534355 0.0 44000
1695308550418 0.0 48000
1695308566562 0.0 52000
1695308582676 0.0 56000
1695308598954 0.0 60000
1695308614904 0.0 64000
1695308630964 0.0 68000
1695308646868 0.0 72000
1695308663029 0.0 76000
1695308679313 0.0 80000
1695308696658 0.0 84000
1695308714084 0.0 88000
1695308731368 0.0 92000
1695308748434 0.0 96000
1695308765549 0.0 100000
1695308782793 0.0 104000
1695308799779 0.0 108000
1695308816738 0.0 112000
1695308833814 0.0 116000
1695308850822 0.0 120000
1695308868051 0.0 124000
1695308885384 0.0 128000
1695308902936 0.0 132000
1695308920244 0.0 136000
1695308937676 0.0 140000
1695308955629 0.0 144000
1695308973236 0.0 148000
1695308991018 0.0 152000
1695309008072 0.0 156000
1695309025025 0.0 160000
1695309041891 0.0 164000
1695309058963 0.0 168000
1695309076364 0.0 172000
1695309093122 0.0 176000
1695309109810 0.0 180000
1695309126117 0.0 184000
1695309143057 0.0 188000
1695309161609 0.0 192000
1695309179116 0.0 196000
1695309196873 0.0 200000
1695309214127 0.0 204000
1695309232078 0.0 208000
1695309248792 0.0 212000
1695309265891 0.0 216000
1695309283793 0.0 220000
1695309301814 0.0 224000
1695309319346 0.0 228000
1695309336444 0.0 232000
1695309353434 0.0 236000
1695309370978 0.0 240000
1695309387759 0.0 244000
1695309404561 0.0 248000
1695309420982 0.0 252000
1695309437234 0.0 256000
1695309453738 0.0 260000
1695309471001 0.0 264000
1695309487909 0.0 268000
1695309504523 0.0 272000
1695309521831 0.0 276000
1695309538404 0.0 280000
1695309554837 0.0 284000
1695309571744 0.0 288000
1695309588326 0.0 292000
1695309604938 0.0 296000
1695309621197 0.0 300000
1695309637618 0.0 304000
1695309653970 0.0 308000
1695309670430 0.0 312000
1695309686910 0.0 316000
1695309703513 0.0 320000
1695309720120 0.0 324000
1695309736770 0.0 328000
1695309753485 0.0 332000
1695309770654 0.0 336000
1695309788443 0.0 340000
1695309806293 0.0 344000
1695309823937 0.0 348000
1695309841535 0.0 352000
1695309859451 0.0 356000
1695309877049 0.0 360000
1695309895246 0.0 364000
1695309912916 0.0 368000
1695309930521 0.0 372000
1695309948109 0.0 376000
1695309965679 0.0 380000
1695309983359 0.0 384000
1695310001824 0.0 388000
1695310019159 0.0 392000
1695310037259 0.0 396000
1695310058510 0.0 400000
1695310080106 0.0 404000
1695310099842 0.0 408000
1695310120034 0.0 412000
1695310136660 0.0 416000
1695310153361 0.0 420000
1695310170860 0.0 424000
1695310189111 0.0 428000
1695310207450 0.0 432000
1695310225705 0.0 436000
1695310244127 0.0 440000
1695310262442 0.0 444000
1695310280711 0.0 448000
1695310299203 0.0 452000
1695310318047 0.0 456000
1695310336775 0.0 460000
1695310355277 0.0 464000
1695310373942 0.0 468000
1695310392693 0.0 472000
1695310411176 0.0 476000
1695310429604 0.0 480000
1695310448009 0.0 484000
1695310466450 0.0 488000
1695310485093 0.0 492000
1695310503571 0.0 496000
1695310521985 0.0 500000
1695310540695 0.0 504000
1695310559040 0.0 508000
1695310577724 0.0 512000
1695310596069 0.0 516000
1695310614668 0.0 520000
1695310633232 0.0 524000
1695310651717 0.0 528000
1695310670069 0.0 532000
1695310688426 0.0 536000
1695310706931 0.0 540000
1695310725462 0.0 544000
1695310744069 0.0 548000
1695310762470 0.0 552000
1695310780995 0.0 556000
1695310799239 0.0 560000
1695310818192 0.0 564000
1695310836131 0.0 568000
1695310852924 0.0 572000
1695310869720 0.0 576000
1695310886322 0.0 580000
1695310903026 0.0 584000
1695310919932 0.0 588000
1695310937722 0.0 592000
1695310956111 0.0 596000
1695310974830 0.0 600000
1695310993504 0.0 604000
1695311012338 0.0 608000
1695311030831 0.0 612000
1695311049170 0.0 616000
1695311068418 0.0 620000
1695311087395 0.0 624000
1695311106049 0.0 628000
1695311124483 0.0 632000
1695311143155 0.0 636000
1695311161529 0.0 640000
1695311180120 0.0 644000
1695311198605 0.0 648000
1695311217019 0.0 652000
1695311235327 0.0 656000
1695311253729 0.0 660000
1695311272652 0.0 664000
1695311293324 0.0 668000
1695311312870 0.0 672000
1695311332593 0.0 676000
1695311352117 0.0 680000
1695311371373 0.0 684000
1695311391080 0.0 688000
1695311410789 0.0 692000
1695311430526 0.0 696000
1695311449870 0.0 700000
1695311469589 0.0 704000
1695311489003 0.0 708000
1695311507760 0.0 712000
1695311525298 0.0 716000
1695311545200 0.0 720000
1695311563441 0.0 724000
1695311580667 0.0 728000
1695311597916 0.0 732000
1695311614951 0.0 736000
1695311633153 0.0 740000
1695311651514 0.0 744000
1695311670667 0.0 748000
1695311688302 0.0 752000
1695311705531 0.0 756000
1695311723943 0.0 760000
1695311742194 0.0 764000
1695311760350 0.0 768000
1695311778447 0.0 772000
1695311796511 0.0 776000
1695311814082 0.0 780000
1695311831626 0.0 784000
