1695308366397 0.23076923076923078 4000
1695308381983 0.36666666666666664 8000
1695308398687 0.34615384615384615 12000
1695308415495 0.3142857142857143 16000
1695308433121 0.3229166666666667 20000
1695308450635 0.33 24000
1695308467253 0.28 28000
1695308484580 0.28 32000
1695308501534 0.28 36000
1695308517828 0.26 40000
1695308534355 0.22 44000
1695308550417 0.19 48000
1695308566561 0.17 52000
1695308582676 0.17 56000
1695308598954 0.16 60000
1695308614904 0.16 64000
1695308630964 0.15 68000
1695308646868 0.14 72000
1695308663029 0.16 76000
1695308679313 0.14 80000
1695308696658 0.15 84000
1695308714084 0.11 88000
1695308731367 0.09 92000
1695308748434 0.12 96000
1695308765549 0.11 100000
1695308782793 0.1 104000
1695308799779 0.06 108000
1695308816738 0.05 112000
1695308833813 0.08 116000
1695308850822 0.05 120000
1695308868051 0.04 124000
1695308885384 0.05 128000
1695308902936 0.04 132000
1695308920244 0.04 136000
1695308937676 0.04 140000
1695308955629 0.05 144000
1695308973235 0.05 148000
1695308991017 0.06140350877192982 152000
1695309008072 0.07547169811320754 156000
1695309025025 0.078125 160000
1695309041891 0.015151515151515152 164000
1695309058963 0.04477611940298507 168000
1695309076364 0.044642857142857144 172000
1695309093122 0.056451612903225805 176000
1695309109810 0.05303030303030303 180000
1695309126117 0.0782608695652174 184000
1695309143057 0.0375 188000
1695309161609 0.050955414012738856 192000
1695309179115 0.03804347826086957 196000
1695309196873 0.040268456375838924 200000
1695309214127 0.041666666666666664 204000
1695309232078 0.03932584269662921 208000
1695309248791 0.046511627906976744 212000
1695309265891 0.0896551724137931 216000
1695309283792 0.05228758169934641 220000
1695309301814 0.049079754601226995 224000
1695309319346 0.018867924528301886 228000
1695309336444 0.05421686746987952 232000
1695309353433 0.061068702290076333 236000
1695309370977 0.027210884353741496 240000
1695309387759 0.032432432432432434 244000
1695309404560 0.018867924528301886 248000
1695309420982 0.043243243243243246 252000
1695309437233 0.03870967741935484 256000
1695309453738 0.03076923076923077 260000
1695309471001 0.054455445544554455 264000
1695309487909 0.030864197530864196 268000
1695309504523 0.023809523809523808 272000
1695309521831 0.029556650246305417 276000
1695309538404 0.021164021164021163 280000
1695309554837 0.021621621621621623 284000
1695309571744 0.0 288000
1695309588326 0.02564102564102564 292000
1695309604938 0.03763440860215054 296000
1695309621197 0.012195121951219513 300000
1695309637618 0.03211009174311927 304000
1695309653970 0.021621621621621623 308000
1695309670430 0.03278688524590164 312000
1695309686910 0.03314917127071823 316000
1695309703513 0.021505376344086023 320000
1695309720120 0.012048192771084338 324000
1695309736770 0.035 328000
1695309753485 0.02617801047120419 332000
1695309770653 0.027624309392265192 336000
1695309788443 0.009852216748768473 340000
1695309806293 0.023696682464454975 344000
1695309823937 0.014925373134328358 348000
1695309841535 0.02702702702702703 352000
1695309859451 0.03553299492385787 356000
1695309877049 0.016042780748663103 360000
1695309895246 0.03349282296650718 364000
1695309912916 0.016574585635359115 368000
1695309930521 0.03048780487804878 372000
1695309948109 0.015306122448979591 376000
1695309965679 0.027472527472527472 380000
1695309983359 0.03428571428571429 384000
1695310001824 0.005649717514124294 388000
1695310019158 0.005405405405405406 392000
1695310037259 0.02631578947368421 396000
1695310058510 0.004975124378109453 400000
1695310080106 0.00904977375565611 404000
1695310099841 0.03286384976525822 408000
1695310120034 0.004807692307692308 412000
1695310136660 0.029556650246305417 416000
1695310153361 0.01904761904761905 420000
1695310170860 0.037209302325581395 424000
1695310189111 0.013043478260869565 428000
1695310207450 0.022727272727272728 432000
1695310225705 0.0380952380952381 436000
1695310244127 0.01834862385321101 440000
1695310262442 0.008968609865470852 444000
1695310280711 0.02336448598130841 448000
1695310299203 0.03765690376569038 452000
1695310318046 0.018433179723502304 456000
1695310336775 0.009216589861751152 460000
1695310355277 0.047619047619047616 464000
1695310373942 0.026905829596412557 468000
1695310392693 0.013636363636363636 472000
1695310411176 0.022123893805309734 476000
1695310429603 0.021834061135371178 480000
1695310448009 0.049773755656108594 484000
1695310466450 0.02608695652173913 488000
1695310485093 0.028925619834710745 492000
1695310503571 0.00847457627118644 496000
1695310521984 0.022026431718061675 500000
1695310540694 0.029661016949152543 504000
1695310559039 0.046948356807511735 508000
1695310577724 0.013452914798206279 512000
1695310596069 0.01276595744680851 516000
1695310614668 0.02304147465437788 520000
1695310633232 0.02643171806167401 524000
1695310651717 0.03508771929824561 528000
1695310670069 0.03414634146341464 532000
1695310688426 0.02242152466367713 536000
1695310706930 0.017777777777777778 540000
1695310725462 0.032520325203252036 544000
1695310744069 0.022123893805309734 548000
1695310762470 0.030837004405286344 552000
1695310780995 0.0273972602739726 556000
1695310799238 0.041666666666666664 560000
1695310818192 0.0182648401826484 564000
1695310836131 0.0423728813559322 568000
1695310852923 0.02643171806167401 572000
1695310869720 0.017543859649122806 576000
1695310886322 0.026200873362445413 580000
1695310903026 0.018518518518518517 584000
1695310919932 0.013043478260869565 588000
1695310937722 0.021929824561403508 592000
1695310956110 0.004149377593360996 596000
1695310974830 0.017699115044247787 600000
1695310993504 0.020242914979757085 604000
1695311012337 0.012096774193548387 608000
1695311030831 0.008032128514056224 612000
1695311049170 0.004149377593360996 616000
1695311068417 0.016877637130801686 620000
1695311087395 0.045283018867924525 624000
1695311106049 0.016260162601626018 628000
1695311124483 0.02531645569620253 632000
1695311143155 0.043859649122807015 636000
1695311161529 0.021834061135371178 640000
1695311180120 0.024691358024691357 644000
1695311198605 0.024489795918367346 648000
1695311217019 0.008658008658008658 652000
1695311235327 0.046610169491525424 656000
1695311253729 0.02127659574468085 660000
1695311272651 0.0211864406779661 664000
1695311293324 0.012244897959183673 668000
1695311312870 0.02066115702479339 672000
1695311332593 0.024390243902439025 676000
1695311352117 0.027149321266968326 680000
1695311371373 0.024390243902439025 684000
1695311391079 0.030973451327433628 688000
1695311410788 0.020080321285140562 692000
1695311430526 0.02553191489361702 696000
1695311449870 0.018518518518518517 700000
1695311469589 0.016736401673640166 704000
1695311489003 0.023809523809523808 708000
1695311507760 0.025423728813559324 712000
1695311525298 0.0125 716000
1695311545200 0.027888446215139442 720000
1695311563441 0.027777777777777776 724000
1695311580667 0.020491803278688523 728000
1695311597916 0.008333333333333333 732000
1695311614950 0.0196078431372549 736000
1695311633152 0.01762114537444934 740000
1695311651514 0.017543859649122806 744000
1695311670666 0.0199203187250996 748000
1695311688302 0.013100436681222707 752000
1695311705531 0.013215859030837005 756000
1695311723943 0.013100436681222707 760000
1695311742193 0.016129032258064516 764000
1695311760350 0.01646090534979424 768000
1695311778447 0.025423728813559324 772000
1695311796510 0.02666666666666667 776000
1695311814081 0.034334763948497854 780000
1695311831626 0.03383458646616541 784000
