1695308366393 47.083333333333336 4000
1695308381981 50.51363636363637 8000
1695308398684 50.5625 12000
1695308415492 50.375 16000
1695308433118 51.368 20000
1695308450631 50.37200000000001 24000
1695308467250 49.520833333333336 28000
1695308484578 50.12000000000001 32000
1695308501531 50.55833333333333 36000
1695308517825 50.16086956521738 40000
1695308534352 50.083333333333336 44000
1695308550415 50.06363636363637 48000
1695308566559 50.14347826086957 52000
1695308582673 49.9 56000
1695308598951 49.708333333333336 60000
1695308614901 50.07727272727273 64000
1695308630961 49.86521739130435 68000
1695308646865 50.05217391304348 72000
1695308663026 50.178260869565236 76000
1695308679310 49.582608695652176 80000
1695308696655 49.792 84000
1695308714082 49.576 88000
1695308731365 50.09583333333334 92000
1695308748431 49.83599999999999 96000
1695308765546 49.729166666666664 100000
1695308782790 50.028 104000
1695308799776 50.116666666666674 108000
1695308816735 49.67916666666667 112000
1695308833811 50.47083333333333 116000
1695308850820 50.244000000000014 120000
1695308868048 50.47083333333333 124000
1695308885382 49.931999999999995 128000
1695308902933 50.104 132000
1695308920241 49.71999999999999 136000
1695308937674 50.00416666666666 140000
1695308955626 49.6076923076923 144000
1695308973233 49.956 148000
1695308991015 49.943999999999996 152000
1695309008069 49.952000000000005 156000
1695309025022 49.88750000000001 160000
1695309041888 50.64166666666666 164000
1695309058960 50.32916666666666 168000
1695309076361 50.395999999999994 172000
1695309093119 50.27916666666667 176000
1695309109807 50.15416666666667 180000
1695309126114 50.04782608695652 184000
1695309143054 50.47083333333333 188000
1695309161606 51.52592592592592 192000
1695309179113 50.39999999999999 196000
1695309196870 50.775999999999996 200000
1695309214123 49.864 204000
1695309232075 50.17199999999999 208000
1695309248788 49.695833333333326 212000
1695309265888 49.77916666666667 216000
1695309283789 50.03846153846155 220000
1695309301810 50.547999999999995 224000
1695309319343 50.292 228000
1695309336441 50.464 232000
1695309353430 50.30833333333333 236000
1695309370975 50.696000000000005 240000
1695309387756 50.145833333333336 244000
1695309404558 49.76250000000001 248000
1695309420979 50.13478260869564 252000
1695309437230 50.145833333333336 256000
1695309453735 50.36521739130434 260000
1695309470998 49.876000000000005 264000
1695309487906 49.887499999999996 268000
1695309504521 50.17826086956522 272000
1695309521828 50.008 276000
1695309538401 49.57916666666667 280000
1695309554834 49.74347826086957 284000
1695309571741 49.820833333333326 288000
1695309588323 49.92916666666667 292000
1695309604935 49.73333333333333 296000
1695309621194 50.55652173913043 300000
1695309637615 50.11304347826088 304000
1695309653967 50.0 308000
1695309670427 49.92083333333333 312000
1695309686907 49.86086956521738 316000
1695309703510 50.087500000000006 320000
1695309720117 50.12083333333333 324000
1695309736767 50.01739130434782 328000
1695309753482 49.87916666666666 332000
1695309770650 49.931999999999995 336000
1695309788440 49.976000000000006 340000
1695309806290 49.815384615384616 344000
1695309823934 50.016000000000005 348000
1695309841532 49.736 352000
1695309859449 49.675999999999995 356000
1695309877047 49.98 360000
1695309895243 49.96153846153846 364000
1695309912913 50.6 368000
1695309930518 50.05 372000
1695309948106 50.2 376000
1695309965676 49.995999999999995 380000
1695309983356 50.00800000000001 384000
1695310001821 50.04615384615386 388000
1695310019156 50.496 392000
1695310037256 50.37692307692308 396000
1695310058506 50.21000000000001 400000
1695310080102 50.29677419354837 404000
1695310099839 49.99285714285714 408000
1695310120031 49.772413793103446 412000
1695310136657 49.834782608695654 416000
1695310153358 49.51250000000001 420000
1695310170857 49.855999999999995 424000
1695310189108 50.22307692307693 428000
1695310207448 50.25769230769231 432000
1695310225702 50.103846153846156 436000
1695310244123 49.96666666666667 440000
1695310262439 50.01538461538461 444000
1695310280707 49.75384615384615 448000
1695310299200 49.599999999999994 452000
1695310318044 49.75185185185184 456000
1695310336772 49.6888888888889 460000
1695310355274 49.76538461538461 464000
1695310373939 49.888888888888886 468000
1695310392690 49.98846153846154 472000
1695310411173 49.77777777777778 476000
1695310429601 49.74230769230769 480000
1695310448006 49.86153846153846 484000
1695310466447 49.93703703703704 488000
1695310485090 49.81538461538461 492000
1695310503568 50.07692307692308 496000
1695310521981 50.34074074074074 500000
1695310540692 50.35384615384615 504000
1695310559036 49.814814814814824 508000
1695310577721 49.94230769230769 512000
1695310596066 49.99230769230769 516000
1695310614665 49.5111111111111 520000
1695310633229 49.599999999999994 524000
1695310651714 49.62592592592593 528000
1695310670066 49.80384615384614 532000
1695310688423 49.60000000000001 536000
1695310706927 49.915384615384625 540000
1695310725459 49.76666666666666 544000
1695310744066 49.692307692307686 548000
1695310762467 49.52962962962964 552000
1695310780992 50.419230769230765 556000
1695310799236 49.911538461538456 560000
1695310818189 50.507407407407406 564000
1695310836128 50.338461538461544 568000
1695310852921 50.42173913043479 572000
1695310869717 50.4 576000
1695310886319 49.804166666666674 580000
1695310903023 50.1625 584000
1695310919929 49.93333333333334 588000
1695310937719 49.924 592000
1695310956108 50.296296296296305 596000
1695310974827 50.25769230769231 600000
1695310993501 50.10740740740739 604000
1695311012334 49.84074074074074 608000
1695311030828 50.10000000000001 612000
1695311049167 50.0 616000
1695311068415 49.682142857142864 620000
1695311087392 49.98888888888888 624000
1695311106046 50.19230769230769 628000
1695311124480 50.115384615384606 632000
1695311143152 50.425925925925924 636000
1695311161526 50.19230769230769 640000
1695311180117 50.355555555555554 644000
1695311198602 50.276923076923076 648000
1695311217016 50.3 652000
1695311235324 50.60384615384615 656000
1695311253726 50.3962962962963 660000
1695311272649 50.314814814814824 664000
1695311293320 49.96551724137932 668000
1695311312867 50.33571428571429 672000
1695311332590 50.11071428571428 676000
1695311352114 49.95714285714286 680000
1695311371370 50.12592592592592 684000
1695311391076 49.98571428571429 688000
1695311410786 49.989655172413805 692000
1695311430523 50.167857142857144 696000
1695311449867 49.922222222222224 700000
1695311469586 49.75357142857142 704000
1695311489000 50.00357142857142 708000
1695311507757 50.285185185185185 712000
1695311525295 50.175999999999995 716000
1695311545197 50.16071428571429 720000
1695311563438 49.76538461538461 724000
1695311580664 49.816 728000
1695311597913 49.97083333333334 732000
1695311614948 49.98799999999999 736000
1695311633149 50.228 740000
1695311651511 50.074074074074076 744000
1695311670664 50.411111111111104 748000
1695311688299 49.976000000000006 752000
1695311705528 49.983999999999995 756000
1695311723940 50.38461538461539 760000
1695311742190 49.815384615384616 764000
1695311760347 50.849999999999994 768000
1695311778444 51.111538461538466 772000
1695311796508 50.556000000000004 776000
1695311814079 49.848 780000
1695311831623 50.328 784000
