1695308366394 10.970833333333333 4000
1695308381981 11.354545454545455 8000
1695308398684 11.958333333333334 12000
1695308415492 12.541666666666666 16000
1695308433119 12.78 20000
1695308450632 12.56 24000
1695308467251 12.7125 28000
1695308484578 12.568 32000
1695308501531 13.116666666666667 36000
1695308517825 13.252173913043478 40000
1695308534353 13.058333333333335 44000
1695308550415 13.131818181818186 48000
1695308566559 13.291304347826088 52000
1695308582674 13.434782608695654 56000
1695308598952 13.645833333333334 60000
1695308614901 13.8 64000
1695308630961 13.882608695652175 68000
1695308646865 13.97826086956522 72000
1695308663027 14.147826086956526 76000
1695308679311 14.334782608695651 80000
1695308696655 14.444 84000
1695308714082 14.568 88000
1695308731365 14.737499999999997 92000
1695308748432 14.884 96000
1695308765546 15.041666666666666 100000
1695308782790 15.168 104000
1695308799776 15.316666666666668 108000
1695308816735 15.441666666666668 112000
1695308833811 15.608333333333334 116000
1695308850820 15.787999999999997 120000
1695308868048 15.920833333333334 124000
1695308885382 16.048 128000
1695308902933 16.204 132000
1695308920242 16.364 136000
1695308937674 16.474999999999998 140000
1695308955627 16.676923076923075 144000
1695308973233 16.84 148000
1695308991015 16.992 152000
1695309008069 17.14 156000
1695309025022 17.287499999999998 160000
1695309041888 17.425 164000
1695309058960 17.566666666666666 168000
1695309076362 17.712 172000
1695309093119 17.804166666666667 176000
1695309109807 17.958333333333332 180000
1695309126114 18.121739130434786 184000
1695309143055 18.320833333333333 188000
1695309161606 19.392592592592592 192000
1695309179113 19.208 196000
1695309196870 19.516 200000
1695309214124 19.799999999999997 204000
1695309232075 19.868000000000002 208000
1695309248789 20.03333333333333 212000
1695309265888 20.129166666666666 216000
1695309283790 20.23461538461538 220000
1695309301810 20.352 224000
1695309319343 20.528000000000002 228000
1695309336441 20.695999999999998 232000
1695309353431 20.854166666666668 236000
1695309370975 21.0 240000
1695309387757 21.14166666666667 244000
1695309404558 21.295833333333334 248000
1695309420979 21.43478260869566 252000
1695309437231 21.566666666666666 256000
1695309453735 21.734782608695642 260000
1695309470998 21.84 264000
1695309487906 21.995833333333334 268000
1695309504521 22.065217391304344 272000
1695309521828 22.244 276000
1695309538401 22.35833333333333 280000
1695309554835 22.526086956521734 284000
1695309571741 22.712499999999995 288000
1695309588323 22.84166666666667 292000
1695309604935 22.945833333333336 296000
1695309621194 23.13478260869565 300000
1695309637616 23.25217391304347 304000
1695309653967 23.391304347826093 308000
1695309670427 23.524999999999995 312000
1695309686907 23.59130434782609 316000
1695309703511 23.73333333333333 320000
1695309720117 23.925 324000
1695309736767 24.09130434782609 328000
1695309753482 24.2625 332000
1695309770651 24.428000000000008 336000
1695309788440 24.54 340000
1695309806290 24.711538461538456 344000
1695309823935 24.868000000000002 348000
1695309841532 24.976000000000003 352000
1695309859449 25.136000000000003 356000
1695309877047 25.276 360000
1695309895243 25.43461538461539 364000
1695309912913 25.556000000000004 368000
1695309930518 25.692307692307686 372000
1695309948107 25.831999999999997 376000
1695309965676 25.984 380000
1695309983356 26.123999999999995 384000
1695310001821 26.265384615384612 388000
1695310019156 26.436000000000003 392000
1695310037257 26.603846153846156 396000
1695310058507 26.729999999999997 400000
1695310080103 26.835483870967742 404000
1695310099839 26.96785714285715 408000
1695310120031 27.065517241379315 412000
1695310136657 27.23043478260869 416000
1695310153358 27.325 420000
1695310170857 27.464000000000002 424000
1695310189108 27.607692307692307 428000
1695310207448 27.74230769230769 432000
1695310225702 27.873076923076926 436000
1695310244123 28.000000000000004 440000
1695310262439 28.157692307692304 444000
1695310280708 28.292307692307695 448000
1695310299200 28.43461538461539 452000
1695310318044 28.607407407407404 456000
1695310336772 28.75185185185185 460000
1695310355274 28.87307692307692 464000
1695310373939 29.029629629629632 468000
1695310392690 29.176923076923075 472000
1695310411173 29.33703703703704 476000
1695310429601 29.473076923076924 480000
1695310448006 29.603846153846145 484000
1695310466447 29.77037037037037 488000
1695310485091 29.903846153846153 492000
1695310503568 30.06153846153847 496000
1695310521981 30.21111111111111 500000
1695310540692 30.373076923076926 504000
1695310559037 30.507407407407413 508000
1695310577722 30.657692307692304 512000
1695310596066 30.803846153846152 516000
1695310614665 30.940740740740747 520000
1695310633229 31.08076923076923 524000
1695310651714 31.229629629629628 528000
1695310670066 31.38461538461539 532000
1695310688423 31.538461538461544 536000
1695310706928 31.634615384615383 540000
1695310725459 31.78518518518518 544000
1695310744066 31.930769230769233 548000
1695310762467 32.08148148148148 552000
1695310780992 32.23846153846154 556000
1695310799236 32.34615384615385 560000
1695310818190 32.507407407407406 564000
1695310836128 32.62692307692307 568000
1695310852921 32.77391304347825 572000
1695310869717 32.90416666666666 576000
1695310886319 33.05416666666667 580000
1695310903023 33.21666666666667 584000
1695310919929 33.324999999999996 588000
1695310937719 33.508 592000
1695310956108 33.651851851851845 596000
1695310974827 33.76538461538462 600000
1695310993501 33.922222222222224 604000
1695311012335 34.06666666666667 608000
1695311030828 34.21923076923077 612000
1695311049167 34.26153846153846 616000
1695311068415 34.378571428571426 620000
1695311087392 34.54814814814816 624000
1695311106046 34.6576923076923 628000
1695311124480 34.82692307692308 632000
1695311143152 34.951851851851856 636000
1695311161526 35.06923076923077 640000
1695311180117 35.233333333333334 644000
1695311198602 35.38461538461538 648000
1695311217016 35.542307692307695 652000
1695311235325 35.661538461538456 656000
1695311253726 35.837037037037035 660000
1695311272649 35.955555555555556 664000
1695311293321 36.113793103448266 668000
1695311312867 36.24285714285714 672000
1695311332591 36.39642857142857 676000
1695311352114 36.52857142857143 680000
1695311371370 36.65925925925926 684000
1695311391077 36.839285714285715 688000
1695311410786 36.97241379310345 692000
1695311430523 37.14999999999999 696000
1695311449867 37.266666666666666 700000
1695311469586 37.41428571428571 704000
1695311489000 37.574999999999996 708000
1695311507757 37.785185185185185 712000
1695311525295 37.931999999999995 716000
1695311545197 38.07142857142858 720000
1695311563439 38.207692307692305 724000
1695311580664 38.367999999999995 728000
1695311597913 38.50833333333333 732000
1695311614948 38.647999999999996 736000
1695311633150 38.764 740000
1695311651512 38.91481481481481 744000
1695311670664 39.13703703703703 748000
1695311688299 39.29600000000001 752000
1695311705528 39.452 756000
1695311723941 39.926923076923075 760000
1695311742191 40.12692307692308 764000
1695311760347 40.24230769230769 768000
1695311778444 40.73846153846154 772000
1695311796508 41.012 776000
1695311814079 40.608 780000
1695311831623 40.983999999999995 784000
