1695308366417 1.0 4000
1695308382003 1.0 8000
1695308398707 1.0 12000
1695308415516 1.0 16000
1695308433141 1.0 20000
1695308450657 1.0 24000
1695308467274 1.0 28000
1695308484600 1.0 32000
1695308501555 1.0 36000
1695308517847 1.0 40000
1695308534374 1.0 44000
1695308550437 1.0 48000
1695308566582 1.0 52000
1695308582696 1.0 56000
1695308598974 1.0 60000
1695308614923 1.0 64000
1695308630983 1.0 68000
1695308646887 1.0 72000
1695308663049 1.0 76000
1695308679333 1.0 80000
1695308696677 1.0 84000
1695308714103 1.0 88000
1695308731387 1.0 92000
1695308748454 1.0 96000
1695308765568 1.0 100000
1695308782812 1.0 104000
1695308799799 1.0 108000
1695308816756 1.0 112000
1695308833833 1.0 116000
1695308850841 1.0 120000
1695308868070 1.0 124000
1695308885404 1.0 128000
1695308902955 1.0 132000
1695308920264 1.0 136000
1695308937696 1.0 140000
1695308955649 1.0 144000
1695308973255 1.0 148000
1695308991038 1.0 152000
1695309008091 1.0 156000
1695309025044 1.0 160000
1695309041911 1.0 164000
1695309058985 1.0 168000
1695309076384 1.0 172000
1695309093141 1.0 176000
1695309109831 1.0 180000
1695309126137 1.0 184000
1695309143076 1.0 188000
1695309161631 1.0 192000
1695309179135 1.0 196000
1695309196893 1.0 200000
1695309214147 1.0 204000
1695309232098 1.0 208000
1695309248812 1.0 212000
1695309265910 1.0 216000
1695309283813 1.0 220000
1695309301836 1.0 224000
1695309319365 1.0 228000
1695309336463 1.0 232000
1695309353454 1.0 236000
1695309370997 1.0 240000
1695309387779 1.0 244000
1695309404580 1.0 248000
1695309421002 1.0 252000
1695309437253 1.0 256000
1695309453758 1.0 260000
1695309471021 1.0 264000
1695309487929 1.0 268000
1695309504543 1.0 272000
1695309521851 1.0 276000
1695309538427 1.0 280000
1695309554857 1.0 284000
1695309571764 1.0 288000
1695309588347 1.0 292000
1695309604957 1.0 296000
1695309621217 1.0 300000
1695309637638 1.0 304000
1695309653989 1.0 308000
1695309670449 1.0 312000
1695309686929 1.0 316000
1695309703533 1.0 320000
1695309720139 1.0 324000
1695309736790 1.0 328000
1695309753504 1.0 332000
1695309770673 1.0 336000
1695309788462 1.0 340000
1695309806313 1.0 344000
1695309823957 1.0 348000
1695309841554 1.0 352000
1695309859471 1.0 356000
1695309877069 1.0 360000
1695309895265 1.0 364000
1695309912935 1.0 368000
1695309930540 1.0 372000
1695309948129 1.0 376000
1695309965699 1.0 380000
1695309983378 1.0 384000
1695310001843 1.0 388000
1695310019178 1.0 392000
1695310037279 1.0 396000
1695310058534 1.0 400000
1695310080132 1.0 404000
1695310099863 1.0 408000
1695310120054 1.0 412000
1695310136679 1.0 416000
1695310153383 1.0 420000
1695310170880 1.0 424000
1695310189132 1.0 428000
1695310207470 1.0 432000
1695310225726 1.0 436000
1695310244147 1.0 440000
1695310262462 1.0 444000
1695310280733 1.0 448000
1695310299223 1.0 452000
1695310318066 1.0 456000
1695310336795 1.0 460000
1695310355297 1.0 464000
1695310373962 1.0 468000
1695310392713 1.0 472000
1695310411196 1.0 476000
1695310429623 1.0 480000
1695310448029 1.0 484000
1695310466470 1.0 488000
1695310485116 1.0 492000
1695310503592 1.0 496000
1695310522005 1.0 500000
1695310540714 1.0 504000
1695310559060 1.0 508000
1695310577744 1.0 512000
1695310596090 1.0 516000
1695310614687 1.0 520000
1695310633252 1.0 524000
1695310651737 1.0 528000
1695310670089 1.0 532000
1695310688446 1.0 536000
1695310706951 1.0 540000
1695310725482 1.0 544000
1695310744089 1.0 548000
1695310762490 1.0 552000
1695310781015 1.0 556000
1695310799258 1.0 560000
1695310818213 1.0 564000
1695310836150 1.0 568000
1695310852943 1.0 572000
1695310869739 1.0 576000
1695310886342 1.0 580000
1695310903045 1.0 584000
1695310919951 1.0 588000
1695310937742 1.0 592000
1695310956131 1.0 596000
1695310974849 1.0 600000
1695310993524 1.0 604000
1695311012358 1.0 608000
1695311030852 1.0 612000
1695311049190 1.0 616000
1695311068438 1.0 620000
1695311087416 1.0 624000
1695311106070 1.0 628000
1695311124504 1.0 632000
1695311143175 1.0 636000
1695311161550 1.0 640000
1695311180141 1.0 644000
1695311198625 1.0 648000
1695311217039 1.0 652000
1695311235347 1.0 656000
1695311253749 1.0 660000
1695311272672 1.0 664000
1695311293344 1.0 668000
1695311312893 1.0 672000
1695311332613 1.0 676000
1695311352136 1.0 680000
1695311371393 1.0 684000
1695311391100 1.0 688000
1695311410809 1.0 692000
1695311430546 1.0 696000
1695311449891 1.0 700000
1695311469609 1.0 704000
1695311489023 1.0 708000
1695311507781 1.0 712000
1695311525319 1.0 716000
1695311545219 1.0 720000
1695311563461 1.0 724000
1695311580686 1.0 728000
1695311597937 1.0 732000
1695311614970 1.0 736000
1695311633172 1.0 740000
1695311651534 1.0 744000
1695311670686 1.0 748000
1695311688321 1.0 752000
1695311705550 1.0 756000
1695311723963 1.0 760000
1695311742216 1.0 764000
1695311760370 1.0 768000
1695311778467 1.0 772000
1695311796530 1.0 776000
1695311814101 1.0 780000
1695311831646 1.0 784000
