1695308366412 479.5 4000
1695308381999 479.5 8000
1695308398702 479.5 12000
1695308415511 479.5 16000
1695308433137 479.5 20000
1695308450652 479.5 24000
1695308467269 479.5 28000
1695308484596 479.5 32000
1695308501550 479.5 36000
1695308517843 479.5 40000
1695308534370 479.5 44000
1695308550432 479.5 48000
1695308566577 479.5 52000
1695308582691 479.5 56000
1695308598969 479.5 60000
1695308614918 479.5 64000
1695308630979 479.5 68000
1695308646882 479.5 72000
1695308663044 479.5 76000
1695308679328 479.5 80000
1695308696672 479.5 84000
1695308714099 479.5 88000
1695308731382 479.5 92000
1695308748449 479.5 96000
1695308765563 479.5 100000
1695308782807 479.5 104000
1695308799794 479.5 108000
1695308816752 479.5 112000
1695308833829 479.5 116000
1695308850836 479.5 120000
1695308868065 479.5 124000
1695308885399 479.5 128000
1695308902951 479.5 132000
1695308920259 479.5 136000
1695308937691 479.5 140000
1695308955644 479.5 144000
1695308973250 479.5 148000
1695308991033 479.5 152000
1695309008086 479.5 156000
1695309025040 479.5 160000
1695309041906 479.5 164000
1695309058979 479.5 168000
1695309076379 479.5 172000
1695309093136 479.5 176000
1695309109826 479.5 180000
1695309126132 479.5 184000
1695309143072 479.5 188000
1695309161625 479.5 192000
1695309179130 479.5 196000
1695309196888 479.5 200000
1695309214142 479.5 204000
1695309232093 479.5 208000
1695309248807 479.5 212000
1695309265905 479.5 216000
1695309283809 479.5 220000
1695309301831 479.5 224000
1695309319361 479.5 228000
1695309336459 479.5 232000
1695309353449 479.5 236000
1695309370992 479.5 240000
1695309387774 479.5 244000
1695309404575 479.5 248000
1695309420998 479.5 252000
1695309437248 479.5 256000
1695309453753 479.5 260000
1695309471017 479.5 264000
1695309487924 479.5 268000
1695309504538 479.5 272000
1695309521846 479.5 276000
1695309538422 479.5 280000
1695309554852 479.5 284000
1695309571759 479.5 288000
1695309588342 479.5 292000
1695309604953 479.5 296000
1695309621212 479.5 300000
1695309637633 479.5 304000
1695309653984 479.5 308000
1695309670444 479.5 312000
1695309686925 479.5 316000
1695309703528 479.5 320000
1695309720134 479.5 324000
1695309736785 479.5 328000
1695309753500 479.5 332000
1695309770669 479.5 336000
1695309788457 479.5 340000
1695309806308 479.5 344000
1695309823952 479.5 348000
1695309841549 479.5 352000
1695309859466 479.5 356000
1695309877064 479.5 360000
1695309895261 479.5 364000
1695309912930 479.5 368000
1695309930536 479.5 372000
1695309948124 479.5 376000
1695309965694 479.5 380000
1695309983373 479.5 384000
1695310001838 479.5 388000
1695310019174 479.5 392000
1695310037274 479.5 396000
1695310058528 479.5 400000
1695310080126 479.5 404000
1695310099858 479.5 408000
1695310120049 479.5 412000
1695310136674 479.5 416000
1695310153378 479.5 420000
1695310170875 479.5 424000
1695310189127 479.5 428000
1695310207465 479.5 432000
1695310225721 479.5 436000
1695310244142 479.5 440000
1695310262458 479.5 444000
1695310280728 479.5 448000
1695310299218 479.5 452000
1695310318061 479.5 456000
1695310336790 479.5 460000
1695310355292 479.5 464000
1695310373957 479.5 468000
1695310392708 479.5 472000
1695310411191 479.5 476000
1695310429618 479.5 480000
1695310448024 479.5 484000
1695310466465 479.5 488000
1695310485109 479.5 492000
1695310503587 479.5 496000
1695310522000 479.5 500000
1695310540710 479.5 504000
1695310559055 479.5 508000
1695310577739 479.5 512000
1695310596085 479.5 516000
1695310614682 479.5 520000
1695310633247 479.5 524000
1695310651732 479.5 528000
1695310670084 479.5 532000
1695310688441 479.5 536000
1695310706946 479.5 540000
1695310725477 479.5 544000
1695310744085 479.5 548000
1695310762485 479.5 552000
1695310781011 479.5 556000
1695310799253 479.5 560000
1695310818208 479.5 564000
1695310836145 479.5 568000
1695310852938 479.5 572000
1695310869735 479.5 576000
1695310886337 479.5 580000
1695310903041 479.5 584000
1695310919947 479.5 588000
1695310937737 479.5 592000
1695310956126 479.5 596000
1695310974844 479.5 600000
1695310993519 479.5 604000
1695311012353 479.5 608000
1695311030847 479.5 612000
1695311049185 479.5 616000
1695311068433 479.5 620000
1695311087411 479.5 624000
1695311106065 479.5 628000
1695311124499 479.5 632000
1695311143171 479.5 636000
1695311161545 479.5 640000
1695311180136 479.5 644000
1695311198620 479.5 648000
1695311217034 479.5 652000
1695311235342 479.5 656000
1695311253744 479.5 660000
1695311272667 479.5 664000
1695311293340 479.5 668000
1695311312887 479.5 672000
1695311332608 479.5 676000
1695311352132 479.5 680000
1695311371388 479.5 684000
1695311391095 479.5 688000
1695311410804 479.5 692000
1695311430541 479.5 696000
1695311449886 479.5 700000
1695311469604 479.5 704000
1695311489018 479.5 708000
1695311507776 479.5 712000
1695311525314 479.5 716000
1695311545215 479.5 720000
1695311563456 479.5 724000
1695311580682 479.5 728000
1695311597932 479.5 732000
1695311614965 479.5 736000
1695311633167 479.5 740000
1695311651529 479.5 744000
1695311670681 479.5 748000
1695311688316 479.5 752000
1695311705545 479.5 756000
1695311723958 479.5 760000
1695311742211 479.5 764000
1695311760365 479.5 768000
1695311778462 479.5 772000
1695311796526 479.5 776000
1695311814096 479.5 780000
1695311831641 479.5 784000
