1695308366412 480.5 4000
1695308381998 1440.5 8000
1695308398702 2400.5 12000
1695308415511 3360.5 16000
1695308433136 4320.5 20000
1695308450651 5280.5 24000
1695308467269 6240.5 28000
1695308484595 7200.5 32000
1695308501550 8160.5 36000
1695308517842 9120.5 40000
1695308534370 10080.5 44000
1695308550432 11040.5 48000
1695308566577 12000.5 52000
1695308582691 12960.5 56000
1695308598969 13920.5 60000
1695308614918 14880.5 64000
1695308630979 15840.5 68000
1695308646882 16800.5 72000
1695308663044 17760.5 76000
1695308679328 18720.5 80000
1695308696672 19680.5 84000
1695308714098 20640.5 88000
1695308731382 21600.5 92000
1695308748449 22560.5 96000
1695308765563 23520.5 100000
1695308782807 24480.5 104000
1695308799794 25440.5 108000
1695308816752 26400.5 112000
1695308833828 27360.5 116000
1695308850836 28320.5 120000
1695308868065 29280.5 124000
1695308885399 30240.5 128000
1695308902950 31200.5 132000
1695308920259 32160.5 136000
1695308937691 33120.5 140000
1695308955644 34080.5 144000
1695308973250 35040.5 148000
1695308991032 36000.5 152000
1695309008086 36960.5 156000
1695309025039 37920.5 160000
1695309041906 38880.5 164000
1695309058979 39840.5 168000
1695309076379 40800.5 172000
1695309093136 41760.5 176000
1695309109825 42720.5 180000
1695309126132 43680.5 184000
1695309143072 44640.5 188000
1695309161625 45600.5 192000
1695309179130 46560.5 196000
1695309196888 47520.5 200000
1695309214142 48480.5 204000
1695309232093 49440.5 208000
1695309248807 50400.5 212000
1695309265905 51360.5 216000
1695309283808 52320.5 220000
1695309301831 53280.5 224000
1695309319360 54240.5 228000
1695309336459 55200.5 232000
1695309353449 56160.5 236000
1695309370992 57120.5 240000
1695309387774 58080.5 244000
1695309404575 59040.5 248000
1695309420998 60000.5 252000
1695309437248 60960.5 256000
1695309453753 61920.5 260000
1695309471016 62880.5 264000
1695309487924 63840.5 268000
1695309504538 64800.5 272000
1695309521846 65760.5 276000
1695309538422 66720.5 280000
1695309554852 67680.5 284000
1695309571759 68640.5 288000
1695309588342 69600.5 292000
1695309604952 70560.5 296000
1695309621212 71520.5 300000
1695309637633 72480.5 304000
1695309653984 73440.5 308000
1695309670444 74400.5 312000
1695309686925 75360.5 316000
1695309703528 76320.5 320000
1695309720134 77280.5 324000
1695309736785 78240.5 328000
1695309753500 79200.5 332000
1695309770669 80160.5 336000
1695309788457 81120.5 340000
1695309806308 82080.5 344000
1695309823952 83040.5 348000
1695309841549 84000.5 352000
1695309859466 84960.5 356000
1695309877064 85920.5 360000
1695309895260 86880.5 364000
1695309912930 87840.5 368000
1695309930535 88800.5 372000
1695309948124 89760.5 376000
1695309965694 90720.5 380000
1695309983373 91680.5 384000
1695310001838 92640.5 388000
1695310019173 93600.5 392000
1695310037274 94560.5 396000
1695310058528 95520.5 400000
1695310080126 96480.5 404000
1695310099857 97440.5 408000
1695310120049 98400.5 412000
1695310136674 99360.5 416000
1695310153378 100320.5 420000
1695310170875 101280.5 424000
1695310189127 102240.5 428000
1695310207465 103200.5 432000
1695310225721 104160.5 436000
1695310244142 105120.5 440000
1695310262457 106080.5 444000
1695310280727 107040.5 448000
1695310299218 108000.5 452000
1695310318061 108960.5 456000
1695310336790 109920.5 460000
1695310355292 110880.5 464000
1695310373957 111840.5 468000
1695310392708 112800.5 472000
1695310411191 113760.5 476000
1695310429618 114720.5 480000
1695310448024 115680.5 484000
1695310466465 116640.5 488000
1695310485109 117600.5 492000
1695310503587 118560.5 496000
1695310522000 119520.5 500000
1695310540709 120480.5 504000
1695310559055 121440.5 508000
1695310577739 122400.5 512000
1695310596085 123360.5 516000
1695310614682 124320.5 520000
1695310633247 125280.5 524000
1695310651732 126240.5 528000
1695310670084 127200.5 532000
1695310688441 128160.5 536000
1695310706946 129120.5 540000
1695310725477 130080.5 544000
1695310744084 131040.5 548000
1695310762485 132000.5 552000
1695310781010 132960.5 556000
1695310799253 133920.5 560000
1695310818208 134880.5 564000
1695310836145 135840.5 568000
1695310852938 136800.5 572000
1695310869734 137760.5 576000
1695310886337 138720.5 580000
1695310903040 139680.5 584000
1695310919946 140640.5 588000
1695310937737 141600.5 592000
1695310956126 142560.5 596000
1695310974844 143520.5 600000
1695310993519 144480.5 604000
1695311012353 145440.5 608000
1695311030847 146400.5 612000
1695311049185 147360.5 616000
1695311068432 148320.5 620000
1695311087411 149280.5 624000
1695311106065 150240.5 628000
1695311124498 151200.5 632000
1695311143170 152160.5 636000
1695311161544 153120.5 640000
1695311180136 154080.5 644000
1695311198620 155040.5 648000
1695311217034 156000.5 652000
1695311235342 156960.5 656000
1695311253744 157920.5 660000
1695311272667 158880.5 664000
1695311293339 159840.5 668000
1695311312887 160800.5 672000
1695311332608 161760.5 676000
1695311352132 162720.5 680000
1695311371388 163680.5 684000
1695311391095 164640.5 688000
1695311410804 165600.5 692000
1695311430541 166560.5 696000
1695311449886 167520.5 700000
1695311469604 168480.5 704000
1695311489018 169440.5 708000
1695311507776 170400.5 712000
1695311525314 171360.5 716000
1695311545214 172320.5 720000
1695311563456 173280.5 724000
1695311580682 174240.5 728000
1695311597932 175200.5 732000
1695311614965 176160.5 736000
1695311633167 177120.5 740000
1695311651529 178080.5 744000
1695311670681 179040.5 748000
1695311688316 180000.5 752000
1695311705545 180960.5 756000
1695311723958 181920.5 760000
1695311742210 182880.5 764000
1695311760365 183840.5 768000
1695311778462 184800.5 772000
1695311796525 185760.5 776000
1695311814096 186720.5 780000
1695311831641 187680.5 784000
