1695308366403 8.0 4000
1695308381990 8.0 8000
1695308398693 8.0 12000
1695308415502 8.0 16000
1695308433128 8.0 20000
1695308450642 8.0 24000
1695308467260 8.0 28000
1695308484587 8.0 32000
1695308501541 8.0 36000
1695308517834 8.0 40000
1695308534361 8.0 44000
1695308550424 8.0 48000
1695308566568 8.0 52000
1695308582683 8.0 56000
1695308598961 8.0 60000
1695308614910 8.0 64000
1695308630970 8.0 68000
1695308646874 8.0 72000
1695308663035 8.0 76000
1695308679320 8.0 80000
1695308696664 8.0 84000
1695308714090 8.0 88000
1695308731374 8.0 92000
1695308748441 8.0 96000
1695308765555 8.0 100000
1695308782799 8.0 104000
1695308799785 8.0 108000
1695308816744 8.0 112000
1695308833820 8.0 116000
1695308850828 8.0 120000
1695308868057 8.0 124000
1695308885391 8.0 128000
1695308902942 8.0 132000
1695308920251 8.0 136000
1695308937683 8.0 140000
1695308955635 8.0 144000
1695308973242 8.0 148000
1695308991024 8.0 152000
1695309008078 8.0 156000
1695309025031 8.0 160000
1695309041897 8.0 164000
1695309058970 8.0 168000
1695309076370 8.0 172000
1695309093128 8.0 176000
1695309109817 8.0 180000
1695309126123 8.0 184000
1695309143063 8.0 188000
1695309161616 8.0 192000
1695309179122 8.0 196000
1695309196879 8.0 200000
1695309214133 8.0 204000
1695309232084 8.0 208000
1695309248798 8.0 212000
1695309265897 8.0 216000
1695309283799 8.0 220000
1695309301821 8.0 224000
1695309319352 8.0 228000
1695309336450 8.0 232000
1695309353440 8.0 236000
1695309370984 8.0 240000
1695309387765 8.0 244000
1695309404567 8.0 248000
1695309420988 8.0 252000
1695309437240 8.0 256000
1695309453744 8.0 260000
1695309471008 8.0 264000
1695309487915 8.0 268000
1695309504529 8.0 272000
1695309521838 8.0 276000
1695309538410 8.0 280000
1695309554844 8.0 284000
1695309571750 8.0 288000
1695309588333 8.0 292000
1695309604944 8.0 296000
1695309621203 8.0 300000
1695309637625 8.0 304000
1695309653976 8.0 308000
1695309670436 8.0 312000
1695309686916 8.0 316000
1695309703520 8.0 320000
1695309720126 8.0 324000
1695309736777 8.0 328000
1695309753491 8.0 332000
1695309770660 8.0 336000
1695309788449 8.0 340000
1695309806300 8.0 344000
1695309823944 8.0 348000
1695309841541 8.0 352000
1695309859457 8.0 356000
1695309877056 8.0 360000
1695309895252 8.0 364000
1695309912922 8.0 368000
1695309930527 8.0 372000
1695309948116 8.0 376000
1695309965685 8.0 380000
1695309983365 8.0 384000
1695310001830 8.0 388000
1695310019165 8.0 392000
1695310037265 8.0 396000
1695310058518 8.0 400000
1695310080113 8.0 404000
1695310099848 8.0 408000
1695310120040 8.0 412000
1695310136666 8.0 416000
1695310153368 8.0 420000
1695310170866 8.0 424000
1695310189118 8.0 428000
1695310207457 8.0 432000
1695310225711 8.0 436000
1695310244134 8.0 440000
1695310262449 8.0 444000
1695310280718 8.0 448000
1695310299209 8.0 452000
1695310318053 8.0 456000
1695310336781 8.0 460000
1695310355284 8.0 464000
1695310373948 8.0 468000
1695310392699 8.0 472000
1695310411182 8.0 476000
1695310429610 8.0 480000
1695310448015 8.0 484000
1695310466457 8.0 488000
1695310485100 8.0 492000
1695310503578 8.0 496000
1695310521991 8.0 500000
1695310540701 8.0 504000
1695310559046 8.0 508000
1695310577731 8.0 512000
1695310596076 8.0 516000
1695310614674 8.0 520000
1695310633238 8.0 524000
1695310651723 8.0 528000
1695310670075 8.0 532000
1695310688433 8.0 536000
1695310706937 8.0 540000
1695310725469 8.0 544000
1695310744076 8.0 548000
1695310762477 8.0 552000
1695310781001 8.0 556000
1695310799245 8.0 560000
1695310818199 8.0 564000
1695310836137 8.0 568000
1695310852930 8.0 572000
1695310869726 8.0 576000
1695310886328 8.0 580000
1695310903032 8.0 584000
1695310919938 8.0 588000
1695310937728 8.0 592000
1695310956117 8.0 596000
1695310974836 8.0 600000
1695310993510 8.0 604000
1695311012344 8.0 608000
1695311030838 8.0 612000
1695311049176 8.0 616000
1695311068424 8.0 620000
1695311087402 8.0 624000
1695311106056 8.0 628000
1695311124490 8.0 632000
1695311143162 8.0 636000
1695311161536 8.0 640000
1695311180127 8.0 644000
1695311198611 8.0 648000
1695311217025 8.0 652000
1695311235334 8.0 656000
1695311253735 8.0 660000
1695311272658 8.0 664000
1695311293330 8.0 668000
1695311312877 8.0 672000
1695311332600 8.0 676000
1695311352123 8.0 680000
1695311371379 8.0 684000
1695311391086 8.0 688000
1695311410795 8.0 692000
1695311430532 8.0 696000
1695311449877 8.0 700000
1695311469595 8.0 704000
1695311489010 8.0 708000
1695311507767 8.0 712000
1695311525305 8.0 716000
1695311545206 8.0 720000
1695311563448 8.0 724000
1695311580673 8.0 728000
1695311597923 8.0 732000
1695311614957 8.0 736000
1695311633159 8.0 740000
1695311651521 8.0 744000
1695311670673 8.0 748000
1695311688308 8.0 752000
1695311705537 8.0 756000
1695311723950 8.0 760000
1695311742200 8.0 764000
1695311760357 8.0 768000
1695311778453 8.0 772000
1695311796517 8.0 776000
1695311814088 8.0 780000
1695311831632 8.0 784000
