1695308366362 0.0 4000
1695308381949 0.0 8000
1695308398650 0.0 12000
1695308415459 0.0 16000
1695308433088 0.0 20000
1695308450597 0.0 24000
1695308467218 0.0 28000
1695308484548 0.0 32000
1695308501499 0.0 36000
1695308517794 0.0 40000
1695308534322 0.0 44000
1695308550384 0.0 48000
1695308566529 0.0 52000
1695308582643 0.0 56000
1695308598922 0.0 60000
1695308614871 0.0 64000
1695308630931 0.0 68000
1695308646834 0.0 72000
1695308662996 0.0 76000
1695308679280 0.0 80000
1695308696625 0.0 84000
1695308714052 0.0 88000
1695308731335 0.0 92000
1695308748399 0.0 96000
1695308765515 0.0 100000
1695308782761 0.0 104000
1695308799744 0.0 108000
1695308816706 0.0 112000
1695308833781 0.0 116000
1695308850790 0.0 120000
1695308868019 0.0 124000
1695308885352 0.0 128000
1695308902902 0.0 132000
1695308920211 0.0 136000
1695308937643 0.0 140000
1695308955594 0.0 144000
1695308973202 0.0 148000
1695308990983 0.0 152000
1695309008039 0.0 156000
1695309024991 0.0 160000
1695309041857 0.0 164000
1695309058927 0.0 168000
1695309076331 0.0 172000
1695309093090 0.0 176000
1695309109776 0.0 180000
1695309126083 0.0 184000
1695309143024 0.0 188000
1695309161572 0.0 192000
1695309179082 0.0 196000
1695309196839 0.0 200000
1695309214092 0.0 204000
1695309232044 0.0 208000
1695309248755 0.0 212000
1695309265858 0.0 216000
1695309283756 0.0 220000
1695309301774 0.0 224000
1695309319311 0.0 228000
1695309336411 0.0 232000
1695309353398 0.0 236000
1695309370945 0.0 240000
1695309387725 0.0 244000
1695309404528 0.0 248000
1695309420948 0.0 252000
1695309437200 0.0 256000
1695309453704 0.0 260000
1695309470968 0.0 264000
1695309487874 0.0 268000
1695309504491 0.0 272000
1695309521797 0.0 276000
1695309538368 0.0 280000
1695309554804 0.0 284000
1695309571711 0.0 288000
1695309588289 0.0 292000
1695309604905 0.0 296000
1695309621163 0.0 300000
1695309637585 0.0 304000
1695309653936 0.0 308000
1695309670397 0.0 312000
1695309686876 0.0 316000
1695309703480 0.0 320000
1695309720086 0.0 324000
1695309736737 0.0 328000
1695309753452 0.0 332000
1695309770620 0.0 336000
1695309788410 0.0 340000
1695309806260 0.0 344000
1695309823904 0.0 348000
1695309841501 0.0 352000
1695309859419 0.0 356000
1695309877017 0.0 360000
1695309895212 0.0 364000
1695309912882 0.0 368000
1695309930488 0.0 372000
1695309948076 0.0 376000
1695309965645 0.0 380000
1695309983327 0.0 384000
1695310001791 0.0 388000
1695310019125 0.0 392000
1695310037227 0.0 396000
1695310058470 0.0 400000
1695310080067 0.0 404000
1695310099806 0.0 408000
1695310120000 0.0 412000
1695310136627 0.0 416000
1695310153328 0.0 420000
1695310170827 0.0 424000
1695310189074 0.0 428000
1695310207417 0.0 432000
1695310225669 0.0 436000
1695310244093 0.0 440000
1695310262406 0.0 444000
1695310280673 0.0 448000
1695310299166 0.0 452000
1695310318013 0.0 456000
1695310336741 0.0 460000
1695310355243 0.0 464000
1695310373909 0.0 468000
1695310392658 0.0 472000
1695310411142 0.0 476000
1695310429571 0.0 480000
1695310447973 0.0 484000
1695310466417 0.0 488000
1695310485055 0.0 492000
1695310503538 0.0 496000
1695310521948 0.0 500000
1695310540661 0.0 504000
1695310559003 0.0 508000
1695310577691 0.0 512000
1695310596033 0.0 516000
1695310614634 0.0 520000
1695310633196 0.0 524000
1695310651683 0.0 528000
1695310670035 0.0 532000
1695310688391 0.0 536000
1695310706894 0.0 540000
1695310725428 0.0 544000
1695310744033 0.0 548000
1695310762429 0.0 552000
1695310780958 0.0 556000
1695310799205 0.0 560000
1695310818159 0.0 564000
1695310836097 0.0 568000
1695310852890 0.0 572000
1695310869686 0.0 576000
1695310886287 0.0 580000
1695310902993 0.0 584000
1695310919899 0.0 588000
1695310937688 0.0 592000
1695310956075 0.0 596000
1695310974796 0.0 600000
1695310993467 0.0 604000
1695311012304 0.0 608000
1695311030795 0.0 612000
1695311049136 0.0 616000
1695311068383 0.0 620000
1695311087360 0.0 624000
1695311106013 0.0 628000
1695311124448 0.0 632000
1695311143118 0.0 636000
1695311161494 0.0 640000
1695311180083 0.0 644000
1695311198571 0.0 648000
1695311216982 0.0 652000
1695311235293 0.0 656000
1695311253691 0.0 660000
1695311272617 0.0 664000
1695311293287 0.0 668000
1695311312835 0.0 672000
1695311332559 0.0 676000
1695311352083 0.0 680000
1695311371336 0.0 684000
1695311391045 0.0 688000
1695311410754 0.0 692000
1695311430491 0.0 696000
1695311449834 0.0 700000
1695311469553 0.0 704000
1695311488969 0.0 708000
1695311507726 0.0 712000
1695311525264 0.0 716000
1695311545167 0.0 720000
1695311563408 0.0 724000
1695311580634 0.0 728000
1695311597879 0.0 732000
1695311614918 0.0 736000
1695311633118 0.0 740000
1695311651481 0.0 744000
1695311670634 0.0 748000
1695311688269 0.0 752000
1695311705497 0.0 756000
1695311723910 0.0 760000
1695311742155 0.0 764000
1695311760316 0.0 768000
1695311778413 0.0 772000
1695311796476 0.0 776000
1695311814048 0.0 780000
1695311831593 0.0 784000
