1695308366362 0.0 4000
1695308381949 0.03333333333333333 8000
1695308398650 0.019230769230769232 12000
1695308415459 0.02857142857142857 16000
1695308433088 0.020833333333333332 20000
1695308450597 0.02 24000
1695308467218 0.01 28000
1695308484548 0.01 32000
1695308501499 0.0 36000
1695308517794 0.0 40000
1695308534322 0.0 44000
1695308550384 0.0 48000
1695308566528 0.0 52000
1695308582642 0.0 56000
1695308598921 0.0 60000
1695308614871 0.0 64000
1695308630931 0.0 68000
1695308646834 0.0 72000
1695308662996 0.0 76000
1695308679280 0.0 80000
1695308696625 0.0 84000
1695308714051 0.0 88000
1695308731335 0.0 92000
1695308748399 0.0 96000
1695308765515 0.0 100000
1695308782760 0.0 104000
1695308799744 0.0 108000
1695308816706 0.0 112000
1695308833781 0.0 116000
1695308850789 0.01 120000
1695308868018 0.0 124000
1695308885352 0.0 128000
1695308902902 0.0 132000
1695308920211 0.0 136000
1695308937642 0.0 140000
1695308955594 0.0 144000
1695308973202 0.0 148000
1695308990983 0.0 152000
1695309008039 0.0 156000
1695309024991 0.0 160000
1695309041856 0.0 164000
1695309058927 0.0 168000
1695309076331 0.0 172000
1695309093090 0.0 176000
1695309109776 0.0 180000
1695309126083 0.0 184000
1695309143024 0.00625 188000
1695309161572 0.0 192000
1695309179082 0.005434782608695652 196000
1695309196839 0.0 200000
1695309214092 0.0 204000
1695309232044 0.0 208000
1695309248755 0.005813953488372093 212000
1695309265858 0.006896551724137931 216000
1695309283756 0.0 220000
1695309301773 0.018404907975460124 224000
1695309319311 0.012578616352201259 228000
1695309336411 0.012048192771084338 232000
1695309353398 0.007633587786259542 236000
1695309370945 0.02040816326530612 240000
1695309387725 0.021621621621621623 244000
1695309404528 0.0440251572327044 248000
1695309420948 0.016216216216216217 252000
1695309437200 0.04516129032258064 256000
1695309453704 0.041025641025641026 260000
1695309470967 0.054455445544554455 264000
1695309487874 0.06790123456790123 268000
1695309504490 0.047619047619047616 272000
1695309521797 0.06403940886699508 276000
1695309538368 0.06878306878306878 280000
1695309554804 0.07027027027027027 284000
1695309571710 0.04046242774566474 288000
1695309588289 0.07179487179487179 292000
1695309604905 0.07526881720430108 296000
1695309621163 0.07926829268292683 300000
1695309637585 0.06880733944954129 304000
1695309653935 0.0972972972972973 308000
1695309670397 0.060109289617486336 312000
1695309686876 0.06629834254143646 316000
1695309703480 0.05913978494623656 320000
1695309720086 0.09036144578313253 324000
1695309736737 0.105 328000
1695309753452 0.09424083769633508 332000
1695309770620 0.10497237569060773 336000
1695309788410 0.08866995073891626 340000
1695309806260 0.10426540284360189 344000
1695309823904 0.06467661691542288 348000
1695309841501 0.08108108108108109 352000
1695309859419 0.08629441624365482 356000
1695309877017 0.12834224598930483 360000
1695309895212 0.11483253588516747 364000
1695309912882 0.09392265193370165 368000
1695309930488 0.16463414634146342 372000
1695309948076 0.1377551020408163 376000
1695309965645 0.12637362637362637 380000
1695309983326 0.1657142857142857 384000
1695310001791 0.1751412429378531 388000
1695310019125 0.16756756756756758 392000
1695310037227 0.20526315789473684 396000
1695310058470 0.17412935323383086 400000
1695310080067 0.19004524886877827 404000
1695310099806 0.215962441314554 408000
1695310119999 0.19230769230769232 412000
1695310136627 0.1724137931034483 416000
1695310153327 0.23809523809523808 420000
1695310170826 0.2 424000
1695310189074 0.1782608695652174 428000
1695310207417 0.16363636363636364 432000
1695310225668 0.20952380952380953 436000
1695310244093 0.1743119266055046 440000
1695310262406 0.16591928251121077 444000
1695310280673 0.22897196261682243 448000
1695310299166 0.19665271966527198 452000
1695310318012 0.21658986175115208 456000
1695310336741 0.25806451612903225 460000
1695310355243 0.2554112554112554 464000
1695310373908 0.20179372197309417 468000
1695310392658 0.2636363636363636 472000
1695310411142 0.19911504424778761 476000
1695310429570 0.23580786026200873 480000
1695310447973 0.25339366515837103 484000
1695310466416 0.26956521739130435 488000
1695310485055 0.2603305785123967 492000
1695310503537 0.2288135593220339 496000
1695310521948 0.3039647577092511 500000
1695310540661 0.3093220338983051 504000
1695310559003 0.3051643192488263 508000
1695310577691 0.3183856502242152 512000
1695310596033 0.2170212765957447 516000
1695310614634 0.2764976958525346 520000
1695310633196 0.32158590308370044 524000
1695310651682 0.34649122807017546 528000
1695310670035 0.3024390243902439 532000
1695310688391 0.33183856502242154 536000
1695310706893 0.35555555555555557 540000
1695310725428 0.2886178861788618 544000
1695310744032 0.3053097345132743 548000
1695310762429 0.29515418502202645 552000
1695310780958 0.3242009132420091 556000
1695310799205 0.26851851851851855 560000
1695310818159 0.3013698630136986 564000
1695310836097 0.2754237288135593 568000
1695310852890 0.3568281938325991 572000
1695310869686 0.27631578947368424 576000
1695310886287 0.2838427947598253 580000
1695310902993 0.32407407407407407 584000
1695310919899 0.3652173913043478 588000
1695310937688 0.3157894736842105 592000
1695310956075 0.2821576763485477 596000
1695310974796 0.3141592920353982 600000
1695310993467 0.3522267206477733 604000
1695311012303 0.34274193548387094 608000
1695311030795 0.3293172690763052 612000
1695311049135 0.36099585062240663 616000
1695311068383 0.43037974683544306 620000
1695311087360 0.36981132075471695 624000
1695311106012 0.37398373983739835 628000
1695311124448 0.31645569620253167 632000
1695311143118 0.32456140350877194 636000
1695311161494 0.31877729257641924 640000
1695311180083 0.3662551440329218 644000
1695311198571 0.39591836734693875 648000
1695311216982 0.36363636363636365 652000
1695311235293 0.3135593220338983 656000
1695311253691 0.3617021276595745 660000
1695311272617 0.4067796610169492 664000
1695311293287 0.40816326530612246 668000
1695311312834 0.4256198347107438 672000
1695311332559 0.3902439024390244 676000
1695311352083 0.45701357466063347 680000
1695311371336 0.34146341463414637 684000
1695311391045 0.3407079646017699 688000
1695311410754 0.36947791164658633 692000
1695311430491 0.40425531914893614 696000
1695311449834 0.33796296296296297 700000
1695311469553 0.3723849372384937 704000
1695311488969 0.4087301587301587 708000
1695311507726 0.3983050847457627 712000
1695311525264 0.375 716000
1695311545166 0.4063745019920319 720000
1695311563407 0.3492063492063492 724000
1695311580633 0.38524590163934425 728000
1695311597879 0.3875 732000
1695311614917 0.44313725490196076 736000
1695311633118 0.3744493392070485 740000
1695311651481 0.3508771929824561 744000
1695311670633 0.38247011952191234 748000
1695311688268 0.388646288209607 752000
1695311705496 0.31718061674008813 756000
1695311723909 0.3537117903930131 760000
1695311742155 0.33064516129032256 764000
1695311760316 0.35802469135802467 768000
1695311778412 0.3093220338983051 772000
1695311796476 0.31555555555555553 776000
1695311814048 0.351931330472103 780000
1695311831593 0.36466165413533835 784000
