1695308366363 0.0 4000
1695308381950 0.0 8000
1695308398651 0.0 12000
1695308415459 0.0 16000
1695308433089 0.0 20000
1695308450598 0.0 24000
1695308467219 0.0 28000
1695308484548 0.0 32000
1695308501500 0.0 36000
1695308517795 0.0 40000
1695308534323 0.0 44000
1695308550385 0.0 48000
1695308566529 0.0 52000
1695308582643 0.0 56000
1695308598922 0.0 60000
1695308614872 0.0 64000
1695308630932 0.0 68000
1695308646835 0.0 72000
1695308662997 0.0 76000
1695308679281 0.0 80000
1695308696626 0.0 84000
1695308714052 0.0 88000
1695308731336 0.0 92000
1695308748400 0.0 96000
1695308765516 0.0 100000
1695308782761 0.0 104000
1695308799744 0.0 108000
1695308816707 0.0 112000
1695308833782 0.0 116000
1695308850790 0.0 120000
1695308868019 0.0 124000
1695308885353 0.0 128000
1695308902903 0.0 132000
1695308920212 0.0 136000
1695308937643 0.0 140000
1695308955595 0.0 144000
1695308973203 0.0 148000
1695308990983 0.0 152000
1695309008039 0.0 156000
1695309024992 0.0 160000
1695309041857 0.0 164000
1695309058928 0.0 168000
1695309076332 0.0 172000
1695309093090 0.0 176000
1695309109777 0.0 180000
1695309126084 0.0 184000
1695309143025 0.0 188000
1695309161573 0.0 192000
1695309179083 0.0 196000
1695309196840 0.0 200000
1695309214093 0.0 204000
1695309232044 0.0 208000
1695309248756 0.0 212000
1695309265858 0.0 216000
1695309283757 0.0 220000
1695309301774 0.0 224000
1695309319312 0.0 228000
1695309336412 0.0 232000
1695309353399 0.0 236000
1695309370945 0.0 240000
1695309387726 0.0 244000
1695309404528 0.0 248000
1695309420948 0.0 252000
1695309437201 0.0 256000
1695309453705 0.0 260000
1695309470968 0.0 264000
1695309487875 0.0 268000
1695309504491 0.0 272000
1695309521798 0.0 276000
1695309538369 0.0 280000
1695309554804 0.0 284000
1695309571711 0.0 288000
1695309588290 0.0 292000
1695309604906 0.0 296000
1695309621164 0.0 300000
1695309637586 0.0 304000
1695309653936 0.0 308000
1695309670398 0.0 312000
1695309686877 0.0 316000
1695309703480 0.0 320000
1695309720087 0.0 324000
1695309736737 0.0 328000
1695309753453 0.0 332000
1695309770621 0.0 336000
1695309788410 0.0 340000
1695309806260 0.0 344000
1695309823905 0.0 348000
1695309841502 0.0 352000
1695309859420 0.0 356000
1695309877017 0.0 360000
1695309895212 0.0 364000
1695309912883 0.0 368000
1695309930488 0.0 372000
1695309948076 0.0 376000
1695309965645 0.0 380000
1695309983327 0.0 384000
1695310001792 0.0 388000
1695310019126 0.0 392000
1695310037228 0.0 396000
1695310058471 0.0 400000
1695310080068 0.0 404000
1695310099807 0.0 408000
1695310120000 0.0 412000
1695310136628 0.0 416000
1695310153328 0.0 420000
1695310170827 0.0 424000
1695310189075 0.0 428000
1695310207418 0.0 432000
1695310225669 0.0 436000
1695310244093 0.0 440000
1695310262407 0.0 444000
1695310280674 0.0 448000
1695310299166 0.0 452000
1695310318013 0.0 456000
1695310336742 0.0 460000
1695310355244 0.0 464000
1695310373909 0.0 468000
1695310392658 0.0 472000
1695310411143 0.0 476000
1695310429571 0.0 480000
1695310447974 0.0 484000
1695310466417 0.0 488000
1695310485056 0.0 492000
1695310503538 0.0 496000
1695310521949 0.0 500000
1695310540661 0.0 504000
1695310559004 0.0 508000
1695310577692 0.0 512000
1695310596034 0.0 516000
1695310614635 0.0 520000
1695310633197 0.0 524000
1695310651683 0.0 528000
1695310670036 0.0 532000
1695310688391 0.0 536000
1695310706894 0.0 540000
1695310725429 0.0 544000
1695310744033 0.0 548000
1695310762429 0.0 552000
1695310780959 0.0 556000
1695310799206 0.0 560000
1695310818159 0.0 564000
1695310836098 0.0 568000
1695310852891 0.0 572000
1695310869686 0.0 576000
1695310886288 0.0 580000
1695310902994 0.0 584000
1695310919899 0.0 588000
1695310937689 0.0 592000
1695310956075 0.0 596000
1695310974797 0.0 600000
1695310993468 0.0 604000
1695311012304 0.0 608000
1695311030796 0.0 612000
1695311049136 0.0 616000
1695311068384 0.0 620000
1695311087360 0.0 624000
1695311106013 0.0 628000
1695311124449 0.0 632000
1695311143119 0.0 636000
1695311161494 0.0 640000
1695311180084 0.0 644000
1695311198572 0.0 648000
1695311216982 0.0 652000
1695311235294 0.0 656000
1695311253692 0.0 660000
1695311272618 0.0 664000
1695311293288 0.0 668000
1695311312835 0.0 672000
1695311332560 0.0 676000
1695311352084 0.0 680000
1695311371337 0.0 684000
1695311391046 0.0 688000
1695311410754 0.0 692000
1695311430492 0.0 696000
1695311449835 0.0 700000
1695311469554 0.0 704000
1695311488970 0.0 708000
1695311507727 0.0 712000
1695311525264 0.0 716000
1695311545167 0.0 720000
1695311563408 0.0 724000
1695311580634 0.0 728000
1695311597880 0.0 732000
1695311614918 0.0 736000
1695311633119 0.0 740000
1695311651482 0.0 744000
1695311670634 0.0 748000
1695311688269 0.0 752000
1695311705497 0.0 756000
1695311723910 0.0 760000
1695311742156 0.0 764000
1695311760317 0.0 768000
1695311778413 0.0 772000
1695311796477 0.0 776000
1695311814049 0.0 780000
1695311831593 0.0 784000
