1695308366364 1.0 4000
1695308381951 1.0 8000
1695308398652 1.0 12000
1695308415461 1.0 16000
1695308433090 1.0 20000
1695308450599 1.0 24000
1695308467220 1.0 28000
1695308484549 1.0 32000
1695308501501 1.0 36000
1695308517796 1.0 40000
1695308534324 1.0 44000
1695308550386 1.0 48000
1695308566530 1.0 52000
1695308582644 1.0 56000
1695308598923 1.0 60000
1695308614873 1.0 64000
1695308630933 1.0 68000
1695308646836 1.0 72000
1695308662998 1.0 76000
1695308679282 1.0 80000
1695308696627 1.0 84000
1695308714053 1.0 88000
1695308731337 1.0 92000
1695308748401 1.0 96000
1695308765517 1.0 100000
1695308782763 1.0 104000
1695308799746 1.0 108000
1695308816708 1.0 112000
1695308833783 1.0 116000
1695308850791 1.0 120000
1695308868020 1.0 124000
1695308885354 1.0 128000
1695308902904 1.0 132000
1695308920213 1.0 136000
1695308937645 1.0 140000
1695308955596 1.0 144000
1695308973204 1.0 148000
1695308990985 1.0 152000
1695309008041 1.0 156000
1695309024993 1.0 160000
1695309041859 1.0 164000
1695309058929 1.0 168000
1695309076333 1.0 172000
1695309093092 1.0 176000
1695309109778 1.0 180000
1695309126085 1.0 184000
1695309143026 1.0 188000
1695309161574 1.0 192000
1695309179084 1.0 196000
1695309196841 1.0 200000
1695309214094 1.0 204000
1695309232046 1.0 208000
1695309248757 1.0 212000
1695309265860 1.0 216000
1695309283758 1.0 220000
1695309301776 1.0 224000
1695309319313 1.0 228000
1695309336413 1.0 232000
1695309353400 1.0 236000
1695309370947 1.0 240000
1695309387727 1.0 244000
1695309404530 1.0 248000
1695309420950 1.0 252000
1695309437202 1.0 256000
1695309453706 1.0 260000
1695309470969 1.0 264000
1695309487876 1.0 268000
1695309504493 1.0 272000
1695309521799 1.0 276000
1695309538370 1.0 280000
1695309554806 1.0 284000
1695309571712 1.0 288000
1695309588291 1.0 292000
1695309604907 1.0 296000
1695309621165 1.0 300000
1695309637587 1.0 304000
1695309653938 1.0 308000
1695309670399 1.0 312000
1695309686878 1.0 316000
1695309703482 1.0 320000
1695309720088 1.0 324000
1695309736739 1.0 328000
1695309753454 1.0 332000
1695309770622 1.0 336000
1695309788412 1.0 340000
1695309806262 1.0 344000
1695309823906 1.0 348000
1695309841503 1.0 352000
1695309859421 1.0 356000
1695309877019 1.0 360000
1695309895214 1.0 364000
1695309912884 1.0 368000
1695309930490 1.0 372000
1695309948078 1.0 376000
1695309965647 1.0 380000
1695309983328 1.0 384000
1695310001793 1.0 388000
1695310019127 1.0 392000
1695310037229 1.0 396000
1695310058473 1.0 400000
1695310080070 1.0 404000
1695310099808 1.0 408000
1695310120002 1.0 412000
1695310136630 1.0 416000
1695310153329 1.0 420000
1695310170829 1.0 424000
1695310189076 1.0 428000
1695310207419 1.0 432000
1695310225671 1.0 436000
1695310244095 1.0 440000
1695310262408 1.0 444000
1695310280675 1.0 448000
1695310299168 1.0 452000
1695310318015 1.0 456000
1695310336743 1.0 460000
1695310355245 1.0 464000
1695310373910 1.0 468000
1695310392660 1.0 472000
1695310411144 1.0 476000
1695310429572 1.0 480000
1695310447975 1.0 484000
1695310466418 1.0 488000
1695310485058 1.0 492000
1695310503540 1.0 496000
1695310521950 1.0 500000
1695310540663 1.0 504000
1695310559005 1.0 508000
1695310577693 1.0 512000
1695310596035 1.0 516000
1695310614636 1.0 520000
1695310633198 1.0 524000
1695310651684 1.0 528000
1695310670037 1.0 532000
1695310688393 1.0 536000
1695310706896 1.0 540000
1695310725430 1.0 544000
1695310744035 1.0 548000
1695310762431 1.0 552000
1695310780960 1.0 556000
1695310799207 1.0 560000
1695310818161 1.0 564000
1695310836099 1.0 568000
1695310852892 1.0 572000
1695310869688 1.0 576000
1695310886289 1.0 580000
1695310902995 1.0 584000
1695310919901 1.0 588000
1695310937690 1.0 592000
1695310956077 1.0 596000
1695310974798 1.0 600000
1695310993469 1.0 604000
1695311012305 1.0 608000
1695311030797 1.0 612000
1695311049138 1.0 616000
1695311068385 1.0 620000
1695311087362 1.0 624000
1695311106015 1.0 628000
1695311124451 1.0 632000
1695311143120 1.0 636000
1695311161496 1.0 640000
1695311180085 1.0 644000
1695311198573 1.0 648000
1695311216984 1.0 652000
1695311235295 1.0 656000
1695311253693 1.0 660000
1695311272619 1.0 664000
1695311293289 1.0 668000
1695311312837 1.0 672000
1695311332561 1.0 676000
1695311352085 1.0 680000
1695311371339 1.0 684000
1695311391047 1.0 688000
1695311410756 1.0 692000
1695311430493 1.0 696000
1695311449836 1.0 700000
1695311469555 1.0 704000
1695311488971 1.0 708000
1695311507728 1.0 712000
1695311525266 1.0 716000
1695311545168 1.0 720000
1695311563409 1.0 724000
1695311580635 1.0 728000
1695311597881 1.0 732000
1695311614920 1.0 736000
1695311633121 1.0 740000
1695311651483 1.0 744000
1695311670635 1.0 748000
1695311688271 1.0 752000
1695311705499 1.0 756000
1695311723912 1.0 760000
1695311742157 1.0 764000
1695311760318 1.0 768000
1695311778415 1.0 772000
1695311796478 1.0 776000
1695311814050 1.0 780000
1695311831595 1.0 784000
