1695308366373 743.243 4000
1695308381960 767.238 8000
1695308398661 759.18 12000
1695308415470 764.898 16000
1695308433099 760.953 20000
1695308450609 759.319 24000
1695308467229 758.736 28000
1695308484558 759.771 32000
1695308501510 760.896 36000
1695308517805 763.787 40000
1695308534332 765.398 44000
1695308550395 765.126 48000
1695308566539 767.314 52000
1695308582653 769.918 56000
1695308598932 771.824 60000
1695308614881 776.216 64000
1695308630941 780.58 68000
1695308646845 782.419 72000
1695308663006 782.711 76000
1695308679290 779.868 80000
1695308696635 771.864 84000
1695308714062 767.172 88000
1695308731345 765.39 92000
1695308748410 761.098 96000
1695308765526 759.694 100000
1695308782771 755.817 104000
1695308799755 753.795 108000
1695308816716 752.633 112000
1695308833791 752.047 116000
1695308850800 752.57 120000
1695308868029 760.493 124000
1695308885362 760.544 128000
1695308902913 758.303 132000
1695308920222 757.549 136000
1695308937653 757.308 140000
1695308955606 751.274 144000
1695308973213 749.042 148000
1695308990993 744.762 152000
1695309008049 737.591 156000
1695309025002 737.07 160000
1695309041868 734.122 164000
1695309058938 731.274 168000
1695309076341 729.291 172000
1695309093100 730.586 176000
1695309109787 733.802 180000
1695309126094 740.317 184000
1695309143035 738.273 188000
1695309161584 733.295 192000
1695309179093 739.892 196000
1695309196850 737.513 200000
1695309214103 741.282 204000
1695309232054 733.521 208000
1695309248767 738.067 212000
1695309265868 735.545 216000
1695309283768 723.783 220000
1695309301786 717.926 224000
1695309319322 720.648 228000
1695309336421 727.331 232000
1695309353409 723.189 236000
1695309370955 726.113 240000
1695309387736 726.962 244000
1695309404538 738.053 248000
1695309420959 739.813 252000
1695309437211 742.02 256000
1695309453715 751.55 260000
1695309470978 749.015 264000
1695309487885 748.958 268000
1695309504501 751.941 272000
1695309521808 749.463 276000
1695309538379 746.085 280000
1695309554814 745.977 284000
1695309571721 746.709 288000
1695309588301 745.126 292000
1695309604915 744.63 296000
1695309621174 746.556 300000
1695309637596 756.234 304000
1695309653947 757.966 308000
1695309670407 756.942 312000
1695309686887 764.534 316000
1695309703490 768.11 320000
1695309720097 767.04 324000
1695309736747 768.109 328000
1695309753462 769.074 332000
1695309770631 762.55 336000
1695309788420 759.847 340000
1695309806270 756.018 344000
1695309823914 753.1 348000
1695309841512 752.072 352000
1695309859429 748.57 356000
1695309877027 746.99 360000
1695309895222 743.533 364000
1695309912893 741.6 368000
1695309930498 740.368 372000
1695309948086 746.586 376000
1695309965655 748.179 380000
1695309983337 750.228 384000
1695310001801 745.361 388000
1695310019136 746.634 392000
1695310037237 746.163 396000
1695310058483 724.653 400000
1695310080079 713.074 404000
1695310099817 702.885 408000
1695310120010 694.687 412000
1695310136638 694.717 416000
1695310153338 694.177 420000
1695310170837 687.302 424000
1695310189086 685.888 428000
1695310207428 677.133 432000
1695310225680 672.512 436000
1695310244103 685.057 440000
1695310262417 691.634 444000
1695310280684 695.375 448000
1695310299178 696.431 452000
1695310318023 683.316 456000
1695310336752 675.452 460000
1695310355254 675.371 464000
1695310373919 673.807 468000
1695310392668 674.367 472000
1695310411153 673.835 476000
1695310429581 673.947 480000
1695310447984 673.505 484000
1695310466427 673.186 488000
1695310485067 670.353 492000
1695310503548 674.391 496000
1695310521959 675.148 500000
1695310540671 674.352 504000
1695310559014 674.409 508000
1695310577702 672.454 512000
1695310596044 673.903 516000
1695310614645 672.433 520000
1695310633207 671.229 524000
1695310651693 670.46 528000
1695310670046 673.036 532000
1695310688401 674.396 536000
1695310706905 674.767 540000
1695310725439 675.374 544000
1695310744044 675.396 548000
1695310762439 677.734 552000
1695310780970 677.177 556000
1695310799216 678.585 560000
1695310818169 676.566 564000
1695310836107 684.317 568000
1695310852901 692.714 572000
1695310869696 700.354 576000
1695310886298 707.964 580000
1695310903003 717.047 584000
1695310919909 727.152 588000
1695310937699 725.801 592000
1695310956086 726.325 596000
1695310974807 725.481 600000
1695310993478 726.517 604000
1695311012314 717.987 608000
1695311030806 707.956 612000
1695311049146 700.094 616000
1695311068394 687.016 620000
1695311087371 676.237 624000
1695311106024 666.827 628000
1695311124459 667.079 632000
1695311143130 665.918 636000
1695311161505 666.295 640000
1695311180094 668.615 644000
1695311198582 668.394 648000
1695311216994 670.562 652000
1695311235304 670.847 656000
1695311253703 676.291 660000
1695311272628 675.615 664000
1695311293298 671.925 668000
1695311312845 669.131 672000
1695311332570 664.614 676000
1695311352094 659.831 680000
1695311371348 656.029 684000
1695311391056 652.338 688000
1695311410765 646.36 692000
1695311430502 642.01 696000
1695311449845 639.104 700000
1695311469564 636.363 704000
1695311488979 639.854 708000
1695311507737 643.333 712000
1695311525274 651.431 716000
1695311545177 650.13 720000
1695311563418 656.721 724000
1695311580644 665.521 728000
1695311597890 674.829 732000
1695311614928 684.454 736000
1695311633129 689.021 740000
1695311651491 699.185 744000
1695311670644 699.402 748000
1695311688279 701.888 752000
1695311705507 699.576 756000
1695311723920 711.254 760000
1695311742166 707.96 764000
1695311760327 703.998 768000
1695311778423 703.004 772000
1695311796487 699.214 776000
1695311814059 702.085 780000
1695311831603 700.937 784000
