1695308366373 5381.818 4000
1695308381959 5213.505 8000
1695308398661 5268.844 12000
1695308415470 5229.456 16000
1695308433099 5256.564 20000
1695308450609 5267.877 24000
1695308467229 5271.926 28000
1695308484558 5264.741 32000
1695308501510 5256.957 36000
1695308517804 5237.06 40000
1695308534332 5226.039 44000
1695308550395 5227.896 48000
1695308566538 5212.993 52000
1695308582653 5195.356 56000
1695308598931 5182.53 60000
1695308614881 5153.207 64000
1695308630941 5124.397 68000
1695308646844 5112.35 72000
1695308663006 5110.443 76000
1695308679290 5129.072 80000
1695308696635 5182.259 84000
1695308714062 5213.954 88000
1695308731345 5226.092 92000
1695308748409 5255.564 96000
1695308765526 5265.277 100000
1695308782770 5292.284 104000
1695308799755 5306.483 108000
1695308816716 5314.673 112000
1695308833791 5318.814 116000
1695308850800 5315.119 120000
1695308868029 5259.747 124000
1695308885362 5259.392 128000
1695308902913 5274.934 132000
1695308920221 5280.188 136000
1695308937653 5281.864 140000
1695308955605 5324.292 144000
1695308973212 5340.153 148000
1695308990993 5370.844 152000
1695309008049 5423.062 156000
1695309025001 5426.891 160000
1695309041867 5448.686 164000
1695309058938 5469.908 168000
1695309076341 5484.777 172000
1695309093100 5475.06 176000
1695309109786 5451.064 180000
1695309126093 5403.094 184000
1695309143034 5418.05 188000
1695309161584 5454.83 192000
1695309179093 5406.195 196000
1695309196850 5423.636 200000
1695309214103 5396.06 204000
1695309232054 5453.148 208000
1695309248766 5419.563 212000
1695309265868 5438.141 216000
1695309283767 5526.517 220000
1695309301786 5571.604 224000
1695309319322 5550.563 228000
1695309336421 5499.559 232000
1695309353409 5531.057 236000
1695309370955 5508.784 240000
1695309387735 5502.35 244000
1695309404538 5419.666 248000
1695309420958 5406.772 252000
1695309437210 5390.689 256000
1695309453715 5322.336 260000
1695309470977 5340.346 264000
1695309487885 5340.755 268000
1695309504501 5319.57 272000
1695309521808 5337.151 276000
1695309538378 5361.316 280000
1695309554814 5362.095 284000
1695309571721 5356.84 288000
1695309588301 5368.219 292000
1695309604915 5371.792 296000
1695309621173 5357.934 300000
1695309637595 5289.366 304000
1695309653946 5277.283 308000
1695309670407 5284.421 312000
1695309686886 5231.947 316000
1695309703490 5207.59 320000
1695309720097 5214.849 324000
1695309736747 5207.597 328000
1695309753462 5201.06 332000
1695309770631 5245.555 336000
1695309788420 5264.215 340000
1695309806270 5290.877 344000
1695309823914 5311.379 348000
1695309841511 5318.639 352000
1695309859429 5343.518 356000
1695309877027 5354.823 360000
1695309895222 5379.718 364000
1695309912893 5393.744 368000
1695309930498 5402.722 372000
1695309948086 5357.72 376000
1695309965655 5346.313 380000
1695309983337 5331.713 384000
1695310001801 5366.525 388000
1695310019135 5357.376 392000
1695310037237 5360.756 396000
1695310058482 5519.884 400000
1695310080079 5609.516 404000
1695310099817 5690.832 408000
1695310120010 5757.986 412000
1695310136637 5757.742 416000
1695310153338 5762.216 420000
1695310170837 5819.858 424000
1695310189085 5831.859 428000
1695310207428 5907.26 432000
1695310225680 5947.851 436000
1695310244103 5838.927 440000
1695310262417 5783.403 444000
1695310280684 5752.293 448000
1695310299177 5743.57 452000
1695310318023 5853.803 456000
1695310336751 5921.957 460000
1695310355253 5922.674 464000
1695310373919 5936.417 468000
1695310392668 5931.486 472000
1695310411152 5936.17 476000
1695310429581 5935.186 480000
1695310447984 5939.082 484000
1695310466427 5941.894 488000
1695310485067 5967.007 492000
1695310503548 5931.281 496000
1695310521959 5924.624 500000
1695310540671 5931.617 504000
1695310559014 5931.121 508000
1695310577702 5948.359 512000
1695310596044 5935.569 516000
1695310614644 5948.551 520000
1695310633207 5959.216 524000
1695310651693 5966.051 528000
1695310670045 5943.217 532000
1695310688401 5931.237 536000
1695310706905 5927.974 540000
1695310725439 5922.649 544000
1695310744044 5922.45 548000
1695310762439 5902.023 552000
1695310780969 5906.873 556000
1695310799215 5894.616 560000
1695310818169 5912.21 564000
1695310836107 5845.244 568000
1695310852900 5774.39 572000
1695310869696 5711.401 576000
1695310886297 5650.008 580000
1695310903003 5578.434 584000
1695310919909 5500.911 588000
1695310937698 5511.15 592000
1695310956086 5507.178 596000
1695310974807 5513.583 600000
1695310993478 5505.719 604000
1695311012313 5571.131 608000
1695311030806 5650.067 612000
1695311049146 5713.522 616000
1695311068394 5822.28 620000
1695311087370 5915.088 624000
1695311106023 5998.556 628000
1695311124459 5996.288 632000
1695311143129 6006.748 636000
1695311161505 6003.343 640000
1695311180094 5982.519 644000
1695311198581 5984.498 648000
1695311216993 5965.15 652000
1695311235304 5962.61 656000
1695311253703 5914.613 660000
1695311272628 5920.531 664000
1695311293298 5953.041 668000
1695311312845 5977.899 672000
1695311332570 6018.527 676000
1695311352094 6062.16 680000
1695311371348 6097.292 684000
1695311391056 6131.788 688000
1695311410764 6188.499 692000
1695311430502 6230.432 696000
1695311449845 6258.758 700000
1695311469564 6285.717 704000
1695311488979 6251.426 708000
1695311507736 6217.618 712000
1695311525274 6140.324 716000
1695311545177 6152.62 720000
1695311563418 6090.864 724000
1695311580644 6010.324 728000
1695311597890 5927.426 732000
1695311614928 5844.077 736000
1695311633129 5805.337 740000
1695311651491 5720.948 744000
1695311670644 5719.168 748000
1695311688279 5698.917 752000
1695311705507 5717.751 756000
1695311723920 5623.873 760000
1695311742166 5650.039 764000
1695311760326 5681.836 768000
1695311778423 5689.872 772000
1695311796487 5720.709 776000
1695311814058 5697.319 780000
1695311831603 5706.65 784000
