1695308366373 11166.181 4000
1695308381959 10785.88 8000
1695308398661 10916.108 12000
1695308415470 11074.278 16000
1695308433099 11281.521 20000
1695308450608 11407.434 24000
1695308467229 11373.759 28000
1695308484557 11448.379 32000
1695308501509 11466.792 36000
1695308517804 11428.676 40000
1695308534332 11422.782 44000
1695308550395 11467.68 48000
1695308566538 11426.997 52000
1695308582653 11375.4 56000
1695308598931 11254.348 60000
1695308614881 11128.129 64000
1695308630941 11101.594 68000
1695308646844 10970.807 72000
1695308663006 10893.411 76000
1695308679290 10873.92 80000
1695308696635 10901.574 84000
1695308714061 11005.923 88000
1695308731345 11107.886 92000
1695308748409 11173.479 96000
1695308765525 11246.86 100000
1695308782770 11349.031 104000
1695308799754 11426.252 108000
1695308816716 11523.511 112000
1695308833791 11610.831 116000
1695308850800 11687.247 120000
1695308868028 11731.47 124000
1695308885362 11722.517 128000
1695308902912 11733.114 132000
1695308920221 11751.771 136000
1695308937653 11781.86 140000
1695308955605 11809.487 144000
1695308973212 11855.95 148000
1695308990993 11906.332 152000
1695309008049 11851.35 156000
1695309025001 11841.102 160000
1695309041867 11780.255 164000
1695309058938 11730.548 168000
1695309076341 11699.679 172000
1695309093099 11654.26 176000
1695309109786 11603.031 180000
1695309126093 11485.642 184000
1695309143034 11404.155 188000
1695309161583 11443.231 192000
1695309179092 11535.641 196000
1695309196849 11598.199 200000
1695309214103 11665.165 204000
1695309232054 11696.944 208000
1695309248766 11660.881 212000
1695309265868 11676.028 216000
1695309283767 11707.803 220000
1695309301785 11830.72 224000
1695309319322 11909.104 228000
1695309336421 11816.013 232000
1695309353409 11733.037 236000
1695309370954 11732.764 240000
1695309387735 11692.053 244000
1695309404537 11659.956 248000
1695309420958 11644.007 252000
1695309437210 11574.58 256000
1695309453714 11503.67 260000
1695309470977 11412.748 264000
1695309487884 11350.444 268000
1695309504500 11322.762 272000
1695309521807 11337.008 276000
1695309538378 11214.788 280000
1695309554814 11178.381 284000
1695309571721 11193.736 288000
1695309588300 11198.087 292000
1695309604915 11230.511 296000
1695309621173 11219.322 300000
1695309637595 11203.736 304000
1695309653946 11159.891 308000
1695309670407 11137.529 312000
1695309686886 11106.87 316000
1695309703490 11135.727 320000
1695309720096 11146.09 324000
1695309736747 11127.098 328000
1695309753462 11146.653 332000
1695309770630 11157.369 336000
1695309788420 11291.876 340000
1695309806270 11407.392 344000
1695309823914 11515.893 348000
1695309841511 11621.427 352000
1695309859429 11739.951 356000
1695309877027 11827.472 360000
1695309895222 11961.335 364000
1695309912892 12049.525 368000
1695309930498 12129.559 372000
1695309948086 12215.991 376000
1695309965655 12204.707 380000
1695309983336 12202.461 384000
1695310001801 12249.833 388000
1695310019135 12232.736 392000
1695310037237 12247.974 396000
1695310058482 12450.006 400000
1695310080079 12696.7 404000
1695310099817 12818.751 408000
1695310120010 13008.648 412000
1695310136637 12912.641 416000
1695310153337 12821.07 420000
1695310170837 12744.582 424000
1695310189085 12709.557 428000
1695310207427 12733.985 432000
1695310225680 12707.187 436000
1695310244103 12535.98 440000
1695310262417 12265.405 444000
1695310280683 12150.65 448000
1695310299177 11988.223 452000
1695310318023 12098.939 456000
1695310336751 12233.081 460000
1695310355253 12332.105 464000
1695310373918 12359.679 468000
1695310392668 12404.25 472000
1695310411152 12422.202 476000
1695310429580 12423.832 480000
1695310447984 12428.654 484000
1695310466426 12443.524 488000
1695310485066 12433.228 492000
1695310503548 12431.611 496000
1695310521959 12405.353 500000
1695310540671 12418.762 504000
1695310559014 12386.929 508000
1695310577701 12363.636 512000
1695310596044 12362.171 516000
1695310614644 12365.83 520000
1695310633207 12370.698 524000
1695310651692 12367.586 528000
1695310670045 12362.768 532000
1695310688401 12362.519 536000
1695310706905 12374.413 540000
1695310725439 12361.627 544000
1695310744043 12387.481 548000
1695310762439 12378.237 552000
1695310780969 12390.542 556000
1695310799215 12367.3 560000
1695310818169 12389.157 564000
1695310836107 12401.747 568000
1695310852900 12316.659 572000
1695310869696 12223.687 576000
1695310886297 12096.062 580000
1695310903003 11985.27 584000
1695310919909 11893.409 588000
1695310937698 11823.181 592000
1695310956086 11813.587 596000
1695310974806 11854.184 600000
1695310993478 11832.897 604000
1695311012313 11856.253 608000
1695311030806 11945.657 612000
1695311049146 12035.39 616000
1695311068394 12190.323 620000
1695311087370 12322.621 624000
1695311106023 12412.27 628000
1695311124459 12476.48 632000
1695311143129 12493.432 636000
1695311161504 12461.254 640000
1695311180094 12473.183 644000
1695311198581 12436.3 648000
1695311216993 12447.874 652000
1695311235304 12447.736 656000
1695311253703 12409.388 660000
1695311272627 12398.804 664000
1695311293298 12567.955 668000
1695311312845 12654.53 672000
1695311332570 12718.348 676000
1695311352093 12789.649 680000
1695311371347 12820.612 684000
1695311391056 12906.924 688000
1695311410764 12979.382 692000
1695311430501 13079.164 696000
1695311449845 13144.318 700000
1695311469564 13196.178 704000
1695311488979 13104.492 708000
1695311507736 13059.808 712000
1695311525274 12919.966 716000
1695311545176 12944.52 720000
1695311563417 12905.809 724000
1695311580643 12739.785 728000
1695311597890 12575.379 732000
1695311614927 12389.078 736000
1695311633129 12315.397 740000
1695311651491 12264.946 744000
1695311670643 12241.746 748000
1695311688279 12150.605 752000
1695311705507 12100.291 756000
1695311723920 12046.624 760000
1695311742166 12016.894 764000
1695311760326 12076.401 768000
1695311778423 12153.769 772000
1695311796487 12225.5 776000
1695311814058 12185.808 780000
1695311831602 12094.584 784000
