1695308366373 22.431 4000
1695308381960 22.11 8000
1695308398662 23.293 12000
1695308415470 23.637 16000
1695308433099 24.069 20000
1695308450609 24.504 24000
1695308467229 24.48 28000
1695308484558 24.536 32000
1695308501510 24.569 36000
1695308517805 24.488 40000
1695308534333 24.418 44000
1695308550395 24.606 48000
1695308566539 24.405 52000
1695308582653 24.323 56000
1695308598932 23.958 60000
1695308614882 23.674 64000
1695308630942 23.687 68000
1695308646845 23.549 72000
1695308663006 23.463 76000
1695308679291 23.585 80000
1695308696636 23.915 84000
1695308714062 24.028 88000
1695308731346 23.863 92000
1695308748410 23.896 96000
1695308765526 24.054 100000
1695308782771 24.018 104000
1695308799755 24.452 108000
1695308816716 24.577 112000
1695308833792 24.557 116000
1695308850800 24.437 120000
1695308868029 24.233 124000
1695308885362 24.159 128000
1695308902913 24.313 132000
1695308920222 24.377 136000
1695308937654 24.179 140000
1695308955606 24.353 144000
1695308973213 23.898 148000
1695308990993 24.139 152000
1695309008049 23.926 156000
1695309025002 23.932 160000
1695309041868 25.045 164000
1695309058939 25.42 168000
1695309076341 25.235 172000
1695309093100 25.109 176000
1695309109787 25.339 180000
1695309126094 25.21 184000
1695309143035 25.017 188000
1695309161584 24.846 192000
1695309179093 25.198 196000
1695309196850 25.369 200000
1695309214103 24.531 204000
1695309232055 24.159 208000
1695309248767 24.449 212000
1695309265868 24.257 216000
1695309283768 24.349 220000
1695309301786 25.09 224000
1695309319322 25.346 228000
1695309336421 25.042 232000
1695309353410 25.016 236000
1695309370955 24.898 240000
1695309387736 24.945 244000
1695309404538 24.947 248000
1695309420959 24.91 252000
1695309437211 25.159 256000
1695309453715 24.878 260000
1695309470978 24.226 264000
1695309487885 24.257 268000
1695309504501 24.418 272000
1695309521808 24.109 276000
1695309538379 24.652 280000
1695309554815 24.388 284000
1695309571721 24.368 288000
1695309588301 24.32 292000
1695309604916 24.129 296000
1695309621174 24.377 300000
1695309637596 24.291 304000
1695309653947 24.15 308000
1695309670407 23.962 312000
1695309686887 24.194 316000
1695309703490 23.646 320000
1695309720097 23.606 324000
1695309736747 23.628 328000
1695309753462 23.715 332000
1695309770631 23.963 336000
1695309788420 23.751 340000
1695309806270 23.851 344000
1695309823914 23.91 348000
1695309841512 24.13 352000
1695309859429 24.134 356000
1695309877027 24.193 360000
1695309895222 24.328 364000
1695309912893 24.149 368000
1695309930499 24.253 372000
1695309948086 24.27 376000
1695309965655 24.419 380000
1695309983337 24.377 384000
1695310001801 24.436 388000
1695310019136 24.395 392000
1695310037237 24.121 396000
1695310058483 25.826 400000
1695310080080 26.162 404000
1695310099818 26.614 408000
1695310120011 26.55 412000
1695310136638 26.506 416000
1695310153338 26.549 420000
1695310170837 26.606 424000
1695310189086 26.8 428000
1695310207428 26.767 432000
1695310225680 27.185 436000
1695310244103 25.589 440000
1695310262417 25.406 444000
1695310280684 25.516 448000
1695310299178 25.616 452000
1695310318023 25.758 456000
1695310336752 25.659 460000
1695310355254 25.797 464000
1695310373919 25.803 468000
1695310392669 26.153 472000
1695310411153 25.948 476000
1695310429581 26.028 480000
1695310447985 26.109 484000
1695310466427 25.855 488000
1695310485067 25.778 492000
1695310503548 25.87 496000
1695310521960 26.116 500000
1695310540671 26.015 504000
1695310559014 26.026 508000
1695310577702 25.904 512000
1695310596045 26.13 516000
1695310614645 26.156 520000
1695310633207 26.106 524000
1695310651693 26.257 528000
1695310670046 26.126 532000
1695310688402 26.091 536000
1695310706905 26.123 540000
1695310725439 26.151 544000
1695310744044 26.122 548000
1695310762439 26.189 552000
1695310780970 26.268 556000
1695310799216 26.204 560000
1695310818169 26.025 564000
1695310836108 25.816 568000
1695310852901 25.844 572000
1695310869697 25.648 576000
1695310886298 25.464 580000
1695310903004 25.393 584000
1695310919909 25.158 588000
1695310937699 24.897 592000
1695310956086 24.818 596000
1695310974807 24.826 600000
1695310993478 25.072 604000
1695311012314 25.267 608000
1695311030807 25.52 612000
1695311049146 25.712 616000
1695311068394 25.676 620000
1695311087371 26.158 624000
1695311106024 26.453 628000
1695311124459 27.445 632000
1695311143130 27.528 636000
1695311161505 27.556 640000
1695311180095 27.513 644000
1695311198582 27.268 648000
1695311216994 27.274 652000
1695311235304 27.193 656000
1695311253703 27.413 660000
1695311272628 27.093 664000
1695311293298 27.078 668000
1695311312845 26.505 672000
1695311332570 26.685 676000
1695311352094 27.047 680000
1695311371348 27.095 684000
1695311391056 27.429 688000
1695311410765 27.433 692000
1695311430502 27.799 696000
1695311449845 28.099 700000
1695311469565 28.274 704000
1695311488980 28.26 708000
1695311507737 28.142 712000
1695311525274 27.752 716000
1695311545177 27.811 720000
1695311563418 27.669 724000
1695311580644 27.333 728000
1695311597891 27.369 732000
1695311614928 26.924 736000
1695311633130 26.451 740000
1695311651492 26.234 744000
1695311670644 25.832 748000
1695311688279 25.569 752000
1695311705507 25.706 756000
1695311723920 25.236 760000
1695311742167 26.044 764000
1695311760327 26.216 768000
1695311778423 26.386 772000
1695311796487 26.427 776000
1695311814059 26.422 780000
1695311831603 26.261 784000
