1695308366372 16571.6 4000
1695308381959 16022.544 8000
1695308398661 16209.263 12000
1695308415470 16328.37 16000
1695308433098 16563.17 20000
1695308450608 16700.879 24000
1695308467228 16671.23 28000
1695308484557 16738.731 32000
1695308501509 16749.393 36000
1695308517804 16691.293 40000
1695308534332 16674.286 44000
1695308550395 16721.23 48000
1695308566538 16665.452 52000
1695308582652 16596.137 56000
1695308598931 16461.88 60000
1695308614881 16306.021 64000
1695308630941 16250.679 68000
1695308646844 16107.689 72000
1695308663006 16028.295 76000
1695308679290 16027.556 80000
1695308696635 16108.739 84000
1695308714061 16244.898 88000
1695308731345 16358.819 92000
1695308748409 16453.948 96000
1695308765525 16537.206 100000
1695308782770 16666.353 104000
1695308799754 16758.219 108000
1695308816715 16863.799 112000
1695308833791 16955.234 116000
1695308850799 17027.827 120000
1695308868028 17016.457 124000
1695308885362 17007.074 128000
1695308902912 17033.366 132000
1695308920221 17057.306 136000
1695308937653 17088.867 140000
1695308955605 17159.094 144000
1695308973212 17220.95 148000
1695308990992 17302.305 152000
1695309008048 17299.327 156000
1695309025001 17292.915 160000
1695309041867 17255.012 164000
1695309058938 17226.918 168000
1695309076341 17210.741 172000
1695309093099 17155.496 176000
1695309109786 17080.505 180000
1695309126093 16915.01 184000
1695309143034 16848.28 188000
1695309161583 16923.927 192000
1695309179092 16968.082 196000
1695309196849 17048.26 200000
1695309214102 17086.791 204000
1695309232054 17175.277 208000
1695309248766 17105.931 212000
1695309265867 17139.45 216000
1695309283767 17259.698 220000
1695309301785 17428.471 224000
1695309319321 17486.081 228000
1695309336421 17341.674 232000
1695309353409 17290.144 236000
1695309370954 17267.474 240000
1695309387735 17220.372 244000
1695309404537 17105.59 248000
1695309420958 17076.688 252000
1695309437210 16991.424 256000
1695309453714 16851.88 260000
1695309470977 16778.288 264000
1695309487884 16716.431 268000
1695309504500 16667.721 272000
1695309521807 16699.248 276000
1695309538378 16601.747 280000
1695309554814 16565.846 284000
1695309571720 16575.923 288000
1695309588300 16591.61 292000
1695309604915 16627.418 296000
1695309621173 16602.617 300000
1695309637595 16518.38 304000
1695309653946 16462.3 308000
1695309670407 16446.887 312000
1695309686886 16363.974 316000
1695309703490 16367.915 320000
1695309720096 16385.502 324000
1695309736746 16359.28 328000
1695309753462 16372.39 332000
1695309770630 16427.856 336000
1695309788419 16580.812 340000
1695309806270 16723.099 344000
1695309823913 16852.163 348000
1695309841511 16965.183 352000
1695309859429 17108.594 356000
1695309877026 17207.487 360000
1695309895221 17366.38 364000
1695309912892 17468.42 368000
1695309930498 17557.535 372000
1695309948086 17598.983 376000
1695309965655 17576.435 380000
1695309983336 17559.533 384000
1695310001801 17641.78 388000
1695310019135 17615.496 392000
1695310037237 17633.833 396000
1695310058482 17996.721 400000
1695310080079 18333.403 404000
1695310099817 18537.23 408000
1695310120010 18794.216 412000
1695310136637 18697.918 416000
1695310153337 18610.867 420000
1695310170836 18592.092 424000
1695310189085 18569.266 428000
1695310207427 18669.063 432000
1695310225679 18683.294 436000
1695310244102 18401.541 440000
1695310262416 18075.253 444000
1695310280683 17929.503 448000
1695310299177 17758.461 452000
1695310318023 17979.555 456000
1695310336751 18181.758 460000
1695310355253 18281.641 464000
1695310373918 18322.971 468000
1695310392668 18362.966 472000
1695310411152 18385.391 476000
1695310429580 18386.123 480000
1695310447984 18394.918 484000
1695310466426 18412.35 488000
1695310485066 18427.071 492000
1695310503547 18389.827 496000
1695310521959 18357.16 500000
1695310540671 18377.454 504000
1695310559013 18345.13 508000
1695310577701 18338.956 512000
1695310596044 18324.926 516000
1695310614644 18341.596 520000
1695310633206 18357.088 524000
1695310651692 18360.966 528000
1695310670045 18333.198 532000
1695310688401 18320.936 536000
1695310706904 18329.608 540000
1695310725438 18311.534 544000
1695310744043 18337.17 548000
1695310762438 18307.558 552000
1695310780969 18324.789 556000
1695310799215 18289.218 560000
1695310818168 18328.48 564000
1695310836107 18273.87 568000
1695310852900 18117.954 572000
1695310869696 17961.785 576000
1695310886297 17772.565 580000
1695310903003 17590.121 584000
1695310919908 17420.488 588000
1695310937698 17360.248 592000
1695310956085 17346.615 596000
1695310974806 17393.632 600000
1695310993477 17364.732 604000
1695311012313 17453.71 608000
1695311030806 17622.307 612000
1695311049146 17775.703 616000
1695311068393 18039.372 620000
1695311087370 18264.97 624000
1695311106023 18438.39 628000
1695311124458 18501.336 632000
1695311143129 18528.822 636000
1695311161504 18493.267 640000
1695311180094 18484.335 644000
1695311198581 18449.179 648000
1695311216993 18441.418 652000
1695311235303 18438.648 656000
1695311253702 18352.518 660000
1695311272627 18347.529 664000
1695311293297 18549.186 668000
1695311312845 18660.027 672000
1695311332569 18764.685 676000
1695311352093 18879.995 680000
1695311371347 18946.133 684000
1695311391055 19067.299 688000
1695311410764 19196.472 692000
1695311430501 19338.566 696000
1695311449844 19432.352 700000
1695311469564 19511.348 704000
1695311488979 19385.34 708000
1695311507736 19306.722 712000
1695311525274 19089.16 716000
1695311545176 19126.056 720000
1695311563417 19025.436 724000
1695311580643 18778.507 728000
1695311597890 18531.237 732000
1695311614927 18261.137 736000
1695311633129 18148.228 740000
1695311651491 18013.163 744000
1695311670643 17987.776 748000
1695311688279 17876.116 752000
1695311705507 17844.774 756000
1695311723919 17696.749 760000
1695311742166 17694.013 764000
1695311760326 17785.494 768000
1695311778423 17871.074 772000
1695311796486 17973.672 776000
1695311814058 17910.596 780000
1695311831602 17828.537 784000
