1695308366405 0.0 4000
1695308381992 0.0 8000
1695308398695 0.0 12000
1695308415504 0.0 16000
1695308433130 0.0 20000
1695308450644 0.0 24000
1695308467262 0.0 28000
1695308484589 0.0 32000
1695308501542 0.0 36000
1695308517836 0.0 40000
1695308534363 0.0 44000
1695308550425 0.0 48000
1695308566570 0.0 52000
1695308582684 0.0 56000
1695308598962 0.0 60000
1695308614912 0.0 64000
1695308630972 0.0 68000
1695308646876 0.0 72000
1695308663037 0.0 76000
1695308679321 0.0 80000
1695308696665 0.0 84000
1695308714092 0.0 88000
1695308731375 0.0 92000
1695308748442 0.0 96000
1695308765557 0.0 100000
1695308782801 0.0 104000
1695308799787 0.0 108000
1695308816746 0.0 112000
1695308833821 0.0 116000
1695308850830 0.0 120000
1695308868058 0.0 124000
1695308885392 0.0 128000
1695308902944 0.0 132000
1695308920252 0.0 136000
1695308937684 0.0 140000
1695308955637 0.0 144000
1695308973244 0.0 148000
1695308991026 0.0 152000
1695309008080 0.0 156000
1695309025033 0.0 160000
1695309041899 0.0 164000
1695309058972 0.0 168000
1695309076372 0.0 172000
1695309093130 0.0 176000
1695309109818 0.0 180000
1695309126125 0.0 184000
1695309143065 0.0 188000
1695309161618 0.0 192000
1695309179123 0.0 196000
1695309196881 0.0 200000
1695309214135 0.0 204000
1695309232086 0.0 208000
1695309248800 0.0 212000
1695309265899 0.0 216000
1695309283801 0.0 220000
1695309301823 0.0 224000
1695309319354 0.0 228000
1695309336452 0.0 232000
1695309353442 0.0 236000
1695309370985 0.0 240000
1695309387767 0.0 244000
1695309404568 0.0 248000
1695309420991 0.0 252000
1695309437241 0.0 256000
1695309453746 0.0 260000
1695309471010 0.0 264000
1695309487917 0.0 268000
1695309504531 0.0 272000
1695309521839 0.0 276000
1695309538412 0.0 280000
1695309554845 0.0 284000
1695309571752 0.0 288000
1695309588335 0.0 292000
1695309604946 0.0 296000
1695309621205 0.0 300000
1695309637626 0.0 304000
1695309653978 0.0 308000
1695309670438 0.0 312000
1695309686918 0.0 316000
1695309703521 0.0 320000
1695309720128 0.0 324000
1695309736778 0.0 328000
1695309753493 0.0 332000
1695309770662 0.0 336000
1695309788451 0.0 340000
1695309806301 0.0 344000
1695309823945 0.0 348000
1695309841543 0.0 352000
1695309859459 0.0 356000
1695309877057 0.0 360000
1695309895254 0.0 364000
1695309912924 0.0 368000
1695309930529 0.0 372000
1695309948118 0.0 376000
1695309965687 0.0 380000
1695309983367 0.0 384000
1695310001832 0.0 388000
1695310019167 0.0 392000
1695310037267 0.0 396000
1695310058520 0.0 400000
1695310080115 0.0 404000
1695310099850 0.0 408000
1695310120042 0.0 412000
1695310136668 0.0 416000
1695310153370 0.0 420000
1695310170868 0.0 424000
1695310189120 0.0 428000
1695310207458 0.0 432000
1695310225713 0.0 436000
1695310244135 0.0 440000
1695310262450 0.0 444000
1695310280720 0.0 448000
1695310299211 0.0 452000
1695310318054 0.0 456000
1695310336783 0.0 460000
1695310355285 0.0 464000
1695310373950 0.0 468000
1695310392701 0.0 472000
1695310411184 0.0 476000
1695310429611 0.0 480000
1695310448017 0.0 484000
1695310466458 0.0 488000
1695310485102 0.0 492000
1695310503580 0.0 496000
1695310521993 0.0 500000
1695310540703 0.0 504000
1695310559048 0.0 508000
1695310577732 0.0 512000
1695310596078 0.0 516000
1695310614676 0.0 520000
1695310633240 0.0 524000
1695310651725 0.0 528000
1695310670077 0.0 532000
1695310688434 0.0 536000
1695310706939 0.0 540000
1695310725470 0.0 544000
1695310744077 0.0 548000
1695310762478 0.0 552000
1695310781003 0.0 556000
1695310799247 0.0 560000
1695310818201 0.0 564000
1695310836139 0.0 568000
1695310852931 0.0 572000
1695310869728 0.0 576000
1695310886330 0.0 580000
1695310903034 0.0 584000
1695310919940 0.0 588000
1695310937730 0.0 592000
1695310956119 0.0 596000
1695310974837 0.0 600000
1695310993512 0.0 604000
1695311012346 0.0 608000
1695311030840 0.0 612000
1695311049178 0.0 616000
1695311068426 0.0 620000
1695311087404 0.0 624000
1695311106058 0.0 628000
1695311124491 0.0 632000
1695311143164 0.0 636000
1695311161538 0.0 640000
1695311180129 0.0 644000
1695311198613 0.0 648000
1695311217027 0.0 652000
1695311235335 0.0 656000
1695311253737 0.0 660000
1695311272660 0.0 664000
1695311293332 0.0 668000
1695311312879 0.0 672000
1695311332601 0.0 676000
1695311352125 0.0 680000
1695311371381 0.0 684000
1695311391088 0.0 688000
1695311410797 0.0 692000
1695311430534 0.0 696000
1695311449878 0.0 700000
1695311469597 0.0 704000
1695311489011 0.0 708000
1695311507769 0.0 712000
1695311525306 0.0 716000
1695311545208 0.0 720000
1695311563449 0.0 724000
1695311580675 0.0 728000
1695311597925 0.0 732000
1695311614959 0.0 736000
1695311633161 0.0 740000
1695311651522 0.0 744000
1695311670674 0.0 748000
1695311688309 0.0 752000
1695311705539 0.0 756000
1695311723951 0.0 760000
1695311742203 0.0 764000
1695311760358 0.0 768000
1695311778455 0.0 772000
1695311796519 0.0 776000
1695311814089 0.0 780000
1695311831634 0.0 784000
