1695308366408 64.0 4000
1695308381994 64.0 8000
1695308398698 64.0 12000
1695308415506 64.0 16000
1695308433132 64.0 20000
1695308450647 64.0 24000
1695308467265 64.0 28000
1695308484591 64.0 32000
1695308501545 64.0 36000
1695308517839 64.0 40000
1695308534366 64.0 44000
1695308550428 64.0 48000
1695308566573 64.0 52000
1695308582687 64.0 56000
1695308598965 64.0 60000
1695308614914 64.0 64000
1695308630975 64.0 68000
1695308646878 64.0 72000
1695308663040 64.0 76000
1695308679324 64.0 80000
1695308696668 64.0 84000
1695308714095 64.0 88000
1695308731378 64.0 92000
1695308748445 64.0 96000
1695308765559 64.0 100000
1695308782803 64.0 104000
1695308799790 64.0 108000
1695308816748 64.0 112000
1695308833825 64.0 116000
1695308850832 64.0 120000
1695308868061 64.0 124000
1695308885395 64.0 128000
1695308902947 64.0 132000
1695308920255 64.0 136000
1695308937687 64.0 140000
1695308955640 64.0 144000
1695308973246 64.0 148000
1695308991028 64.0 152000
1695309008082 64.0 156000
1695309025035 64.0 160000
1695309041902 64.0 164000
1695309058975 64.0 168000
1695309076375 64.0 172000
1695309093132 64.0 176000
1695309109821 64.0 180000
1695309126128 64.0 184000
1695309143068 64.0 188000
1695309161621 64.0 192000
1695309179126 64.0 196000
1695309196884 64.0 200000
1695309214138 64.0 204000
1695309232089 64.0 208000
1695309248803 64.0 212000
1695309265901 64.0 216000
1695309283804 64.0 220000
1695309301826 64.0 224000
1695309319357 64.0 228000
1695309336455 64.0 232000
1695309353445 64.0 236000
1695309370988 64.0 240000
1695309387770 64.0 244000
1695309404571 64.0 248000
1695309420994 64.0 252000
1695309437244 64.0 256000
1695309453749 64.0 260000
1695309471012 64.0 264000
1695309487920 64.0 268000
1695309504534 64.0 272000
1695309521842 64.0 276000
1695309538415 64.0 280000
1695309554848 64.0 284000
1695309571755 64.0 288000
1695309588337 64.0 292000
1695309604949 64.0 296000
1695309621208 64.0 300000
1695309637629 64.0 304000
1695309653980 64.0 308000
1695309670440 64.0 312000
1695309686921 64.0 316000
1695309703524 64.0 320000
1695309720130 64.0 324000
1695309736781 64.0 328000
1695309753495 64.0 332000
1695309770665 64.0 336000
1695309788453 64.0 340000
1695309806304 64.0 344000
1695309823948 64.0 348000
1695309841545 64.0 352000
1695309859462 64.0 356000
1695309877060 64.0 360000
1695309895256 64.0 364000
1695309912926 64.0 368000
1695309930532 64.0 372000
1695309948120 64.0 376000
1695309965690 64.0 380000
1695309983369 64.0 384000
1695310001834 64.0 388000
1695310019169 64.0 392000
1695310037270 64.0 396000
1695310058523 64.0 400000
1695310080120 64.0 404000
1695310099853 64.0 408000
1695310120045 64.0 412000
1695310136670 64.0 416000
1695310153374 64.0 420000
1695310170871 64.0 424000
1695310189122 64.0 428000
1695310207461 64.0 432000
1695310225717 64.0 436000
1695310244138 64.0 440000
1695310262453 64.0 444000
1695310280723 64.0 448000
1695310299214 64.0 452000
1695310318057 64.0 456000
1695310336786 64.0 460000
1695310355288 64.0 464000
1695310373953 64.0 468000
1695310392704 64.0 472000
1695310411187 64.0 476000
1695310429614 64.0 480000
1695310448020 64.0 484000
1695310466461 64.0 488000
1695310485105 64.0 492000
1695310503583 64.0 496000
1695310521996 64.0 500000
1695310540705 64.0 504000
1695310559050 64.0 508000
1695310577735 64.0 512000
1695310596080 64.0 516000
1695310614678 64.0 520000
1695310633243 64.0 524000
1695310651728 64.0 528000
1695310670080 64.0 532000
1695310688437 64.0 536000
1695310706942 64.0 540000
1695310725473 64.0 544000
1695310744080 64.0 548000
1695310762481 64.0 552000
1695310781006 64.0 556000
1695310799249 64.0 560000
1695310818204 64.0 564000
1695310836141 64.0 568000
1695310852934 64.0 572000
1695310869731 64.0 576000
1695310886333 64.0 580000
1695310903037 64.0 584000
1695310919943 64.0 588000
1695310937733 64.0 592000
1695310956122 64.0 596000
1695310974840 64.0 600000
1695310993515 64.0 604000
1695311012349 64.0 608000
1695311030843 64.0 612000
1695311049181 64.0 616000
1695311068428 64.0 620000
1695311087406 64.0 624000
1695311106061 64.0 628000
1695311124494 64.0 632000
1695311143166 64.0 636000
1695311161540 64.0 640000
1695311180132 64.0 644000
1695311198616 64.0 648000
1695311217030 64.0 652000
1695311235338 64.0 656000
1695311253740 64.0 660000
1695311272663 64.0 664000
1695311293335 64.0 668000
1695311312883 64.0 672000
1695311332604 64.0 676000
1695311352128 64.0 680000
1695311371384 64.0 684000
1695311391090 64.0 688000
1695311410799 64.0 692000
1695311430537 64.0 696000
1695311449881 64.0 700000
1695311469600 64.0 704000
1695311489014 64.0 708000
1695311507772 64.0 712000
1695311525309 64.0 716000
1695311545211 64.0 720000
1695311563452 64.0 724000
1695311580678 64.0 728000
1695311597928 64.0 732000
1695311614961 64.0 736000
1695311633163 64.0 740000
1695311651525 64.0 744000
1695311670677 64.0 748000
1695311688312 64.0 752000
1695311705541 64.0 756000
1695311723954 64.0 760000
1695311742206 64.0 764000
1695311760361 64.0 768000
1695311778458 64.0 772000
1695311796522 64.0 776000
1695311814092 64.0 780000
1695311831637 64.0 784000
