1695308366409 32.0 4000
1695308381995 32.0 8000
1695308398699 32.0 12000
1695308415508 32.0 16000
1695308433133 32.0 20000
1695308450648 32.0 24000
1695308467266 32.0 28000
1695308484592 32.0 32000
1695308501547 32.0 36000
1695308517840 32.0 40000
1695308534367 32.0 44000
1695308550429 32.0 48000
1695308566574 32.0 52000
1695308582688 32.0 56000
1695308598966 32.0 60000
1695308614915 32.0 64000
1695308630976 32.0 68000
1695308646879 32.0 72000
1695308663041 32.0 76000
1695308679325 32.0 80000
1695308696669 32.0 84000
1695308714096 32.0 88000
1695308731379 32.0 92000
1695308748446 32.0 96000
1695308765560 32.0 100000
1695308782804 32.0 104000
1695308799791 32.0 108000
1695308816749 32.0 112000
1695308833826 32.0 116000
1695308850833 32.0 120000
1695308868062 32.0 124000
1695308885396 32.0 128000
1695308902948 32.0 132000
1695308920256 32.0 136000
1695308937688 32.0 140000
1695308955641 32.0 144000
1695308973247 32.0 148000
1695308991030 32.0 152000
1695309008083 32.0 156000
1695309025036 32.0 160000
1695309041903 32.0 164000
1695309058976 32.0 168000
1695309076376 32.0 172000
1695309093133 32.0 176000
1695309109822 32.0 180000
1695309126129 32.0 184000
1695309143069 32.0 188000
1695309161622 32.0 192000
1695309179127 32.0 196000
1695309196885 32.0 200000
1695309214139 32.0 204000
1695309232090 32.0 208000
1695309248804 32.0 212000
1695309265902 32.0 216000
1695309283805 32.0 220000
1695309301827 32.0 224000
1695309319358 32.0 228000
1695309336456 32.0 232000
1695309353446 32.0 236000
1695309370989 32.0 240000
1695309387771 32.0 244000
1695309404572 32.0 248000
1695309420995 32.0 252000
1695309437245 32.0 256000
1695309453750 32.0 260000
1695309471013 32.0 264000
1695309487921 32.0 268000
1695309504535 32.0 272000
1695309521843 32.0 276000
1695309538416 32.0 280000
1695309554849 32.0 284000
1695309571756 32.0 288000
1695309588338 32.0 292000
1695309604950 32.0 296000
1695309621209 32.0 300000
1695309637630 32.0 304000
1695309653981 32.0 308000
1695309670441 32.0 312000
1695309686922 32.0 316000
1695309703525 32.0 320000
1695309720131 32.0 324000
1695309736782 32.0 328000
1695309753497 32.0 332000
1695309770666 32.0 336000
1695309788454 32.0 340000
1695309806305 32.0 344000
1695309823949 32.0 348000
1695309841546 32.0 352000
1695309859463 32.0 356000
1695309877061 32.0 360000
1695309895258 32.0 364000
1695309912927 32.0 368000
1695309930533 32.0 372000
1695309948121 32.0 376000
1695309965691 32.0 380000
1695309983370 32.0 384000
1695310001835 32.0 388000
1695310019170 32.0 392000
1695310037271 32.0 396000
1695310058524 32.0 400000
1695310080122 32.0 404000
1695310099854 32.0 408000
1695310120046 32.0 412000
1695310136671 32.0 416000
1695310153375 32.0 420000
1695310170872 32.0 424000
1695310189124 32.0 428000
1695310207462 32.0 432000
1695310225718 32.0 436000
1695310244139 32.0 440000
1695310262454 32.0 444000
1695310280724 32.0 448000
1695310299215 32.0 452000
1695310318058 32.0 456000
1695310336787 32.0 460000
1695310355289 32.0 464000
1695310373954 32.0 468000
1695310392705 32.0 472000
1695310411188 32.0 476000
1695310429615 32.0 480000
1695310448021 32.0 484000
1695310466462 32.0 488000
1695310485106 32.0 492000
1695310503584 32.0 496000
1695310521997 32.0 500000
1695310540706 32.0 504000
1695310559052 32.0 508000
1695310577736 32.0 512000
1695310596082 32.0 516000
1695310614679 32.0 520000
1695310633244 32.0 524000
1695310651729 32.0 528000
1695310670081 32.0 532000
1695310688438 32.0 536000
1695310706943 32.0 540000
1695310725474 32.0 544000
1695310744081 32.0 548000
1695310762482 32.0 552000
1695310781007 32.0 556000
1695310799250 32.0 560000
1695310818205 32.0 564000
1695310836142 32.0 568000
1695310852935 32.0 572000
1695310869732 32.0 576000
1695310886334 32.0 580000
1695310903038 32.0 584000
1695310919944 32.0 588000
1695310937734 32.0 592000
1695310956123 32.0 596000
1695310974841 32.0 600000
1695310993516 32.0 604000
1695311012350 32.0 608000
1695311030844 32.0 612000
1695311049182 32.0 616000
1695311068429 32.0 620000
1695311087407 32.0 624000
1695311106062 32.0 628000
1695311124495 32.0 632000
1695311143167 32.0 636000
1695311161542 32.0 640000
1695311180133 32.0 644000
1695311198617 32.0 648000
1695311217031 32.0 652000
1695311235339 32.0 656000
1695311253741 32.0 660000
1695311272664 32.0 664000
1695311293336 32.0 668000
1695311312884 32.0 672000
1695311332605 32.0 676000
1695311352129 32.0 680000
1695311371385 32.0 684000
1695311391092 32.0 688000
1695311410800 32.0 692000
1695311430538 32.0 696000
1695311449882 32.0 700000
1695311469601 32.0 704000
1695311489015 32.0 708000
1695311507773 32.0 712000
1695311525310 32.0 716000
1695311545212 32.0 720000
1695311563453 32.0 724000
1695311580679 32.0 728000
1695311597929 32.0 732000
1695311614962 32.0 736000
1695311633164 32.0 740000
1695311651526 32.0 744000
1695311670678 32.0 748000
1695311688313 32.0 752000
1695311705542 32.0 756000
1695311723955 32.0 760000
1695311742207 32.0 764000
1695311760362 32.0 768000
1695311778459 32.0 772000
1695311796523 32.0 776000
1695311814093 32.0 780000
1695311831638 32.0 784000
