1695308366409 50.0 4000
1695308381995 50.0 8000
1695308398699 50.0 12000
1695308415507 50.0 16000
1695308433133 50.0 20000
1695308450648 50.0 24000
1695308467266 50.0 28000
1695308484592 50.0 32000
1695308501546 50.0 36000
1695308517839 50.0 40000
1695308534367 50.0 44000
1695308550429 50.0 48000
1695308566573 50.0 52000
1695308582688 50.0 56000
1695308598966 50.0 60000
1695308614915 50.0 64000
1695308630975 50.0 68000
1695308646879 50.0 72000
1695308663041 50.0 76000
1695308679325 50.0 80000
1695308696669 50.0 84000
1695308714095 50.0 88000
1695308731379 50.0 92000
1695308748446 50.0 96000
1695308765560 50.0 100000
1695308782804 50.0 104000
1695308799791 50.0 108000
1695308816749 50.0 112000
1695308833825 50.0 116000
1695308850833 50.0 120000
1695308868062 50.0 124000
1695308885396 50.0 128000
1695308902947 50.0 132000
1695308920256 50.0 136000
1695308937687 50.0 140000
1695308955641 50.0 144000
1695308973247 50.0 148000
1695308991029 50.0 152000
1695309008083 50.0 156000
1695309025036 50.0 160000
1695309041903 50.0 164000
1695309058976 50.0 168000
1695309076376 50.0 172000
1695309093133 50.0 176000
1695309109822 50.0 180000
1695309126128 50.0 184000
1695309143068 50.0 188000
1695309161622 50.0 192000
1695309179127 50.0 196000
1695309196885 50.0 200000
1695309214139 50.0 204000
1695309232089 50.0 208000
1695309248804 50.0 212000
1695309265902 50.0 216000
1695309283805 50.0 220000
1695309301827 50.0 224000
1695309319357 50.0 228000
1695309336455 50.0 232000
1695309353445 50.0 236000
1695309370989 50.0 240000
1695309387771 50.0 244000
1695309404572 50.0 248000
1695309420994 50.0 252000
1695309437245 50.0 256000
1695309453750 50.0 260000
1695309471013 50.0 264000
1695309487921 50.0 268000
1695309504535 50.0 272000
1695309521843 50.0 276000
1695309538416 50.0 280000
1695309554849 50.0 284000
1695309571756 50.0 288000
1695309588338 50.0 292000
1695309604949 50.0 296000
1695309621209 50.0 300000
1695309637630 50.0 304000
1695309653981 50.0 308000
1695309670441 50.0 312000
1695309686921 50.0 316000
1695309703525 50.0 320000
1695309720131 50.0 324000
1695309736782 50.0 328000
1695309753496 50.0 332000
1695309770665 50.0 336000
1695309788454 50.0 340000
1695309806305 50.0 344000
1695309823949 50.0 348000
1695309841546 50.0 352000
1695309859463 50.0 356000
1695309877061 50.0 360000
1695309895257 50.0 364000
1695309912927 50.0 368000
1695309930532 50.0 372000
1695309948121 50.0 376000
1695309965691 50.0 380000
1695309983370 50.0 384000
1695310001835 50.0 388000
1695310019170 50.0 392000
1695310037271 50.0 396000
1695310058524 50.0 400000
1695310080122 50.0 404000
1695310099854 50.0 408000
1695310120046 50.0 412000
1695310136671 50.0 416000
1695310153375 50.0 420000
1695310170872 50.0 424000
1695310189123 50.0 428000
1695310207462 50.0 432000
1695310225718 50.0 436000
1695310244139 50.0 440000
1695310262454 50.0 444000
1695310280724 50.0 448000
1695310299215 50.0 452000
1695310318058 50.0 456000
1695310336787 50.0 460000
1695310355289 50.0 464000
1695310373953 50.0 468000
1695310392705 50.0 472000
1695310411188 50.0 476000
1695310429615 50.0 480000
1695310448021 50.0 484000
1695310466462 50.0 488000
1695310485106 50.0 492000
1695310503583 50.0 496000
1695310521997 50.0 500000
1695310540706 50.0 504000
1695310559051 50.0 508000
1695310577736 50.0 512000
1695310596081 50.0 516000
1695310614679 50.0 520000
1695310633244 50.0 524000
1695310651729 50.0 528000
1695310670081 50.0 532000
1695310688438 50.0 536000
1695310706943 50.0 540000
1695310725474 50.0 544000
1695310744081 50.0 548000
1695310762482 50.0 552000
1695310781007 50.0 556000
1695310799250 50.0 560000
1695310818205 50.0 564000
1695310836142 50.0 568000
1695310852935 50.0 572000
1695310869731 50.0 576000
1695310886333 50.0 580000
1695310903037 50.0 584000
1695310919943 50.0 588000
1695310937734 50.0 592000
1695310956123 50.0 596000
1695310974841 50.0 600000
1695310993516 50.0 604000
1695311012350 50.0 608000
1695311030844 50.0 612000
1695311049182 50.0 616000
1695311068429 50.0 620000
1695311087407 50.0 624000
1695311106062 50.0 628000
1695311124495 50.0 632000
1695311143167 50.0 636000
1695311161541 50.0 640000
1695311180132 50.0 644000
1695311198617 50.0 648000
1695311217031 50.0 652000
1695311235339 50.0 656000
1695311253741 50.0 660000
1695311272663 50.0 664000
1695311293336 50.0 668000
1695311312884 50.0 672000
1695311332605 50.0 676000
1695311352128 50.0 680000
1695311371385 50.0 684000
1695311391091 50.0 688000
1695311410800 50.0 692000
1695311430538 50.0 696000
1695311449882 50.0 700000
1695311469601 50.0 704000
1695311489015 50.0 708000
1695311507772 50.0 712000
1695311525310 50.0 716000
1695311545211 50.0 720000
1695311563453 50.0 724000
1695311580678 50.0 728000
1695311597929 50.0 732000
1695311614962 50.0 736000
1695311633164 50.0 740000
1695311651526 50.0 744000
1695311670678 50.0 748000
1695311688313 50.0 752000
1695311705542 50.0 756000
1695311723955 50.0 760000
1695311742207 50.0 764000
1695311760362 50.0 768000
1695311778459 50.0 772000
1695311796522 50.0 776000
1695311814093 50.0 780000
1695311831637 50.0 784000
