1695308366408 1.0 4000
1695308381994 1.0 8000
1695308398698 1.0 12000
1695308415506 1.0 16000
1695308433132 1.0 20000
1695308450647 1.0 24000
1695308467264 1.0 28000
1695308484591 1.0 32000
1695308501545 1.0 36000
1695308517838 1.0 40000
1695308534366 1.0 44000
1695308550428 1.0 48000
1695308566572 1.0 52000
1695308582687 1.0 56000
1695308598965 1.0 60000
1695308614914 1.0 64000
1695308630974 1.0 68000
1695308646878 1.0 72000
1695308663040 1.0 76000
1695308679324 1.0 80000
1695308696668 1.0 84000
1695308714094 1.0 88000
1695308731378 1.0 92000
1695308748445 1.0 96000
1695308765559 1.0 100000
1695308782803 1.0 104000
1695308799790 1.0 108000
1695308816748 1.0 112000
1695308833824 1.0 116000
1695308850832 1.0 120000
1695308868061 1.0 124000
1695308885395 1.0 128000
1695308902946 1.0 132000
1695308920255 1.0 136000
1695308937686 1.0 140000
1695308955640 1.0 144000
1695308973246 1.0 148000
1695308991028 1.0 152000
1695309008082 1.0 156000
1695309025035 1.0 160000
1695309041902 1.0 164000
1695309058975 1.0 168000
1695309076375 1.0 172000
1695309093132 1.0 176000
1695309109821 1.0 180000
1695309126127 1.0 184000
1695309143067 1.0 188000
1695309161621 1.0 192000
1695309179126 1.0 196000
1695309196884 1.0 200000
1695309214138 1.0 204000
1695309232088 1.0 208000
1695309248803 1.0 212000
1695309265901 1.0 216000
1695309283804 1.0 220000
1695309301826 1.0 224000
1695309319356 1.0 228000
1695309336454 1.0 232000
1695309353444 1.0 236000
1695309370988 1.0 240000
1695309387770 1.0 244000
1695309404571 1.0 248000
1695309420993 1.0 252000
1695309437244 1.0 256000
1695309453749 1.0 260000
1695309471012 1.0 264000
1695309487919 1.0 268000
1695309504533 1.0 272000
1695309521842 1.0 276000
1695309538415 1.0 280000
1695309554848 1.0 284000
1695309571755 1.0 288000
1695309588337 1.0 292000
1695309604948 1.0 296000
1695309621208 1.0 300000
1695309637629 1.0 304000
1695309653980 1.0 308000
1695309670440 1.0 312000
1695309686920 1.0 316000
1695309703524 1.0 320000
1695309720130 1.0 324000
1695309736781 1.0 328000
1695309753495 1.0 332000
1695309770664 1.0 336000
1695309788453 1.0 340000
1695309806304 1.0 344000
1695309823948 1.0 348000
1695309841545 1.0 352000
1695309859462 1.0 356000
1695309877060 1.0 360000
1695309895256 1.0 364000
1695309912926 1.0 368000
1695309930531 1.0 372000
1695309948120 1.0 376000
1695309965689 1.0 380000
1695309983369 1.0 384000
1695310001834 1.0 388000
1695310019169 1.0 392000
1695310037270 1.0 396000
1695310058523 1.0 400000
1695310080120 1.0 404000
1695310099853 1.0 408000
1695310120045 1.0 412000
1695310136670 1.0 416000
1695310153373 1.0 420000
1695310170871 1.0 424000
1695310189122 1.0 428000
1695310207461 1.0 432000
1695310225716 1.0 436000
1695310244138 1.0 440000
1695310262453 1.0 444000
1695310280723 1.0 448000
1695310299214 1.0 452000
1695310318057 1.0 456000
1695310336786 1.0 460000
1695310355288 1.0 464000
1695310373952 1.0 468000
1695310392704 1.0 472000
1695310411187 1.0 476000
1695310429614 1.0 480000
1695310448020 1.0 484000
1695310466461 1.0 488000
1695310485105 1.0 492000
1695310503582 1.0 496000
1695310521996 1.0 500000
1695310540705 1.0 504000
1695310559050 1.0 508000
1695310577735 1.0 512000
1695310596080 1.0 516000
1695310614678 1.0 520000
1695310633243 1.0 524000
1695310651728 1.0 528000
1695310670080 1.0 532000
1695310688437 1.0 536000
1695310706942 1.0 540000
1695310725473 1.0 544000
1695310744080 1.0 548000
1695310762481 1.0 552000
1695310781006 1.0 556000
1695310799249 1.0 560000
1695310818204 1.0 564000
1695310836141 1.0 568000
1695310852934 1.0 572000
1695310869730 1.0 576000
1695310886332 1.0 580000
1695310903036 1.0 584000
1695310919942 1.0 588000
1695310937733 1.0 592000
1695310956121 1.0 596000
1695310974840 1.0 600000
1695310993515 1.0 604000
1695311012349 1.0 608000
1695311030843 1.0 612000
1695311049181 1.0 616000
1695311068428 1.0 620000
1695311087406 1.0 624000
1695311106061 1.0 628000
1695311124494 1.0 632000
1695311143166 1.0 636000
1695311161540 1.0 640000
1695311180131 1.0 644000
1695311198615 1.0 648000
1695311217030 1.0 652000
1695311235338 1.0 656000
1695311253740 1.0 660000
1695311272662 1.0 664000
1695311293335 1.0 668000
1695311312883 1.0 672000
1695311332604 1.0 676000
1695311352127 1.0 680000
1695311371384 1.0 684000
1695311391090 1.0 688000
1695311410799 1.0 692000
1695311430537 1.0 696000
1695311449881 1.0 700000
1695311469600 1.0 704000
1695311489014 1.0 708000
1695311507771 1.0 712000
1695311525309 1.0 716000
1695311545210 1.0 720000
1695311563452 1.0 724000
1695311580677 1.0 728000
1695311597928 1.0 732000
1695311614961 1.0 736000
1695311633163 1.0 740000
1695311651525 1.0 744000
1695311670677 1.0 748000
1695311688312 1.0 752000
1695311705541 1.0 756000
1695311723954 1.0 760000
1695311742206 1.0 764000
1695311760361 1.0 768000
1695311778458 1.0 772000
1695311796521 1.0 776000
1695311814092 1.0 780000
1695311831636 1.0 784000
