1695308366409 2.0 4000
1695308381996 2.0 8000
1695308398699 2.0 12000
1695308415508 2.0 16000
1695308433134 2.0 20000
1695308450648 2.0 24000
1695308467266 2.0 28000
1695308484593 2.0 32000
1695308501547 2.0 36000
1695308517840 2.0 40000
1695308534367 2.0 44000
1695308550429 2.0 48000
1695308566574 2.0 52000
1695308582688 2.0 56000
1695308598966 2.0 60000
1695308614916 2.0 64000
1695308630976 2.0 68000
1695308646879 2.0 72000
1695308663041 2.0 76000
1695308679325 2.0 80000
1695308696669 2.0 84000
1695308714096 2.0 88000
1695308731379 2.0 92000
1695308748446 2.0 96000
1695308765560 2.0 100000
1695308782804 2.0 104000
1695308799791 2.0 108000
1695308816749 2.0 112000
1695308833826 2.0 116000
1695308850834 2.0 120000
1695308868062 2.0 124000
1695308885396 2.0 128000
1695308902948 2.0 132000
1695308920257 2.0 136000
1695308937688 2.0 140000
1695308955641 2.0 144000
1695308973247 2.0 148000
1695308991030 2.0 152000
1695309008084 2.0 156000
1695309025037 2.0 160000
1695309041903 2.0 164000
1695309058976 2.0 168000
1695309076376 2.0 172000
1695309093134 2.0 176000
1695309109823 2.0 180000
1695309126129 2.0 184000
1695309143069 2.0 188000
1695309161622 2.0 192000
1695309179128 2.0 196000
1695309196885 2.0 200000
1695309214139 2.0 204000
1695309232090 2.0 208000
1695309248804 2.0 212000
1695309265903 2.0 216000
1695309283805 2.0 220000
1695309301828 2.0 224000
1695309319358 2.0 228000
1695309336456 2.0 232000
1695309353446 2.0 236000
1695309370989 2.0 240000
1695309387771 2.0 244000
1695309404572 2.0 248000
1695309420995 2.0 252000
1695309437245 2.0 256000
1695309453750 2.0 260000
1695309471014 2.0 264000
1695309487921 2.0 268000
1695309504535 2.0 272000
1695309521843 2.0 276000
1695309538416 2.0 280000
1695309554849 2.0 284000
1695309571756 2.0 288000
1695309588339 2.0 292000
1695309604950 2.0 296000
1695309621209 2.0 300000
1695309637630 2.0 304000
1695309653982 2.0 308000
1695309670441 2.0 312000
1695309686922 2.0 316000
1695309703525 2.0 320000
1695309720132 2.0 324000
1695309736782 2.0 328000
1695309753497 2.0 332000
1695309770666 2.0 336000
1695309788455 2.0 340000
1695309806305 2.0 344000
1695309823949 2.0 348000
1695309841547 2.0 352000
1695309859463 2.0 356000
1695309877061 2.0 360000
1695309895258 2.0 364000
1695309912928 2.0 368000
1695309930533 2.0 372000
1695309948121 2.0 376000
1695309965691 2.0 380000
1695309983371 2.0 384000
1695310001835 2.0 388000
1695310019171 2.0 392000
1695310037271 2.0 396000
1695310058525 2.0 400000
1695310080123 2.0 404000
1695310099854 2.0 408000
1695310120046 2.0 412000
1695310136672 2.0 416000
1695310153375 2.0 420000
1695310170872 2.0 424000
1695310189124 2.0 428000
1695310207462 2.0 432000
1695310225718 2.0 436000
1695310244139 2.0 440000
1695310262455 2.0 444000
1695310280724 2.0 448000
1695310299215 2.0 452000
1695310318058 2.0 456000
1695310336787 2.0 460000
1695310355289 2.0 464000
1695310373954 2.0 468000
1695310392705 2.0 472000
1695310411188 2.0 476000
1695310429615 2.0 480000
1695310448021 2.0 484000
1695310466462 2.0 488000
1695310485106 2.0 492000
1695310503584 2.0 496000
1695310521997 2.0 500000
1695310540707 2.0 504000
1695310559052 2.0 508000
1695310577736 2.0 512000
1695310596082 2.0 516000
1695310614680 2.0 520000
1695310633244 2.0 524000
1695310651729 2.0 528000
1695310670081 2.0 532000
1695310688438 2.0 536000
1695310706943 2.0 540000
1695310725474 2.0 544000
1695310744082 2.0 548000
1695310762482 2.0 552000
1695310781008 2.0 556000
1695310799251 2.0 560000
1695310818205 2.0 564000
1695310836143 2.0 568000
1695310852935 2.0 572000
1695310869732 2.0 576000
1695310886334 2.0 580000
1695310903038 2.0 584000
1695310919944 2.0 588000
1695310937734 2.0 592000
1695310956123 2.0 596000
1695310974841 2.0 600000
1695310993516 2.0 604000
1695311012350 2.0 608000
1695311030844 2.0 612000
1695311049182 2.0 616000
1695311068430 2.0 620000
1695311087408 2.0 624000
1695311106062 2.0 628000
1695311124496 2.0 632000
1695311143168 2.0 636000
1695311161542 2.0 640000
1695311180133 2.0 644000
1695311198617 2.0 648000
1695311217031 2.0 652000
1695311235339 2.0 656000
1695311253741 2.0 660000
1695311272664 2.0 664000
1695311293336 2.0 668000
1695311312884 2.0 672000
1695311332605 2.0 676000
1695311352129 2.0 680000
1695311371385 2.0 684000
1695311391092 2.0 688000
1695311410801 2.0 692000
1695311430538 2.0 696000
1695311449883 2.0 700000
1695311469601 2.0 704000
1695311489015 2.0 708000
1695311507773 2.0 712000
1695311525311 2.0 716000
1695311545212 2.0 720000
1695311563453 2.0 724000
1695311580679 2.0 728000
1695311597929 2.0 732000
1695311614962 2.0 736000
1695311633165 2.0 740000
1695311651526 2.0 744000
1695311670678 2.0 748000
1695311688313 2.0 752000
1695311705543 2.0 756000
1695311723955 2.0 760000
1695311742207 2.0 764000
1695311760362 2.0 768000
1695311778459 2.0 772000
1695311796523 2.0 776000
1695311814093 2.0 780000
1695311831638 2.0 784000
