1695308366408 32.0 4000
1695308381995 32.0 8000
1695308398699 32.0 12000
1695308415507 32.0 16000
1695308433133 32.0 20000
1695308450647 32.0 24000
1695308467265 32.0 28000
1695308484592 32.0 32000
1695308501546 32.0 36000
1695308517839 32.0 40000
1695308534366 32.0 44000
1695308550428 32.0 48000
1695308566573 32.0 52000
1695308582687 32.0 56000
1695308598965 32.0 60000
1695308614915 32.0 64000
1695308630975 32.0 68000
1695308646879 32.0 72000
1695308663040 32.0 76000
1695308679324 32.0 80000
1695308696669 32.0 84000
1695308714095 32.0 88000
1695308731378 32.0 92000
1695308748445 32.0 96000
1695308765560 32.0 100000
1695308782803 32.0 104000
1695308799790 32.0 108000
1695308816749 32.0 112000
1695308833825 32.0 116000
1695308850833 32.0 120000
1695308868061 32.0 124000
1695308885395 32.0 128000
1695308902947 32.0 132000
1695308920256 32.0 136000
1695308937687 32.0 140000
1695308955640 32.0 144000
1695308973247 32.0 148000
1695308991029 32.0 152000
1695309008083 32.0 156000
1695309025036 32.0 160000
1695309041902 32.0 164000
1695309058975 32.0 168000
1695309076375 32.0 172000
1695309093133 32.0 176000
1695309109822 32.0 180000
1695309126128 32.0 184000
1695309143068 32.0 188000
1695309161621 32.0 192000
1695309179127 32.0 196000
1695309196884 32.0 200000
1695309214138 32.0 204000
1695309232089 32.0 208000
1695309248803 32.0 212000
1695309265902 32.0 216000
1695309283805 32.0 220000
1695309301827 32.0 224000
1695309319357 32.0 228000
1695309336455 32.0 232000
1695309353445 32.0 236000
1695309370989 32.0 240000
1695309387770 32.0 244000
1695309404571 32.0 248000
1695309420994 32.0 252000
1695309437244 32.0 256000
1695309453749 32.0 260000
1695309471013 32.0 264000
1695309487920 32.0 268000
1695309504534 32.0 272000
1695309521842 32.0 276000
1695309538416 32.0 280000
1695309554849 32.0 284000
1695309571755 32.0 288000
1695309588338 32.0 292000
1695309604949 32.0 296000
1695309621208 32.0 300000
1695309637629 32.0 304000
1695309653981 32.0 308000
1695309670441 32.0 312000
1695309686921 32.0 316000
1695309703524 32.0 320000
1695309720131 32.0 324000
1695309736781 32.0 328000
1695309753496 32.0 332000
1695309770665 32.0 336000
1695309788454 32.0 340000
1695309806304 32.0 344000
1695309823948 32.0 348000
1695309841546 32.0 352000
1695309859462 32.0 356000
1695309877060 32.0 360000
1695309895257 32.0 364000
1695309912927 32.0 368000
1695309930532 32.0 372000
1695309948121 32.0 376000
1695309965690 32.0 380000
1695309983370 32.0 384000
1695310001835 32.0 388000
1695310019170 32.0 392000
1695310037271 32.0 396000
1695310058524 32.0 400000
1695310080121 32.0 404000
1695310099854 32.0 408000
1695310120045 32.0 412000
1695310136671 32.0 416000
1695310153374 32.0 420000
1695310170871 32.0 424000
1695310189123 32.0 428000
1695310207462 32.0 432000
1695310225717 32.0 436000
1695310244138 32.0 440000
1695310262454 32.0 444000
1695310280723 32.0 448000
1695310299214 32.0 452000
1695310318058 32.0 456000
1695310336786 32.0 460000
1695310355288 32.0 464000
1695310373953 32.0 468000
1695310392704 32.0 472000
1695310411187 32.0 476000
1695310429614 32.0 480000
1695310448020 32.0 484000
1695310466461 32.0 488000
1695310485105 32.0 492000
1695310503583 32.0 496000
1695310521996 32.0 500000
1695310540706 32.0 504000
1695310559051 32.0 508000
1695310577736 32.0 512000
1695310596081 32.0 516000
1695310614679 32.0 520000
1695310633244 32.0 524000
1695310651728 32.0 528000
1695310670080 32.0 532000
1695310688437 32.0 536000
1695310706942 32.0 540000
1695310725473 32.0 544000
1695310744081 32.0 548000
1695310762481 32.0 552000
1695310781007 32.0 556000
1695310799250 32.0 560000
1695310818204 32.0 564000
1695310836142 32.0 568000
1695310852935 32.0 572000
1695310869731 32.0 576000
1695310886333 32.0 580000
1695310903037 32.0 584000
1695310919943 32.0 588000
1695310937733 32.0 592000
1695310956122 32.0 596000
1695310974841 32.0 600000
1695310993515 32.0 604000
1695311012349 32.0 608000
1695311030843 32.0 612000
1695311049181 32.0 616000
1695311068429 32.0 620000
1695311087407 32.0 624000
1695311106061 32.0 628000
1695311124495 32.0 632000
1695311143167 32.0 636000
1695311161541 32.0 640000
1695311180132 32.0 644000
1695311198616 32.0 648000
1695311217030 32.0 652000
1695311235339 32.0 656000
1695311253740 32.0 660000
1695311272663 32.0 664000
1695311293335 32.0 668000
1695311312883 32.0 672000
1695311332604 32.0 676000
1695311352128 32.0 680000
1695311371384 32.0 684000
1695311391091 32.0 688000
1695311410800 32.0 692000
1695311430537 32.0 696000
1695311449882 32.0 700000
1695311469600 32.0 704000
1695311489015 32.0 708000
1695311507772 32.0 712000
1695311525310 32.0 716000
1695311545211 32.0 720000
1695311563452 32.0 724000
1695311580678 32.0 728000
1695311597928 32.0 732000
1695311614962 32.0 736000
1695311633164 32.0 740000
1695311651525 32.0 744000
1695311670678 32.0 748000
1695311688313 32.0 752000
1695311705542 32.0 756000
1695311723955 32.0 760000
1695311742206 32.0 764000
1695311760361 32.0 768000
1695311778459 32.0 772000
1695311796522 32.0 776000
1695311814092 32.0 780000
1695311831637 32.0 784000
