1695308366409 0.0 4000
1695308381996 0.0 8000
1695308398700 0.0 12000
1695308415508 0.0 16000
1695308433134 0.0 20000
1695308450649 0.0 24000
1695308467266 0.0 28000
1695308484593 0.0 32000
1695308501547 0.0 36000
1695308517840 0.0 40000
1695308534367 0.0 44000
1695308550430 0.0 48000
1695308566574 0.0 52000
1695308582689 0.0 56000
1695308598967 0.0 60000
1695308614916 0.0 64000
1695308630976 0.0 68000
1695308646880 0.0 72000
1695308663042 0.0 76000
1695308679326 0.0 80000
1695308696670 0.0 84000
1695308714096 0.0 88000
1695308731380 0.0 92000
1695308748447 0.0 96000
1695308765561 0.0 100000
1695308782805 0.0 104000
1695308799792 0.0 108000
1695308816750 0.0 112000
1695308833826 0.0 116000
1695308850834 0.0 120000
1695308868063 0.0 124000
1695308885397 0.0 128000
1695308902948 0.0 132000
1695308920257 0.0 136000
1695308937688 0.0 140000
1695308955642 0.0 144000
1695308973248 0.0 148000
1695308991030 0.0 152000
1695309008084 0.0 156000
1695309025037 0.0 160000
1695309041903 0.0 164000
1695309058977 0.0 168000
1695309076376 0.0 172000
1695309093134 0.0 176000
1695309109823 0.0 180000
1695309126129 0.0 184000
1695309143069 0.0 188000
1695309161623 0.0 192000
1695309179128 0.0 196000
1695309196885 0.0 200000
1695309214140 0.0 204000
1695309232090 0.0 208000
1695309248805 0.0 212000
1695309265903 0.0 216000
1695309283806 0.0 220000
1695309301828 0.0 224000
1695309319358 0.0 228000
1695309336456 0.0 232000
1695309353446 0.0 236000
1695309370990 0.0 240000
1695309387772 0.0 244000
1695309404573 0.0 248000
1695309420995 0.0 252000
1695309437246 0.0 256000
1695309453751 0.0 260000
1695309471014 0.0 264000
1695309487921 0.0 268000
1695309504535 0.0 272000
1695309521844 0.0 276000
1695309538417 0.0 280000
1695309554850 0.0 284000
1695309571757 0.0 288000
1695309588339 0.0 292000
1695309604950 0.0 296000
1695309621210 0.0 300000
1695309637631 0.0 304000
1695309653982 0.0 308000
1695309670442 0.0 312000
1695309686922 0.0 316000
1695309703526 0.0 320000
1695309720132 0.0 324000
1695309736783 0.0 328000
1695309753497 0.0 332000
1695309770666 0.0 336000
1695309788455 0.0 340000
1695309806306 0.0 344000
1695309823950 0.0 348000
1695309841547 0.0 352000
1695309859464 0.0 356000
1695309877061 0.0 360000
1695309895258 0.0 364000
1695309912928 0.0 368000
1695309930533 0.0 372000
1695309948122 0.0 376000
1695309965691 0.0 380000
1695309983371 0.0 384000
1695310001836 0.0 388000
1695310019171 0.0 392000
1695310037272 0.0 396000
1695310058525 0.0 400000
1695310080123 0.0 404000
1695310099855 0.0 408000
1695310120047 0.0 412000
1695310136672 0.0 416000
1695310153376 0.0 420000
1695310170872 0.0 424000
1695310189124 0.0 428000
1695310207463 0.0 432000
1695310225719 0.0 436000
1695310244140 0.0 440000
1695310262455 0.0 444000
1695310280725 0.0 448000
1695310299216 0.0 452000
1695310318059 0.0 456000
1695310336788 0.0 460000
1695310355290 0.0 464000
1695310373954 0.0 468000
1695310392706 0.0 472000
1695310411189 0.0 476000
1695310429616 0.0 480000
1695310448022 0.0 484000
1695310466463 0.0 488000
1695310485107 0.0 492000
1695310503584 0.0 496000
1695310521998 0.0 500000
1695310540707 0.0 504000
1695310559052 0.0 508000
1695310577737 0.0 512000
1695310596082 0.0 516000
1695310614680 0.0 520000
1695310633245 0.0 524000
1695310651730 0.0 528000
1695310670082 0.0 532000
1695310688439 0.0 536000
1695310706944 0.0 540000
1695310725475 0.0 544000
1695310744082 0.0 548000
1695310762483 0.0 552000
1695310781008 0.0 556000
1695310799251 0.0 560000
1695310818206 0.0 564000
1695310836143 0.0 568000
1695310852936 0.0 572000
1695310869732 0.0 576000
1695310886334 0.0 580000
1695310903038 0.0 584000
1695310919944 0.0 588000
1695310937734 0.0 592000
1695310956123 0.0 596000
1695310974842 0.0 600000
1695310993517 0.0 604000
1695311012350 0.0 608000
1695311030845 0.0 612000
1695311049183 0.0 616000
1695311068430 0.0 620000
1695311087408 0.0 624000
1695311106063 0.0 628000
1695311124496 0.0 632000
1695311143168 0.0 636000
1695311161542 0.0 640000
1695311180133 0.0 644000
1695311198618 0.0 648000
1695311217032 0.0 652000
1695311235340 0.0 656000
1695311253742 0.0 660000
1695311272664 0.0 664000
1695311293337 0.0 668000
1695311312885 0.0 672000
1695311332606 0.0 676000
1695311352129 0.0 680000
1695311371386 0.0 684000
1695311391092 0.0 688000
1695311410801 0.0 692000
1695311430539 0.0 696000
1695311449883 0.0 700000
1695311469602 0.0 704000
1695311489016 0.0 708000
1695311507773 0.0 712000
1695311525311 0.0 716000
1695311545212 0.0 720000
1695311563454 0.0 724000
1695311580679 0.0 728000
1695311597930 0.0 732000
1695311614963 0.0 736000
1695311633165 0.0 740000
1695311651527 0.0 744000
1695311670679 0.0 748000
1695311688314 0.0 752000
1695311705543 0.0 756000
1695311723956 0.0 760000
1695311742208 0.0 764000
1695311760363 0.0 768000
1695311778460 0.0 772000
1695311796523 0.0 776000
1695311814094 0.0 780000
1695311831638 0.0 784000
