1695308366410 84.0 4000
1695308381997 84.0 8000
1695308398700 84.0 12000
1695308415509 84.0 16000
1695308433134 84.0 20000
1695308450649 84.0 24000
1695308467267 84.0 28000
1695308484593 84.0 32000
1695308501548 84.0 36000
1695308517841 84.0 40000
1695308534368 84.0 44000
1695308550430 84.0 48000
1695308566575 84.0 52000
1695308582689 84.0 56000
1695308598967 84.0 60000
1695308614916 84.0 64000
1695308630977 84.0 68000
1695308646880 84.0 72000
1695308663042 84.0 76000
1695308679326 84.0 80000
1695308696670 84.0 84000
1695308714097 84.0 88000
1695308731380 84.0 92000
1695308748447 84.0 96000
1695308765561 84.0 100000
1695308782805 84.0 104000
1695308799792 84.0 108000
1695308816750 84.0 112000
1695308833827 84.0 116000
1695308850834 84.0 120000
1695308868063 84.0 124000
1695308885397 84.0 128000
1695308902949 84.0 132000
1695308920257 84.0 136000
1695308937689 84.0 140000
1695308955642 84.0 144000
1695308973248 84.0 148000
1695308991031 84.0 152000
1695309008084 84.0 156000
1695309025037 84.0 160000
1695309041904 84.0 164000
1695309058977 84.0 168000
1695309076377 84.0 172000
1695309093134 84.0 176000
1695309109823 84.0 180000
1695309126130 84.0 184000
1695309143070 84.0 188000
1695309161623 84.0 192000
1695309179128 84.0 196000
1695309196886 84.0 200000
1695309214140 84.0 204000
1695309232091 84.0 208000
1695309248805 84.0 212000
1695309265903 84.0 216000
1695309283806 84.0 220000
1695309301829 84.0 224000
1695309319359 84.0 228000
1695309336457 84.0 232000
1695309353447 84.0 236000
1695309370990 84.0 240000
1695309387772 84.0 244000
1695309404573 84.0 248000
1695309420996 84.0 252000
1695309437246 84.0 256000
1695309453751 84.0 260000
1695309471015 84.0 264000
1695309487922 84.0 268000
1695309504536 84.0 272000
1695309521844 84.0 276000
1695309538417 84.0 280000
1695309554850 84.0 284000
1695309571757 84.0 288000
1695309588340 84.0 292000
1695309604951 84.0 296000
1695309621210 84.0 300000
1695309637631 84.0 304000
1695309653983 84.0 308000
1695309670442 84.0 312000
1695309686923 84.0 316000
1695309703526 84.0 320000
1695309720132 84.0 324000
1695309736783 84.0 328000
1695309753498 84.0 332000
1695309770667 84.0 336000
1695309788455 84.0 340000
1695309806306 84.0 344000
1695309823950 84.0 348000
1695309841547 84.0 352000
1695309859464 84.0 356000
1695309877062 84.0 360000
1695309895259 84.0 364000
1695309912928 84.0 368000
1695309930534 84.0 372000
1695309948122 84.0 376000
1695309965692 84.0 380000
1695309983371 84.0 384000
1695310001836 84.0 388000
1695310019172 84.0 392000
1695310037272 84.0 396000
1695310058526 84.0 400000
1695310080124 84.0 404000
1695310099855 84.0 408000
1695310120047 84.0 412000
1695310136672 84.0 416000
1695310153376 84.0 420000
1695310170873 84.0 424000
1695310189125 84.0 428000
1695310207463 84.0 432000
1695310225719 84.0 436000
1695310244140 84.0 440000
1695310262455 84.0 444000
1695310280725 84.0 448000
1695310299216 84.0 452000
1695310318059 84.0 456000
1695310336788 84.0 460000
1695310355290 84.0 464000
1695310373955 84.0 468000
1695310392706 84.0 472000
1695310411189 84.0 476000
1695310429616 84.0 480000
1695310448022 84.0 484000
1695310466463 84.0 488000
1695310485107 84.0 492000
1695310503585 84.0 496000
1695310521998 84.0 500000
1695310540707 84.0 504000
1695310559053 84.0 508000
1695310577737 84.0 512000
1695310596083 84.0 516000
1695310614680 84.0 520000
1695310633245 84.0 524000
1695310651730 84.0 528000
1695310670082 84.0 532000
1695310688439 84.0 536000
1695310706944 84.0 540000
1695310725475 84.0 544000
1695310744082 84.0 548000
1695310762483 84.0 552000
1695310781008 84.0 556000
1695310799251 84.0 560000
1695310818206 84.0 564000
1695310836143 84.0 568000
1695310852936 84.0 572000
1695310869733 84.0 576000
1695310886335 84.0 580000
1695310903039 84.0 584000
1695310919945 84.0 588000
1695310937735 84.0 592000
1695310956124 84.0 596000
1695310974842 84.0 600000
1695310993517 84.0 604000
1695311012351 84.0 608000
1695311030845 84.0 612000
1695311049183 84.0 616000
1695311068430 84.0 620000
1695311087409 84.0 624000
1695311106063 84.0 628000
1695311124496 84.0 632000
1695311143168 84.0 636000
1695311161543 84.0 640000
1695311180134 84.0 644000
1695311198618 84.0 648000
1695311217032 84.0 652000
1695311235340 84.0 656000
1695311253742 84.0 660000
1695311272665 84.0 664000
1695311293337 84.0 668000
1695311312885 84.0 672000
1695311332606 84.0 676000
1695311352130 84.0 680000
1695311371386 84.0 684000
1695311391093 84.0 688000
1695311410802 84.0 692000
1695311430539 84.0 696000
1695311449884 84.0 700000
1695311469602 84.0 704000
1695311489016 84.0 708000
1695311507774 84.0 712000
1695311525312 84.0 716000
1695311545213 84.0 720000
1695311563454 84.0 724000
1695311580680 84.0 728000
1695311597930 84.0 732000
1695311614963 84.0 736000
1695311633165 84.0 740000
1695311651527 84.0 744000
1695311670679 84.0 748000
1695311688314 84.0 752000
1695311705543 84.0 756000
1695311723956 84.0 760000
1695311742208 84.0 764000
1695311760363 84.0 768000
1695311778460 84.0 772000
1695311796524 84.0 776000
1695311814094 84.0 780000
1695311831639 84.0 784000
