1695308366407 0.0 4000
1695308381994 0.0 8000
1695308398697 0.0 12000
1695308415506 0.0 16000
1695308433131 0.0 20000
1695308450646 0.0 24000
1695308467264 0.0 28000
1695308484591 0.0 32000
1695308501545 0.0 36000
1695308517838 0.0 40000
1695308534365 0.0 44000
1695308550427 0.0 48000
1695308566572 0.0 52000
1695308582686 0.0 56000
1695308598964 0.0 60000
1695308614913 0.0 64000
1695308630974 0.0 68000
1695308646877 0.0 72000
1695308663039 0.0 76000
1695308679323 0.0 80000
1695308696667 0.0 84000
1695308714094 0.0 88000
1695308731377 0.0 92000
1695308748444 0.0 96000
1695308765558 0.0 100000
1695308782802 0.0 104000
1695308799789 0.0 108000
1695308816747 0.0 112000
1695308833824 0.0 116000
1695308850832 0.0 120000
1695308868060 0.0 124000
1695308885394 0.0 128000
1695308902946 0.0 132000
1695308920254 0.0 136000
1695308937686 0.0 140000
1695308955639 0.0 144000
1695308973245 0.0 148000
1695308991028 0.0 152000
1695309008082 0.0 156000
1695309025035 0.0 160000
1695309041901 0.0 164000
1695309058974 0.0 168000
1695309076374 0.0 172000
1695309093131 0.0 176000
1695309109820 0.0 180000
1695309126127 0.0 184000
1695309143067 0.0 188000
1695309161620 0.0 192000
1695309179125 0.0 196000
1695309196883 0.0 200000
1695309214137 0.0 204000
1695309232088 0.0 208000
1695309248802 0.0 212000
1695309265901 0.0 216000
1695309283803 0.0 220000
1695309301825 0.0 224000
1695309319356 0.0 228000
1695309336454 0.0 232000
1695309353444 0.0 236000
1695309370987 0.0 240000
1695309387769 0.0 244000
1695309404570 0.0 248000
1695309420993 0.0 252000
1695309437243 0.0 256000
1695309453748 0.0 260000
1695309471012 0.0 264000
1695309487919 0.0 268000
1695309504533 0.0 272000
1695309521841 0.0 276000
1695309538414 0.0 280000
1695309554847 0.0 284000
1695309571754 0.0 288000
1695309588337 0.0 292000
1695309604948 0.0 296000
1695309621207 0.0 300000
1695309637628 0.0 304000
1695309653980 0.0 308000
1695309670439 0.0 312000
1695309686920 0.0 316000
1695309703523 0.0 320000
1695309720130 0.0 324000
1695309736780 0.0 328000
1695309753495 0.0 332000
1695309770664 0.0 336000
1695309788453 0.0 340000
1695309806303 0.0 344000
1695309823947 0.0 348000
1695309841545 0.0 352000
1695309859461 0.0 356000
1695309877059 0.0 360000
1695309895256 0.0 364000
1695309912926 0.0 368000
1695309930531 0.0 372000
1695309948119 0.0 376000
1695309965689 0.0 380000
1695309983369 0.0 384000
1695310001833 0.0 388000
1695310019169 0.0 392000
1695310037269 0.0 396000
1695310058522 0.0 400000
1695310080118 0.0 404000
1695310099852 0.0 408000
1695310120044 0.0 412000
1695310136670 0.0 416000
1695310153372 0.0 420000
1695310170870 0.0 424000
1695310189122 0.0 428000
1695310207460 0.0 432000
1695310225716 0.0 436000
1695310244137 0.0 440000
1695310262452 0.0 444000
1695310280722 0.0 448000
1695310299213 0.0 452000
1695310318056 0.0 456000
1695310336785 0.0 460000
1695310355287 0.0 464000
1695310373952 0.0 468000
1695310392703 0.0 472000
1695310411186 0.0 476000
1695310429613 0.0 480000
1695310448019 0.0 484000
1695310466460 0.0 488000
1695310485104 0.0 492000
1695310503582 0.0 496000
1695310521995 0.0 500000
1695310540705 0.0 504000
1695310559050 0.0 508000
1695310577734 0.0 512000
1695310596080 0.0 516000
1695310614677 0.0 520000
1695310633242 0.0 524000
1695310651727 0.0 528000
1695310670079 0.0 532000
1695310688436 0.0 536000
1695310706941 0.0 540000
1695310725472 0.0 544000
1695310744079 0.0 548000
1695310762480 0.0 552000
1695310781005 0.0 556000
1695310799248 0.0 560000
1695310818203 0.0 564000
1695310836141 0.0 568000
1695310852933 0.0 572000
1695310869730 0.0 576000
1695310886332 0.0 580000
1695310903036 0.0 584000
1695310919942 0.0 588000
1695310937732 0.0 592000
1695310956121 0.0 596000
1695310974839 0.0 600000
1695310993514 0.0 604000
1695311012348 0.0 608000
1695311030842 0.0 612000
1695311049180 0.0 616000
1695311068428 0.0 620000
1695311087405 0.0 624000
1695311106060 0.0 628000
1695311124493 0.0 632000
1695311143166 0.0 636000
1695311161540 0.0 640000
1695311180131 0.0 644000
1695311198615 0.0 648000
1695311217029 0.0 652000
1695311235337 0.0 656000
1695311253739 0.0 660000
1695311272662 0.0 664000
1695311293334 0.0 668000
1695311312881 0.0 672000
1695311332603 0.0 676000
1695311352127 0.0 680000
1695311371383 0.0 684000
1695311391090 0.0 688000
1695311410799 0.0 692000
1695311430536 0.0 696000
1695311449880 0.0 700000
1695311469599 0.0 704000
1695311489013 0.0 708000
1695311507771 0.0 712000
1695311525308 0.0 716000
1695311545210 0.0 720000
1695311563451 0.0 724000
1695311580677 0.0 728000
1695311597927 0.0 732000
1695311614960 0.0 736000
1695311633162 0.0 740000
1695311651524 0.0 744000
1695311670676 0.0 748000
1695311688311 0.0 752000
1695311705540 0.0 756000
1695311723953 0.0 760000
1695311742205 0.0 764000
1695311760360 0.0 768000
1695311778457 0.0 772000
1695311796521 0.0 776000
1695311814091 0.0 780000
1695311831636 0.0 784000
