1695308366407 256.0 4000
1695308381993 256.0 8000
1695308398697 256.0 12000
1695308415505 256.0 16000
1695308433131 256.0 20000
1695308450645 256.0 24000
1695308467263 256.0 28000
1695308484590 256.0 32000
1695308501544 256.0 36000
1695308517837 256.0 40000
1695308534365 256.0 44000
1695308550427 256.0 48000
1695308566571 256.0 52000
1695308582686 256.0 56000
1695308598964 256.0 60000
1695308614913 256.0 64000
1695308630973 256.0 68000
1695308646877 256.0 72000
1695308663039 256.0 76000
1695308679323 256.0 80000
1695308696667 256.0 84000
1695308714093 256.0 88000
1695308731377 256.0 92000
1695308748444 256.0 96000
1695308765558 256.0 100000
1695308782802 256.0 104000
1695308799789 256.0 108000
1695308816747 256.0 112000
1695308833823 256.0 116000
1695308850831 256.0 120000
1695308868060 256.0 124000
1695308885394 256.0 128000
1695308902945 256.0 132000
1695308920254 256.0 136000
1695308937685 256.0 140000
1695308955639 256.0 144000
1695308973245 256.0 148000
1695308991027 256.0 152000
1695309008081 256.0 156000
1695309025034 256.0 160000
1695309041901 256.0 164000
1695309058974 256.0 168000
1695309076373 256.0 172000
1695309093131 256.0 176000
1695309109820 256.0 180000
1695309126126 256.0 184000
1695309143066 256.0 188000
1695309161619 256.0 192000
1695309179125 256.0 196000
1695309196883 256.0 200000
1695309214137 256.0 204000
1695309232087 256.0 208000
1695309248802 256.0 212000
1695309265900 256.0 216000
1695309283803 256.0 220000
1695309301825 256.0 224000
1695309319355 256.0 228000
1695309336453 256.0 232000
1695309353443 256.0 236000
1695309370987 256.0 240000
1695309387769 256.0 244000
1695309404570 256.0 248000
1695309420992 256.0 252000
1695309437243 256.0 256000
1695309453748 256.0 260000
1695309471011 256.0 264000
1695309487918 256.0 268000
1695309504532 256.0 272000
1695309521841 256.0 276000
1695309538414 256.0 280000
1695309554847 256.0 284000
1695309571754 256.0 288000
1695309588336 256.0 292000
1695309604947 256.0 296000
1695309621207 256.0 300000
1695309637628 256.0 304000
1695309653979 256.0 308000
1695309670439 256.0 312000
1695309686919 256.0 316000
1695309703523 256.0 320000
1695309720129 256.0 324000
1695309736780 256.0 328000
1695309753494 256.0 332000
1695309770663 256.0 336000
1695309788452 256.0 340000
1695309806303 256.0 344000
1695309823947 256.0 348000
1695309841544 256.0 352000
1695309859461 256.0 356000
1695309877059 256.0 360000
1695309895255 256.0 364000
1695309912925 256.0 368000
1695309930530 256.0 372000
1695309948119 256.0 376000
1695309965688 256.0 380000
1695309983368 256.0 384000
1695310001833 256.0 388000
1695310019168 256.0 392000
1695310037269 256.0 396000
1695310058522 256.0 400000
1695310080117 256.0 404000
1695310099852 256.0 408000
1695310120044 256.0 412000
1695310136669 256.0 416000
1695310153372 256.0 420000
1695310170870 256.0 424000
1695310189121 256.0 428000
1695310207460 256.0 432000
1695310225715 256.0 436000
1695310244137 256.0 440000
1695310262452 256.0 444000
1695310280721 256.0 448000
1695310299213 256.0 452000
1695310318056 256.0 456000
1695310336785 256.0 460000
1695310355287 256.0 464000
1695310373951 256.0 468000
1695310392703 256.0 472000
1695310411186 256.0 476000
1695310429613 256.0 480000
1695310448019 256.0 484000
1695310466460 256.0 488000
1695310485104 256.0 492000
1695310503581 256.0 496000
1695310521995 256.0 500000
1695310540704 256.0 504000
1695310559049 256.0 508000
1695310577734 256.0 512000
1695310596079 256.0 516000
1695310614677 256.0 520000
1695310633242 256.0 524000
1695310651727 256.0 528000
1695310670079 256.0 532000
1695310688436 256.0 536000
1695310706941 256.0 540000
1695310725472 256.0 544000
1695310744079 256.0 548000
1695310762480 256.0 552000
1695310781005 256.0 556000
1695310799248 256.0 560000
1695310818202 256.0 564000
1695310836140 256.0 568000
1695310852933 256.0 572000
1695310869729 256.0 576000
1695310886331 256.0 580000
1695310903035 256.0 584000
1695310919941 256.0 588000
1695310937732 256.0 592000
1695310956120 256.0 596000
1695310974839 256.0 600000
1695310993513 256.0 604000
1695311012347 256.0 608000
1695311030841 256.0 612000
1695311049180 256.0 616000
1695311068427 256.0 620000
1695311087405 256.0 624000
1695311106060 256.0 628000
1695311124493 256.0 632000
1695311143165 256.0 636000
1695311161539 256.0 640000
1695311180130 256.0 644000
1695311198614 256.0 648000
1695311217029 256.0 652000
1695311235337 256.0 656000
1695311253739 256.0 660000
1695311272661 256.0 664000
1695311293334 256.0 668000
1695311312880 256.0 672000
1695311332603 256.0 676000
1695311352126 256.0 680000
1695311371383 256.0 684000
1695311391089 256.0 688000
1695311410798 256.0 692000
1695311430536 256.0 696000
1695311449880 256.0 700000
1695311469599 256.0 704000
1695311489013 256.0 708000
1695311507770 256.0 712000
1695311525308 256.0 716000
1695311545209 256.0 720000
1695311563451 256.0 724000
1695311580676 256.0 728000
1695311597927 256.0 732000
1695311614960 256.0 736000
1695311633162 256.0 740000
1695311651524 256.0 744000
1695311670676 256.0 748000
1695311688311 256.0 752000
1695311705540 256.0 756000
1695311723953 256.0 760000
1695311742204 256.0 764000
1695311760360 256.0 768000
1695311778457 256.0 772000
1695311796520 256.0 776000
1695311814091 256.0 780000
1695311831635 256.0 784000
