1695308366411 -1.0 4000
1695308381997 -1.0 8000
1695308398701 -1.0 12000
1695308415510 -1.0 16000
1695308433135 -1.0 20000
1695308450650 -1.0 24000
1695308467268 -1.0 28000
1695308484594 -1.0 32000
1695308501549 -1.0 36000
1695308517841 -1.0 40000
1695308534369 -1.0 44000
1695308550431 -1.0 48000
1695308566576 -1.0 52000
1695308582690 -1.0 56000
1695308598968 -1.0 60000
1695308614917 -1.0 64000
1695308630978 -1.0 68000
1695308646881 -1.0 72000
1695308663043 -1.0 76000
1695308679327 -1.0 80000
1695308696671 -1.0 84000
1695308714097 -1.0 88000
1695308731381 -1.0 92000
1695308748448 -1.0 96000
1695308765562 -1.0 100000
1695308782806 -1.0 104000
1695308799793 -1.0 108000
1695308816751 -1.0 112000
1695308833827 -1.0 116000
1695308850835 -1.0 120000
1695308868064 -1.0 124000
1695308885398 -1.0 128000
1695308902949 -1.0 132000
1695308920258 -1.0 136000
1695308937690 -1.0 140000
1695308955643 -1.0 144000
1695308973249 -1.0 148000
1695308991031 -1.0 152000
1695309008085 -1.0 156000
1695309025038 -1.0 160000
1695309041905 -1.0 164000
1695309058978 -1.0 168000
1695309076378 -1.0 172000
1695309093135 -1.0 176000
1695309109824 -1.0 180000
1695309126131 -1.0 184000
1695309143071 -1.0 188000
1695309161624 -1.0 192000
1695309179129 -1.0 196000
1695309196887 -1.0 200000
1695309214141 -1.0 204000
1695309232092 -1.0 208000
1695309248806 -1.0 212000
1695309265904 -1.0 216000
1695309283807 -1.0 220000
1695309301830 -1.0 224000
1695309319359 -1.0 228000
1695309336458 -1.0 232000
1695309353448 -1.0 236000
1695309370991 -1.0 240000
1695309387773 -1.0 244000
1695309404574 -1.0 248000
1695309420997 -1.0 252000
1695309437247 -1.0 256000
1695309453752 -1.0 260000
1695309471015 -1.0 264000
1695309487923 -1.0 268000
1695309504537 -1.0 272000
1695309521845 -1.0 276000
1695309538418 -1.0 280000
1695309554851 -1.0 284000
1695309571758 -1.0 288000
1695309588340 -1.0 292000
1695309604951 -1.0 296000
1695309621211 -1.0 300000
1695309637632 -1.0 304000
1695309653983 -1.0 308000
1695309670443 -1.0 312000
1695309686924 -1.0 316000
1695309703527 -1.0 320000
1695309720133 -1.0 324000
1695309736784 -1.0 328000
1695309753499 -1.0 332000
1695309770668 -1.0 336000
1695309788456 -1.0 340000
1695309806307 -1.0 344000
1695309823951 -1.0 348000
1695309841548 -1.0 352000
1695309859465 -1.0 356000
1695309877063 -1.0 360000
1695309895259 -1.0 364000
1695309912929 -1.0 368000
1695309930534 -1.0 372000
1695309948123 -1.0 376000
1695309965693 -1.0 380000
1695309983372 -1.0 384000
1695310001837 -1.0 388000
1695310019172 -1.0 392000
1695310037273 -1.0 396000
1695310058527 -1.0 400000
1695310080125 -1.0 404000
1695310099856 -1.0 408000
1695310120048 -1.0 412000
1695310136673 -1.0 416000
1695310153377 -1.0 420000
1695310170874 -1.0 424000
1695310189126 -1.0 428000
1695310207464 -1.0 432000
1695310225720 -1.0 436000
1695310244141 -1.0 440000
1695310262456 -1.0 444000
1695310280726 -1.0 448000
1695310299217 -1.0 452000
1695310318060 -1.0 456000
1695310336789 -1.0 460000
1695310355291 -1.0 464000
1695310373956 -1.0 468000
1695310392707 -1.0 472000
1695310411190 -1.0 476000
1695310429617 -1.0 480000
1695310448023 -1.0 484000
1695310466464 -1.0 488000
1695310485108 -1.0 492000
1695310503586 -1.0 496000
1695310521999 -1.0 500000
1695310540708 -1.0 504000
1695310559054 -1.0 508000
1695310577738 -1.0 512000
1695310596084 -1.0 516000
1695310614681 -1.0 520000
1695310633246 -1.0 524000
1695310651731 -1.0 528000
1695310670083 -1.0 532000
1695310688440 -1.0 536000
1695310706945 -1.0 540000
1695310725476 -1.0 544000
1695310744083 -1.0 548000
1695310762484 -1.0 552000
1695310781009 -1.0 556000
1695310799252 -1.0 560000
1695310818207 -1.0 564000
1695310836144 -1.0 568000
1695310852937 -1.0 572000
1695310869733 -1.0 576000
1695310886336 -1.0 580000
1695310903039 -1.0 584000
1695310919945 -1.0 588000
1695310937736 -1.0 592000
1695310956125 -1.0 596000
1695310974843 -1.0 600000
1695310993518 -1.0 604000
1695311012352 -1.0 608000
1695311030846 -1.0 612000
1695311049184 -1.0 616000
1695311068431 -1.0 620000
1695311087410 -1.0 624000
1695311106064 -1.0 628000
1695311124497 -1.0 632000
1695311143169 -1.0 636000
1695311161543 -1.0 640000
1695311180135 -1.0 644000
1695311198619 -1.0 648000
1695311217033 -1.0 652000
1695311235341 -1.0 656000
1695311253743 -1.0 660000
1695311272666 -1.0 664000
1695311293338 -1.0 668000
1695311312886 -1.0 672000
1695311332607 -1.0 676000
1695311352130 -1.0 680000
1695311371387 -1.0 684000
1695311391093 -1.0 688000
1695311410802 -1.0 692000
1695311430540 -1.0 696000
1695311449884 -1.0 700000
1695311469603 -1.0 704000
1695311489017 -1.0 708000
1695311507775 -1.0 712000
1695311525312 -1.0 716000
1695311545213 -1.0 720000
1695311563455 -1.0 724000
1695311580680 -1.0 728000
1695311597931 -1.0 732000
1695311614964 -1.0 736000
1695311633166 -1.0 740000
1695311651528 -1.0 744000
1695311670680 -1.0 748000
1695311688315 -1.0 752000
1695311705544 -1.0 756000
1695311723957 -1.0 760000
1695311742209 -1.0 764000
1695311760364 -1.0 768000
1695311778461 -1.0 772000
1695311796524 -1.0 776000
1695311814095 -1.0 780000
1695311831640 -1.0 784000
