1695308366406 20.0 4000
1695308381993 20.0 8000
1695308398697 20.0 12000
1695308415505 20.0 16000
1695308433131 20.0 20000
1695308450645 20.0 24000
1695308467263 20.0 28000
1695308484590 20.0 32000
1695308501544 20.0 36000
1695308517837 20.0 40000
1695308534364 20.0 44000
1695308550427 20.0 48000
1695308566571 20.0 52000
1695308582685 20.0 56000
1695308598964 20.0 60000
1695308614913 20.0 64000
1695308630973 20.0 68000
1695308646877 20.0 72000
1695308663039 20.0 76000
1695308679322 20.0 80000
1695308696667 20.0 84000
1695308714093 20.0 88000
1695308731377 20.0 92000
1695308748444 20.0 96000
1695308765558 20.0 100000
1695308782802 20.0 104000
1695308799789 20.0 108000
1695308816747 20.0 112000
1695308833823 20.0 116000
1695308850831 20.0 120000
1695308868059 20.0 124000
1695308885394 20.0 128000
1695308902945 20.0 132000
1695308920254 20.0 136000
1695308937685 20.0 140000
1695308955639 20.0 144000
1695308973245 20.0 148000
1695308991027 20.0 152000
1695309008081 20.0 156000
1695309025034 20.0 160000
1695309041900 20.0 164000
1695309058973 20.0 168000
1695309076373 20.0 172000
1695309093131 20.0 176000
1695309109820 20.0 180000
1695309126126 20.0 184000
1695309143066 20.0 188000
1695309161619 20.0 192000
1695309179125 20.0 196000
1695309196882 20.0 200000
1695309214136 20.0 204000
1695309232087 20.0 208000
1695309248801 20.0 212000
1695309265900 20.0 216000
1695309283803 20.0 220000
1695309301825 20.0 224000
1695309319355 20.0 228000
1695309336453 20.0 232000
1695309353443 20.0 236000
1695309370987 20.0 240000
1695309387769 20.0 244000
1695309404570 20.0 248000
1695309420992 20.0 252000
1695309437242 20.0 256000
1695309453747 20.0 260000
1695309471011 20.0 264000
1695309487918 20.0 268000
1695309504532 20.0 272000
1695309521841 20.0 276000
1695309538413 20.0 280000
1695309554847 20.0 284000
1695309571753 20.0 288000
1695309588336 20.0 292000
1695309604947 20.0 296000
1695309621206 20.0 300000
1695309637628 20.0 304000
1695309653979 20.0 308000
1695309670439 20.0 312000
1695309686919 20.0 316000
1695309703523 20.0 320000
1695309720129 20.0 324000
1695309736780 20.0 328000
1695309753494 20.0 332000
1695309770663 20.0 336000
1695309788452 20.0 340000
1695309806303 20.0 344000
1695309823947 20.0 348000
1695309841544 20.0 352000
1695309859460 20.0 356000
1695309877058 20.0 360000
1695309895255 20.0 364000
1695309912925 20.0 368000
1695309930530 20.0 372000
1695309948119 20.0 376000
1695309965688 20.0 380000
1695309983368 20.0 384000
1695310001833 20.0 388000
1695310019168 20.0 392000
1695310037269 20.0 396000
1695310058521 20.0 400000
1695310080117 20.0 404000
1695310099852 20.0 408000
1695310120043 20.0 412000
1695310136669 20.0 416000
1695310153371 20.0 420000
1695310170869 20.0 424000
1695310189121 20.0 428000
1695310207460 20.0 432000
1695310225715 20.0 436000
1695310244136 20.0 440000
1695310262452 20.0 444000
1695310280721 20.0 448000
1695310299213 20.0 452000
1695310318056 20.0 456000
1695310336784 20.0 460000
1695310355287 20.0 464000
1695310373951 20.0 468000
1695310392702 20.0 472000
1695310411185 20.0 476000
1695310429613 20.0 480000
1695310448018 20.0 484000
1695310466460 20.0 488000
1695310485103 20.0 492000
1695310503581 20.0 496000
1695310521994 20.0 500000
1695310540704 20.0 504000
1695310559049 20.0 508000
1695310577734 20.0 512000
1695310596079 20.0 516000
1695310614677 20.0 520000
1695310633242 20.0 524000
1695310651726 20.0 528000
1695310670078 20.0 532000
1695310688436 20.0 536000
1695310706940 20.0 540000
1695310725471 20.0 544000
1695310744079 20.0 548000
1695310762480 20.0 552000
1695310781005 20.0 556000
1695310799248 20.0 560000
1695310818202 20.0 564000
1695310836140 20.0 568000
1695310852933 20.0 572000
1695310869729 20.0 576000
1695310886331 20.0 580000
1695310903035 20.0 584000
1695310919941 20.0 588000
1695310937731 20.0 592000
1695310956120 20.0 596000
1695310974839 20.0 600000
1695310993513 20.0 604000
1695311012347 20.0 608000
1695311030841 20.0 612000
1695311049179 20.0 616000
1695311068427 20.0 620000
1695311087405 20.0 624000
1695311106059 20.0 628000
1695311124493 20.0 632000
1695311143165 20.0 636000
1695311161539 20.0 640000
1695311180130 20.0 644000
1695311198614 20.0 648000
1695311217028 20.0 652000
1695311235337 20.0 656000
1695311253739 20.0 660000
1695311272661 20.0 664000
1695311293333 20.0 668000
1695311312880 20.0 672000
1695311332603 20.0 676000
1695311352126 20.0 680000
1695311371383 20.0 684000
1695311391089 20.0 688000
1695311410798 20.0 692000
1695311430535 20.0 696000
1695311449880 20.0 700000
1695311469598 20.0 704000
1695311489013 20.0 708000
1695311507770 20.0 712000
1695311525308 20.0 716000
1695311545209 20.0 720000
1695311563451 20.0 724000
1695311580676 20.0 728000
1695311597926 20.0 732000
1695311614960 20.0 736000
1695311633162 20.0 740000
1695311651523 20.0 744000
1695311670676 20.0 748000
1695311688311 20.0 752000
1695311705540 20.0 756000
1695311723953 20.0 760000
1695311742204 20.0 764000
1695311760359 20.0 768000
1695311778457 20.0 772000
1695311796520 20.0 776000
1695311814091 20.0 780000
1695311831635 20.0 784000
