1695308366406 0.0 4000
1695308381993 0.0 8000
1695308398696 0.0 12000
1695308415505 0.0 16000
1695308433131 0.0 20000
1695308450645 0.0 24000
1695308467263 0.0 28000
1695308484590 0.0 32000
1695308501544 0.0 36000
1695308517837 0.0 40000
1695308534364 0.0 44000
1695308550426 0.0 48000
1695308566571 0.0 52000
1695308582685 0.0 56000
1695308598963 0.0 60000
1695308614913 0.0 64000
1695308630973 0.0 68000
1695308646877 0.0 72000
1695308663038 0.0 76000
1695308679322 0.0 80000
1695308696667 0.0 84000
1695308714093 0.0 88000
1695308731376 0.0 92000
1695308748443 0.0 96000
1695308765558 0.0 100000
1695308782802 0.0 104000
1695308799788 0.0 108000
1695308816747 0.0 112000
1695308833822 0.0 116000
1695308850831 0.0 120000
1695308868059 0.0 124000
1695308885393 0.0 128000
1695308902945 0.0 132000
1695308920254 0.0 136000
1695308937685 0.0 140000
1695308955638 0.0 144000
1695308973245 0.0 148000
1695308991027 0.0 152000
1695309008081 0.0 156000
1695309025034 0.0 160000
1695309041900 0.0 164000
1695309058973 0.0 168000
1695309076373 0.0 172000
1695309093131 0.0 176000
1695309109819 0.0 180000
1695309126126 0.0 184000
1695309143066 0.0 188000
1695309161619 0.0 192000
1695309179125 0.0 196000
1695309196882 0.0 200000
1695309214136 0.0 204000
1695309232087 0.0 208000
1695309248801 0.0 212000
1695309265900 0.0 216000
1695309283802 0.0 220000
1695309301824 0.0 224000
1695309319355 0.0 228000
1695309336453 0.0 232000
1695309353443 0.0 236000
1695309370987 0.0 240000
1695309387768 0.0 244000
1695309404569 0.0 248000
1695309420992 0.0 252000
1695309437242 0.0 256000
1695309453747 0.0 260000
1695309471011 0.0 264000
1695309487918 0.0 268000
1695309504532 0.0 272000
1695309521840 0.0 276000
1695309538413 0.0 280000
1695309554846 0.0 284000
1695309571753 0.0 288000
1695309588336 0.0 292000
1695309604947 0.0 296000
1695309621206 0.0 300000
1695309637627 0.0 304000
1695309653979 0.0 308000
1695309670439 0.0 312000
1695309686919 0.0 316000
1695309703522 0.0 320000
1695309720129 0.0 324000
1695309736779 0.0 328000
1695309753494 0.0 332000
1695309770663 0.0 336000
1695309788452 0.0 340000
1695309806302 0.0 344000
1695309823946 0.0 348000
1695309841544 0.0 352000
1695309859460 0.0 356000
1695309877058 0.0 360000
1695309895255 0.0 364000
1695309912925 0.0 368000
1695309930530 0.0 372000
1695309948119 0.0 376000
1695309965688 0.0 380000
1695309983368 0.0 384000
1695310001833 0.0 388000
1695310019168 0.0 392000
1695310037268 0.0 396000
1695310058521 0.0 400000
1695310080116 0.0 404000
1695310099851 0.0 408000
1695310120043 0.0 412000
1695310136669 0.0 416000
1695310153371 0.0 420000
1695310170869 0.0 424000
1695310189121 0.0 428000
1695310207459 0.0 432000
1695310225714 0.0 436000
1695310244136 0.0 440000
1695310262451 0.0 444000
1695310280721 0.0 448000
1695310299212 0.0 452000
1695310318055 0.0 456000
1695310336784 0.0 460000
1695310355286 0.0 464000
1695310373951 0.0 468000
1695310392702 0.0 472000
1695310411185 0.0 476000
1695310429612 0.0 480000
1695310448018 0.0 484000
1695310466459 0.0 488000
1695310485103 0.0 492000
1695310503581 0.0 496000
1695310521994 0.0 500000
1695310540704 0.0 504000
1695310559049 0.0 508000
1695310577733 0.0 512000
1695310596079 0.0 516000
1695310614677 0.0 520000
1695310633241 0.0 524000
1695310651726 0.0 528000
1695310670078 0.0 532000
1695310688435 0.0 536000
1695310706940 0.0 540000
1695310725471 0.0 544000
1695310744079 0.0 548000
1695310762479 0.0 552000
1695310781005 0.0 556000
1695310799248 0.0 560000
1695310818202 0.0 564000
1695310836140 0.0 568000
1695310852933 0.0 572000
1695310869729 0.0 576000
1695310886331 0.0 580000
1695310903035 0.0 584000
1695310919941 0.0 588000
1695310937731 0.0 592000
1695310956120 0.0 596000
1695310974838 0.0 600000
1695310993513 0.0 604000
1695311012347 0.0 608000
1695311030841 0.0 612000
1695311049179 0.0 616000
1695311068427 0.0 620000
1695311087405 0.0 624000
1695311106059 0.0 628000
1695311124493 0.0 632000
1695311143165 0.0 636000
1695311161539 0.0 640000
1695311180130 0.0 644000
1695311198614 0.0 648000
1695311217028 0.0 652000
1695311235336 0.0 656000
1695311253738 0.0 660000
1695311272661 0.0 664000
1695311293333 0.0 668000
1695311312880 0.0 672000
1695311332602 0.0 676000
1695311352126 0.0 680000
1695311371382 0.0 684000
1695311391089 0.0 688000
1695311410798 0.0 692000
1695311430535 0.0 696000
1695311449880 0.0 700000
1695311469598 0.0 704000
1695311489012 0.0 708000
1695311507770 0.0 712000
1695311525307 0.0 716000
1695311545209 0.0 720000
1695311563450 0.0 724000
1695311580676 0.0 728000
1695311597926 0.0 732000
1695311614960 0.0 736000
1695311633162 0.0 740000
1695311651523 0.0 744000
1695311670676 0.0 748000
1695311688310 0.0 752000
1695311705540 0.0 756000
1695311723952 0.0 760000
1695311742204 0.0 764000
1695311760359 0.0 768000
1695311778456 0.0 772000
1695311796520 0.0 776000
1695311814090 0.0 780000
1695311831635 0.0 784000
