1695308366367 1.0 4000
1695308381954 1.0 8000
1695308398655 1.0 12000
1695308415464 1.0 16000
1695308433093 1.0 20000
1695308450602 1.0 24000
1695308467223 1.0 28000
1695308484552 1.0 32000
1695308501504 1.0 36000
1695308517799 1.0 40000
1695308534327 1.0 44000
1695308550389 1.0 48000
1695308566533 1.0 52000
1695308582647 1.0 56000
1695308598926 1.0 60000
1695308614875 1.0 64000
1695308630936 1.0 68000
1695308646839 1.0 72000
1695308663000 1.0 76000
1695308679284 1.0 80000
1695308696630 1.0 84000
1695308714056 1.0 88000
1695308731340 1.0 92000
1695308748404 1.0 96000
1695308765520 1.0 100000
1695308782765 1.0 104000
1695308799749 1.0 108000
1695308816710 1.0 112000
1695308833785 1.0 116000
1695308850794 1.0 120000
1695308868023 1.0 124000
1695308885357 1.0 128000
1695308902907 1.0 132000
1695308920216 1.0 136000
1695308937648 1.0 140000
1695308955599 1.0 144000
1695308973207 1.0 148000
1695308990987 1.0 152000
1695309008043 1.0 156000
1695309024996 1.0 160000
1695309041861 1.0 164000
1695309058932 1.0 168000
1695309076335 1.0 172000
1695309093094 1.0 176000
1695309109781 1.0 180000
1695309126088 1.0 184000
1695309143029 1.0 188000
1695309161577 1.0 192000
1695309179087 1.0 196000
1695309196844 1.0 200000
1695309214097 1.0 204000
1695309232048 1.0 208000
1695309248760 1.0 212000
1695309265862 1.0 216000
1695309283761 1.0 220000
1695309301779 1.0 224000
1695309319316 1.0 228000
1695309336415 1.0 232000
1695309353403 1.0 236000
1695309370949 1.0 240000
1695309387729 1.0 244000
1695309404532 1.0 248000
1695309420953 1.0 252000
1695309437205 1.0 256000
1695309453709 1.0 260000
1695309470972 1.0 264000
1695309487879 1.0 268000
1695309504495 1.0 272000
1695309521802 1.0 276000
1695309538372 1.0 280000
1695309554808 1.0 284000
1695309571715 0.0 288000
1695309588294 1.0 292000
1695309604909 1.0 296000
1695309621168 1.0 300000
1695309637590 1.0 304000
1695309653940 1.0 308000
1695309670401 1.0 312000
1695309686881 1.0 316000
1695309703484 1.0 320000
1695309720091 1.0 324000
1695309736741 1.0 328000
1695309753457 1.0 332000
1695309770625 1.0 336000
1695309788414 1.0 340000
1695309806264 1.0 344000
1695309823908 1.0 348000
1695309841506 1.0 352000
1695309859423 1.0 356000
1695309877021 1.0 360000
1695309895216 1.0 364000
1695309912887 1.0 368000
1695309930492 1.0 372000
1695309948080 1.0 376000
1695309965649 1.0 380000
1695309983331 1.0 384000
1695310001795 1.0 388000
1695310019130 1.0 392000
1695310037231 1.0 396000
1695310058476 1.0 400000
1695310080072 1.0 404000
1695310099811 1.0 408000
1695310120004 1.0 412000
1695310136632 1.0 416000
1695310153332 1.0 420000
1695310170831 1.0 424000
1695310189079 1.0 428000
1695310207422 1.0 432000
1695310225674 1.0 436000
1695310244097 1.0 440000
1695310262411 1.0 444000
1695310280678 1.0 448000
1695310299171 1.0 452000
1695310318017 1.0 456000
1695310336746 1.0 460000
1695310355248 1.0 464000
1695310373913 1.0 468000
1695310392662 1.0 472000
1695310411147 1.0 476000
1695310429575 1.0 480000
1695310447978 1.0 484000
1695310466421 1.0 488000
1695310485060 1.0 492000
1695310503542 1.0 496000
1695310521953 1.0 500000
1695310540665 1.0 504000
1695310559008 1.0 508000
1695310577696 1.0 512000
1695310596038 1.0 516000
1695310614639 1.0 520000
1695310633201 1.0 524000
1695310651687 1.0 528000
1695310670039 1.0 532000
1695310688395 1.0 536000
1695310706898 1.0 540000
1695310725433 1.0 544000
1695310744037 1.0 548000
1695310762433 1.0 552000
1695310780963 1.0 556000
1695310799210 1.0 560000
1695310818163 1.0 564000
1695310836101 1.0 568000
1695310852895 1.0 572000
1695310869690 1.0 576000
1695310886292 1.0 580000
1695310902998 1.0 584000
1695310919903 1.0 588000
1695310937693 1.0 592000
1695310956080 1.0 596000
1695310974801 1.0 600000
1695310993472 1.0 604000
1695311012308 1.0 608000
1695311030800 1.0 612000
1695311049140 1.0 616000
1695311068388 1.0 620000
1695311087364 1.0 624000
1695311106017 1.0 628000
1695311124453 1.0 632000
1695311143123 1.0 636000
1695311161499 1.0 640000
1695311180088 1.0 644000
1695311198576 1.0 648000
1695311216987 1.0 652000
1695311235298 1.0 656000
1695311253696 1.0 660000
1695311272622 1.0 664000
1695311293292 1.0 668000
1695311312839 1.0 672000
1695311332564 1.0 676000
1695311352088 1.0 680000
1695311371341 1.0 684000
1695311391050 1.0 688000
1695311410758 1.0 692000
1695311430496 1.0 696000
1695311449839 1.0 700000
1695311469558 1.0 704000
1695311488973 1.0 708000
1695311507731 1.0 712000
1695311525268 1.0 716000
1695311545171 1.0 720000
1695311563412 1.0 724000
1695311580638 1.0 728000
1695311597884 1.0 732000
1695311614922 1.0 736000
1695311633123 1.0 740000
1695311651485 1.0 744000
1695311670638 1.0 748000
1695311688273 1.0 752000
1695311705501 1.0 756000
1695311723914 1.0 760000
1695311742160 1.0 764000
1695311760321 1.0 768000
1695311778417 1.0 772000
1695311796481 1.0 776000
1695311814053 1.0 780000
1695311831597 1.0 784000
