1695308366367 0.0 4000
1695308381953 0.0 8000
1695308398655 0.0 12000
1695308415463 0.0 16000
1695308433092 0.0 20000
1695308450602 0.0 24000
1695308467222 0.0 28000
1695308484552 0.0 32000
1695308501503 0.0 36000
1695308517799 0.0 40000
1695308534326 0.0 44000
1695308550389 0.0 48000
1695308566533 0.0 52000
1695308582647 0.0 56000
1695308598926 0.0 60000
1695308614875 0.0 64000
1695308630935 0.0 68000
1695308646839 0.0 72000
1695308663000 0.0 76000
1695308679284 0.0 80000
1695308696629 0.0 84000
1695308714056 0.0 88000
1695308731339 0.0 92000
1695308748403 0.0 96000
1695308765520 0.0 100000
1695308782765 0.0 104000
1695308799748 0.0 108000
1695308816710 0.0 112000
1695308833785 0.0 116000
1695308850794 0.0 120000
1695308868023 0.0 124000
1695308885356 0.0 128000
1695308902907 0.0 132000
1695308920215 0.0 136000
1695308937647 0.0 140000
1695308955599 0.0 144000
1695308973207 0.0 148000
1695308990987 0.0 152000
1695309008043 0.0 156000
1695309024995 0.0 160000
1695309041861 0.0 164000
1695309058932 0.0 168000
1695309076335 0.0 172000
1695309093094 0.0 176000
1695309109780 0.0 180000
1695309126087 0.0 184000
1695309143029 0.0 188000
1695309161577 0.0 192000
1695309179087 0.0 196000
1695309196843 0.0 200000
1695309214097 0.0 204000
1695309232048 0.0 208000
1695309248760 0.0 212000
1695309265862 0.0 216000
1695309283761 0.0 220000
1695309301779 0.0 224000
1695309319316 0.0 228000
1695309336415 0.0 232000
1695309353403 0.0 236000
1695309370949 0.0 240000
1695309387729 0.0 244000
1695309404532 0.0 248000
1695309420952 0.0 252000
1695309437205 0.0 256000
1695309453708 0.0 260000
1695309470972 0.0 264000
1695309487878 0.0 268000
1695309504495 0.0 272000
1695309521802 0.0 276000
1695309538372 0.0 280000
1695309554808 0.0 284000
1695309571715 0.0 288000
1695309588294 0.0 292000
1695309604909 0.0 296000
1695309621167 0.0 300000
1695309637590 0.0 304000
1695309653940 0.0 308000
1695309670401 0.0 312000
1695309686881 0.0 316000
1695309703484 0.0 320000
1695309720091 0.0 324000
1695309736741 0.0 328000
1695309753456 0.0 332000
1695309770625 0.0 336000
1695309788414 0.0 340000
1695309806264 0.0 344000
1695309823908 0.0 348000
1695309841506 0.0 352000
1695309859423 0.0 356000
1695309877021 0.0 360000
1695309895216 0.0 364000
1695309912887 0.0 368000
1695309930492 0.0 372000
1695309948080 0.0 376000
1695309965649 0.0 380000
1695309983331 0.0 384000
1695310001795 0.0 388000
1695310019129 0.0 392000
1695310037231 0.0 396000
1695310058475 0.0 400000
1695310080072 0.0 404000
1695310099811 0.0 408000
1695310120004 0.0 412000
1695310136632 0.0 416000
1695310153332 0.0 420000
1695310170831 0.0 424000
1695310189079 0.0 428000
1695310207421 0.0 432000
1695310225673 0.0 436000
1695310244097 0.0 440000
1695310262411 0.0 444000
1695310280677 0.0 448000
1695310299170 0.0 452000
1695310318017 0.0 456000
1695310336745 0.0 460000
1695310355247 0.0 464000
1695310373913 0.0 468000
1695310392662 0.0 472000
1695310411146 0.0 476000
1695310429575 0.0 480000
1695310447978 0.0 484000
1695310466421 0.0 488000
1695310485060 0.0 492000
1695310503542 0.0 496000
1695310521953 0.0 500000
1695310540665 0.0 504000
1695310559007 0.0 508000
1695310577696 0.0 512000
1695310596038 0.0 516000
1695310614639 0.0 520000
1695310633200 0.0 524000
1695310651687 0.0 528000
1695310670039 0.0 532000
1695310688395 0.0 536000
1695310706898 0.0 540000
1695310725433 0.0 544000
1695310744037 0.0 548000
1695310762433 0.0 552000
1695310780963 0.0 556000
1695310799209 0.0 560000
1695310818163 0.0 564000
1695310836101 0.0 568000
1695310852895 0.0 572000
1695310869690 0.0 576000
1695310886291 0.0 580000
1695310902998 0.0 584000
1695310919903 0.0 588000
1695310937692 0.0 592000
1695310956079 0.0 596000
1695310974801 0.0 600000
1695310993472 0.0 604000
1695311012308 0.0 608000
1695311030800 0.0 612000
1695311049140 0.0 616000
1695311068388 0.0 620000
1695311087364 0.0 624000
1695311106017 0.0 628000
1695311124453 0.0 632000
1695311143123 0.0 636000
1695311161498 0.0 640000
1695311180088 0.0 644000
1695311198575 0.0 648000
1695311216987 0.0 652000
1695311235298 0.0 656000
1695311253696 0.0 660000
1695311272621 0.0 664000
1695311293292 0.0 668000
1695311312839 0.0 672000
1695311332564 0.0 676000
1695311352087 0.0 680000
1695311371341 0.0 684000
1695311391050 0.0 688000
1695311410758 0.0 692000
1695311430495 0.0 696000
1695311449838 0.0 700000
1695311469557 0.0 704000
1695311488973 0.0 708000
1695311507730 0.0 712000
1695311525268 0.0 716000
1695311545171 0.0 720000
1695311563412 0.0 724000
1695311580638 0.0 728000
1695311597884 0.0 732000
1695311614922 0.0 736000
1695311633123 0.0 740000
1695311651485 0.0 744000
1695311670638 0.0 748000
1695311688273 0.0 752000
1695311705501 0.0 756000
1695311723914 0.0 760000
1695311742160 0.0 764000
1695311760321 0.0 768000
1695311778417 0.0 772000
1695311796481 0.0 776000
1695311814052 0.0 780000
1695311831597 0.0 784000
