1695308366365 0.23076923076923078 4000
1695308381952 0.36666666666666664 8000
1695308398653 0.34615384615384615 12000
1695308415462 0.3 16000
1695308433091 0.3125 20000
1695308450600 0.32 24000
1695308467221 0.27 28000
1695308484550 0.27 32000
1695308501502 0.28 36000
1695308517797 0.26 40000
1695308534325 0.22 44000
1695308550387 0.19 48000
1695308566531 0.17 52000
1695308582645 0.17 56000
1695308598924 0.16 60000
1695308614874 0.16 64000
1695308630934 0.15 68000
1695308646837 0.14 72000
1695308662999 0.16 76000
1695308679283 0.14 80000
1695308696628 0.15 84000
1695308714054 0.11 88000
1695308731338 0.09 92000
1695308748402 0.12 96000
1695308765518 0.11 100000
1695308782764 0.1 104000
1695308799747 0.06 108000
1695308816709 0.05 112000
1695308833784 0.08 116000
1695308850792 0.05 120000
1695308868021 0.04 124000
1695308885355 0.05 128000
1695308902905 0.04 132000
1695308920214 0.04 136000
1695308937646 0.04 140000
1695308955597 0.05 144000
1695308973205 0.05 148000
1695308990986 0.06140350877192982 152000
1695309008042 0.07547169811320754 156000
1695309024994 0.078125 160000
1695309041860 0.015151515151515152 164000
1695309058930 0.04477611940298507 168000
1695309076334 0.044642857142857144 172000
1695309093092 0.056451612903225805 176000
1695309109779 0.05303030303030303 180000
1695309126086 0.0782608695652174 184000
1695309143027 0.0375 188000
1695309161575 0.050955414012738856 192000
1695309179085 0.03804347826086957 196000
1695309196842 0.040268456375838924 200000
1695309214095 0.041666666666666664 204000
1695309232046 0.03932584269662921 208000
1695309248758 0.046511627906976744 212000
1695309265860 0.0896551724137931 216000
1695309283759 0.05228758169934641 220000
1695309301777 0.049079754601226995 224000
1695309319314 0.018867924528301886 228000
1695309336414 0.05421686746987952 232000
1695309353401 0.061068702290076333 236000
1695309370947 0.027210884353741496 240000
1695309387728 0.032432432432432434 244000
1695309404530 0.018867924528301886 248000
1695309420951 0.043243243243243246 252000
1695309437203 0.03870967741935484 256000
1695309453707 0.03076923076923077 260000
1695309470970 0.054455445544554455 264000
1695309487877 0.030864197530864196 268000
1695309504493 0.023809523809523808 272000
1695309521800 0.029556650246305417 276000
1695309538371 0.021164021164021163 280000
1695309554807 0.021621621621621623 284000
1695309571713 0.0 288000
1695309588292 0.02564102564102564 292000
1695309604908 0.03763440860215054 296000
1695309621166 0.012195121951219513 300000
1695309637588 0.03211009174311927 304000
1695309653939 0.021621621621621623 308000
1695309670400 0.03278688524590164 312000
1695309686879 0.03314917127071823 316000
1695309703483 0.021505376344086023 320000
1695309720089 0.012048192771084338 324000
1695309736739 0.035 328000
1695309753455 0.02617801047120419 332000
1695309770623 0.027624309392265192 336000
1695309788413 0.009852216748768473 340000
1695309806262 0.023696682464454975 344000
1695309823907 0.014925373134328358 348000
1695309841504 0.02702702702702703 352000
1695309859422 0.03553299492385787 356000
1695309877019 0.016042780748663103 360000
1695309895215 0.03349282296650718 364000
1695309912885 0.016574585635359115 368000
1695309930491 0.03048780487804878 372000
1695309948079 0.015306122448979591 376000
1695309965648 0.027472527472527472 380000
1695309983329 0.03428571428571429 384000
1695310001794 0.005649717514124294 388000
1695310019128 0.005405405405405406 392000
1695310037230 0.02631578947368421 396000
1695310058474 0.004975124378109453 400000
1695310080071 0.00904977375565611 404000
1695310099809 0.03286384976525822 408000
1695310120002 0.004807692307692308 412000
1695310136630 0.029556650246305417 416000
1695310153330 0.01904761904761905 420000
1695310170829 0.037209302325581395 424000
1695310189077 0.013043478260869565 428000
1695310207420 0.01818181818181818 432000
1695310225672 0.0380952380952381 436000
1695310244095 0.01834862385321101 440000
1695310262409 0.008968609865470852 444000
1695310280676 0.02336448598130841 448000
1695310299169 0.03765690376569038 452000
1695310318015 0.018433179723502304 456000
1695310336744 0.009216589861751152 460000
1695310355246 0.04329004329004329 464000
1695310373911 0.026905829596412557 468000
1695310392661 0.013636363636363636 472000
1695310411145 0.022123893805309734 476000
1695310429573 0.021834061135371178 480000
1695310447976 0.049773755656108594 484000
1695310466419 0.02608695652173913 488000
1695310485058 0.028925619834710745 492000
1695310503540 0.00847457627118644 496000
1695310521951 0.022026431718061675 500000
1695310540663 0.029661016949152543 504000
1695310559006 0.046948356807511735 508000
1695310577694 0.013452914798206279 512000
1695310596036 0.01276595744680851 516000
1695310614637 0.018433179723502304 520000
1695310633199 0.022026431718061675 524000
1695310651685 0.03508771929824561 528000
1695310670038 0.03414634146341464 532000
1695310688394 0.017937219730941704 536000
1695310706897 0.013333333333333334 540000
1695310725431 0.028455284552845527 544000
1695310744036 0.022123893805309734 548000
1695310762431 0.02643171806167401 552000
1695310780961 0.0228310502283105 556000
1695310799208 0.041666666666666664 560000
1695310818161 0.0182648401826484 564000
1695310836100 0.0423728813559322 568000
1695310852893 0.02643171806167401 572000
1695310869688 0.017543859649122806 576000
1695310886290 0.021834061135371178 580000
1695310902996 0.018518518518518517 584000
1695310919901 0.008695652173913044 588000
1695310937691 0.021929824561403508 592000
1695310956078 0.004149377593360996 596000
1695310974799 0.01327433628318584 600000
1695310993470 0.020242914979757085 604000
1695311012306 0.012096774193548387 608000
1695311030798 0.004016064257028112 612000
1695311049138 0.004149377593360996 616000
1695311068386 0.016877637130801686 620000
1695311087363 0.03773584905660377 624000
1695311106015 0.016260162601626018 628000
1695311124451 0.02531645569620253 632000
1695311143121 0.039473684210526314 636000
1695311161497 0.021834061135371178 640000
1695311180086 0.024691358024691357 644000
1695311198574 0.024489795918367346 648000
1695311216985 0.008658008658008658 652000
1695311235296 0.0423728813559322 656000
1695311253694 0.01702127659574468 660000
1695311272620 0.0211864406779661 664000
1695311293290 0.012244897959183673 668000
1695311312837 0.02066115702479339 672000
1695311332562 0.024390243902439025 676000
1695311352086 0.027149321266968326 680000
1695311371339 0.024390243902439025 684000
1695311391048 0.02654867256637168 688000
1695311410757 0.020080321285140562 692000
1695311430494 0.02553191489361702 696000
1695311449837 0.018518518518518517 700000
1695311469556 0.012552301255230125 704000
1695311488972 0.015873015873015872 708000
1695311507729 0.01694915254237288 712000
1695311525267 0.0125 716000
1695311545169 0.0199203187250996 720000
1695311563410 0.023809523809523808 724000
1695311580636 0.020491803278688523 728000
1695311597882 0.004166666666666667 732000
1695311614920 0.0196078431372549 736000
1695311633121 0.01762114537444934 740000
1695311651484 0.017543859649122806 744000
1695311670636 0.0199203187250996 748000
1695311688271 0.013100436681222707 752000
1695311705499 0.013215859030837005 756000
1695311723912 0.013100436681222707 760000
1695311742158 0.012096774193548387 764000
1695311760319 0.01646090534979424 768000
1695311778415 0.025423728813559324 772000
1695311796479 0.02666666666666667 776000
1695311814051 0.034334763948497854 780000
1695311831595 0.03007518796992481 784000
