1695308366365 0.0 4000
1695308381952 0.0 8000
1695308398653 0.0 12000
1695308415462 0.0 16000
1695308433091 0.0 20000
1695308450601 0.0 24000
1695308467221 0.0 28000
1695308484551 0.0 32000
1695308501502 0.0 36000
1695308517797 0.0 40000
1695308534325 0.0 44000
1695308550387 0.0 48000
1695308566531 0.0 52000
1695308582645 0.0 56000
1695308598924 0.0 60000
1695308614874 0.0 64000
1695308630934 0.0 68000
1695308646837 0.0 72000
1695308662999 0.0 76000
1695308679283 0.0 80000
1695308696628 0.0 84000
1695308714054 0.0 88000
1695308731338 0.0 92000
1695308748402 0.0 96000
1695308765518 0.0 100000
1695308782764 0.0 104000
1695308799747 0.0 108000
1695308816709 0.0 112000
1695308833784 0.0 116000
1695308850793 0.0 120000
1695308868021 0.0 124000
1695308885355 0.0 128000
1695308902905 0.0 132000
1695308920214 0.0 136000
1695308937646 0.0 140000
1695308955597 0.0 144000
1695308973205 0.0 148000
1695308990986 0.0 152000
1695309008042 0.0 156000
1695309024994 0.0 160000
1695309041860 0.0 164000
1695309058930 0.0 168000
1695309076334 0.0 172000
1695309093093 0.0 176000
1695309109779 0.0 180000
1695309126086 0.0 184000
1695309143027 0.0 188000
1695309161576 0.0 192000
1695309179085 0.0 196000
1695309196842 0.0 200000
1695309214095 0.0 204000
1695309232047 0.0 208000
1695309248758 0.0 212000
1695309265861 0.0 216000
1695309283759 0.0 220000
1695309301777 0.0 224000
1695309319314 0.0 228000
1695309336414 0.0 232000
1695309353401 0.0 236000
1695309370948 0.0 240000
1695309387728 0.0 244000
1695309404531 0.0 248000
1695309420951 0.0 252000
1695309437203 0.0 256000
1695309453707 0.0 260000
1695309470970 0.0 264000
1695309487877 0.0 268000
1695309504494 0.0 272000
1695309521800 0.0 276000
1695309538371 0.0 280000
1695309554807 0.0 284000
1695309571713 0.0 288000
1695309588293 0.0 292000
1695309604908 0.0 296000
1695309621166 0.0 300000
1695309637588 0.0 304000
1695309653939 0.0 308000
1695309670400 0.0 312000
1695309686879 0.0 316000
1695309703483 0.0 320000
1695309720089 0.0 324000
1695309736740 0.0 328000
1695309753455 0.0 332000
1695309770623 0.0 336000
1695309788413 0.0 340000
1695309806263 0.0 344000
1695309823907 0.0 348000
1695309841504 0.0 352000
1695309859422 0.0 356000
1695309877020 0.0 360000
1695309895215 0.0 364000
1695309912885 0.0 368000
1695309930491 0.0 372000
1695309948079 0.0 376000
1695309965648 0.0 380000
1695309983330 0.0 384000
1695310001794 0.0 388000
1695310019128 0.0 392000
1695310037230 0.0 396000
1695310058474 0.0 400000
1695310080071 0.0 404000
1695310099809 0.0 408000
1695310120003 0.0 412000
1695310136631 0.0 416000
1695310153330 0.0 420000
1695310170830 0.0 424000
1695310189077 0.0 428000
1695310207420 0.0 432000
1695310225672 0.0 436000
1695310244096 0.0 440000
1695310262409 0.0 444000
1695310280676 0.0 448000
1695310299169 0.0 452000
1695310318016 0.0 456000
1695310336744 0.0 460000
1695310355246 0.0 464000
1695310373911 0.0 468000
1695310392661 0.0 472000
1695310411145 0.0 476000
1695310429573 0.0 480000
1695310447976 0.0 484000
1695310466419 0.0 488000
1695310485059 0.0 492000
1695310503541 0.0 496000
1695310521951 0.0 500000
1695310540664 0.0 504000
1695310559006 0.0 508000
1695310577694 0.0 512000
1695310596036 0.0 516000
1695310614637 0.0 520000
1695310633199 0.0 524000
1695310651685 0.0 528000
1695310670038 0.0 532000
1695310688394 0.0 536000
1695310706897 0.0 540000
1695310725431 0.0 544000
1695310744036 0.0 548000
1695310762432 0.0 552000
1695310780961 0.0 556000
1695310799208 0.0 560000
1695310818162 0.0 564000
1695310836100 0.0 568000
1695310852893 0.0 572000
1695310869689 0.0 576000
1695310886290 0.0 580000
1695310902996 0.0 584000
1695310919902 0.0 588000
1695310937691 0.0 592000
1695310956078 0.0 596000
1695310974799 0.0 600000
1695310993470 0.0 604000
1695311012306 0.0 608000
1695311030798 0.0 612000
1695311049139 0.0 616000
1695311068387 0.0 620000
1695311087363 0.0 624000
1695311106016 0.0 628000
1695311124452 0.0 632000
1695311143121 0.0 636000
1695311161497 0.0 640000
1695311180086 0.0 644000
1695311198574 0.0 648000
1695311216985 0.0 652000
1695311235297 0.0 656000
1695311253694 0.0 660000
1695311272620 0.0 664000
1695311293290 0.0 668000
1695311312838 0.0 672000
1695311332563 0.0 676000
1695311352086 0.0 680000
1695311371340 0.0 684000
1695311391048 0.0 688000
1695311410757 0.0 692000
1695311430494 0.0 696000
1695311449837 0.0 700000
1695311469556 0.0 704000
1695311488972 0.0 708000
1695311507729 0.0 712000
1695311525267 0.0 716000
1695311545169 0.0 720000
1695311563410 0.0 724000
1695311580636 0.0 728000
1695311597882 0.0 732000
1695311614921 0.0 736000
1695311633122 0.0 740000
1695311651484 0.0 744000
1695311670637 0.0 748000
1695311688272 0.0 752000
1695311705500 0.0 756000
1695311723913 0.0 760000
1695311742158 0.0 764000
1695311760319 0.0 768000
1695311778416 0.0 772000
1695311796479 0.0 776000
1695311814051 0.0 780000
1695311831596 0.0 784000
