1695308366366 1.0 4000
1695308381952 1.0 8000
1695308398653 1.0 12000
1695308415462 1.0 16000
1695308433091 1.0 20000
1695308450601 1.0 24000
1695308467221 1.0 28000
1695308484551 1.0 32000
1695308501502 1.0 36000
1695308517798 1.0 40000
1695308534325 1.0 44000
1695308550388 1.0 48000
1695308566532 1.0 52000
1695308582646 1.0 56000
1695308598925 1.0 60000
1695308614874 1.0 64000
1695308630934 1.0 68000
1695308646838 1.0 72000
1695308662999 1.0 76000
1695308679283 1.0 80000
1695308696628 1.0 84000
1695308714055 1.0 88000
1695308731338 1.0 92000
1695308748402 1.0 96000
1695308765519 1.0 100000
1695308782764 1.0 104000
1695308799747 1.0 108000
1695308816709 1.0 112000
1695308833784 1.0 116000
1695308850793 1.0 120000
1695308868022 1.0 124000
1695308885355 1.0 128000
1695308902906 1.0 132000
1695308920214 1.0 136000
1695308937646 1.0 140000
1695308955598 1.0 144000
1695308973206 1.0 148000
1695308990986 1.0 152000
1695309008042 1.0 156000
1695309024994 1.0 160000
1695309041860 1.0 164000
1695309058931 1.0 168000
1695309076334 1.0 172000
1695309093093 1.0 176000
1695309109779 1.0 180000
1695309126086 1.0 184000
1695309143028 1.0 188000
1695309161576 1.0 192000
1695309179085 1.0 196000
1695309196842 1.0 200000
1695309214095 1.0 204000
1695309232047 1.0 208000
1695309248759 1.0 212000
1695309265861 1.0 216000
1695309283759 1.0 220000
1695309301777 1.0 224000
1695309319315 1.0 228000
1695309336414 1.0 232000
1695309353402 1.0 236000
1695309370948 1.0 240000
1695309387728 1.0 244000
1695309404531 1.0 248000
1695309420951 1.0 252000
1695309437203 1.0 256000
1695309453707 1.0 260000
1695309470971 1.0 264000
1695309487877 1.0 268000
1695309504494 1.0 272000
1695309521801 1.0 276000
1695309538371 1.0 280000
1695309554807 1.0 284000
1695309571714 0.0 288000
1695309588293 1.0 292000
1695309604908 1.0 296000
1695309621166 1.0 300000
1695309637589 1.0 304000
1695309653939 1.0 308000
1695309670400 1.0 312000
1695309686879 1.0 316000
1695309703483 1.0 320000
1695309720090 1.0 324000
1695309736740 1.0 328000
1695309753455 1.0 332000
1695309770624 1.0 336000
1695309788413 1.0 340000
1695309806263 1.0 344000
1695309823907 1.0 348000
1695309841505 1.0 352000
1695309859422 1.0 356000
1695309877020 1.0 360000
1695309895215 1.0 364000
1695309912886 1.0 368000
1695309930491 1.0 372000
1695309948079 1.0 376000
1695309965648 1.0 380000
1695309983330 1.0 384000
1695310001794 1.0 388000
1695310019128 1.0 392000
1695310037230 1.0 396000
1695310058474 1.0 400000
1695310080071 1.0 404000
1695310099810 1.0 408000
1695310120003 1.0 412000
1695310136631 1.0 416000
1695310153331 1.0 420000
1695310170830 1.0 424000
1695310189078 1.0 428000
1695310207420 1.0 432000
1695310225672 1.0 436000
1695310244096 1.0 440000
1695310262409 1.0 444000
1695310280676 1.0 448000
1695310299169 1.0 452000
1695310318016 1.0 456000
1695310336744 1.0 460000
1695310355246 1.0 464000
1695310373912 1.0 468000
1695310392661 1.0 472000
1695310411145 1.0 476000
1695310429574 1.0 480000
1695310447977 1.0 484000
1695310466420 1.0 488000
1695310485059 1.0 492000
1695310503541 1.0 496000
1695310521952 1.0 500000
1695310540664 1.0 504000
1695310559006 1.0 508000
1695310577695 1.0 512000
1695310596037 1.0 516000
1695310614638 1.0 520000
1695310633199 1.0 524000
1695310651686 1.0 528000
1695310670038 1.0 532000
1695310688394 1.0 536000
1695310706897 1.0 540000
1695310725432 1.0 544000
1695310744036 1.0 548000
1695310762432 1.0 552000
1695310780962 1.0 556000
1695310799208 1.0 560000
1695310818162 1.0 564000
1695310836100 1.0 568000
1695310852893 1.0 572000
1695310869689 1.0 576000
1695310886290 1.0 580000
1695310902996 1.0 584000
1695310919902 1.0 588000
1695310937691 1.0 592000
1695310956078 1.0 596000
1695310974799 1.0 600000
1695310993471 1.0 604000
1695311012307 1.0 608000
1695311030799 1.0 612000
1695311049139 1.0 616000
1695311068387 1.0 620000
1695311087363 1.0 624000
1695311106016 1.0 628000
1695311124452 1.0 632000
1695311143122 1.0 636000
1695311161497 1.0 640000
1695311180087 1.0 644000
1695311198574 1.0 648000
1695311216985 1.0 652000
1695311235297 1.0 656000
1695311253695 1.0 660000
1695311272620 1.0 664000
1695311293290 1.0 668000
1695311312838 1.0 672000
1695311332563 1.0 676000
1695311352086 1.0 680000
1695311371340 1.0 684000
1695311391049 1.0 688000
1695311410757 1.0 692000
1695311430494 1.0 696000
1695311449837 1.0 700000
1695311469556 1.0 704000
1695311488972 1.0 708000
1695311507729 1.0 712000
1695311525267 1.0 716000
1695311545170 1.0 720000
1695311563411 1.0 724000
1695311580637 1.0 728000
1695311597882 1.0 732000
1695311614921 1.0 736000
1695311633122 1.0 740000
1695311651484 1.0 744000
1695311670637 1.0 748000
1695311688272 1.0 752000
1695311705500 1.0 756000
1695311723913 1.0 760000
1695311742159 1.0 764000
1695311760319 1.0 768000
1695311778416 1.0 772000
1695311796479 1.0 776000
1695311814051 1.0 780000
1695311831596 1.0 784000
