1695308366366 1.0 4000
1695308381953 1.0 8000
1695308398654 1.0 12000
1695308415463 1.0 16000
1695308433092 1.0 20000
1695308450602 1.0 24000
1695308467222 1.0 28000
1695308484551 1.0 32000
1695308501503 1.0 36000
1695308517798 1.0 40000
1695308534326 1.0 44000
1695308550388 1.0 48000
1695308566532 1.0 52000
1695308582646 1.0 56000
1695308598925 1.0 60000
1695308614875 1.0 64000
1695308630935 1.0 68000
1695308646838 1.0 72000
1695308663000 1.0 76000
1695308679284 1.0 80000
1695308696629 1.0 84000
1695308714055 1.0 88000
1695308731339 1.0 92000
1695308748403 1.0 96000
1695308765519 1.0 100000
1695308782765 1.0 104000
1695308799748 1.0 108000
1695308816710 1.0 112000
1695308833785 1.0 116000
1695308850793 1.0 120000
1695308868022 1.0 124000
1695308885356 1.0 128000
1695308902906 1.0 132000
1695308920215 1.0 136000
1695308937647 1.0 140000
1695308955598 1.0 144000
1695308973206 1.0 148000
1695308990987 1.0 152000
1695309008043 1.0 156000
1695309024995 1.0 160000
1695309041861 1.0 164000
1695309058931 1.0 168000
1695309076335 1.0 172000
1695309093093 1.0 176000
1695309109780 1.0 180000
1695309126087 1.0 184000
1695309143028 1.0 188000
1695309161577 1.0 192000
1695309179086 1.0 196000
1695309196843 1.0 200000
1695309214096 1.0 204000
1695309232047 1.0 208000
1695309248759 1.0 212000
1695309265861 1.0 216000
1695309283760 1.0 220000
1695309301778 1.0 224000
1695309319315 1.0 228000
1695309336415 1.0 232000
1695309353402 1.0 236000
1695309370948 1.0 240000
1695309387729 1.0 244000
1695309404531 1.0 248000
1695309420952 1.0 252000
1695309437204 1.0 256000
1695309453708 1.0 260000
1695309470971 1.0 264000
1695309487878 1.0 268000
1695309504494 1.0 272000
1695309521801 1.0 276000
1695309538372 1.0 280000
1695309554808 1.0 284000
1695309571714 1.0 288000
1695309588294 1.0 292000
1695309604909 1.0 296000
1695309621167 1.0 300000
1695309637589 1.0 304000
1695309653940 1.0 308000
1695309670401 1.0 312000
1695309686880 1.0 316000
1695309703484 1.0 320000
1695309720090 1.0 324000
1695309736740 1.0 328000
1695309753456 1.0 332000
1695309770624 1.0 336000
1695309788414 1.0 340000
1695309806264 1.0 344000
1695309823908 1.0 348000
1695309841505 1.0 352000
1695309859423 1.0 356000
1695309877021 1.0 360000
1695309895216 1.0 364000
1695309912886 1.0 368000
1695309930492 1.0 372000
1695309948080 1.0 376000
1695309965649 1.0 380000
1695309983330 1.0 384000
1695310001795 1.0 388000
1695310019129 1.0 392000
1695310037231 1.0 396000
1695310058475 1.0 400000
1695310080072 1.0 404000
1695310099810 1.0 408000
1695310120003 1.0 412000
1695310136631 1.0 416000
1695310153331 1.0 420000
1695310170830 1.0 424000
1695310189078 1.0 428000
1695310207421 1.0 432000
1695310225673 1.0 436000
1695310244097 1.0 440000
1695310262410 1.0 444000
1695310280677 1.0 448000
1695310299170 1.0 452000
1695310318016 1.0 456000
1695310336745 1.0 460000
1695310355247 1.0 464000
1695310373912 1.0 468000
1695310392662 1.0 472000
1695310411146 1.0 476000
1695310429574 1.0 480000
1695310447977 1.0 484000
1695310466420 1.0 488000
1695310485060 1.0 492000
1695310503541 1.0 496000
1695310521952 1.0 500000
1695310540665 1.0 504000
1695310559007 1.0 508000
1695310577695 1.0 512000
1695310596037 1.0 516000
1695310614638 1.0 520000
1695310633200 1.0 524000
1695310651686 1.0 528000
1695310670039 1.0 532000
1695310688395 1.0 536000
1695310706898 1.0 540000
1695310725432 1.0 544000
1695310744037 1.0 548000
1695310762432 1.0 552000
1695310780962 1.0 556000
1695310799209 1.0 560000
1695310818162 1.0 564000
1695310836101 1.0 568000
1695310852894 1.0 572000
1695310869690 1.0 576000
1695310886291 1.0 580000
1695310902997 1.0 584000
1695310919903 1.0 588000
1695310937692 1.0 592000
1695310956079 1.0 596000
1695310974800 1.0 600000
1695310993471 1.0 604000
1695311012307 1.0 608000
1695311030799 1.0 612000
1695311049140 1.0 616000
1695311068387 1.0 620000
1695311087364 1.0 624000
1695311106017 1.0 628000
1695311124452 1.0 632000
1695311143122 1.0 636000
1695311161498 1.0 640000
1695311180087 1.0 644000
1695311198575 1.0 648000
1695311216986 1.0 652000
1695311235297 1.0 656000
1695311253695 1.0 660000
1695311272621 1.0 664000
1695311293291 1.0 668000
1695311312838 1.0 672000
1695311332563 1.0 676000
1695311352087 1.0 680000
1695311371341 1.0 684000
1695311391049 1.0 688000
1695311410758 1.0 692000
1695311430495 1.0 696000
1695311449838 1.0 700000
1695311469557 1.0 704000
1695311488973 1.0 708000
1695311507730 1.0 712000
1695311525268 1.0 716000
1695311545170 1.0 720000
1695311563411 1.0 724000
1695311580637 1.0 728000
1695311597883 1.0 732000
1695311614921 1.0 736000
1695311633123 1.0 740000
1695311651485 1.0 744000
1695311670637 1.0 748000
1695311688272 1.0 752000
1695311705501 1.0 756000
1695311723913 1.0 760000
1695311742159 1.0 764000
1695311760320 1.0 768000
1695311778417 1.0 772000
1695311796480 1.0 776000
1695311814052 1.0 780000
1695311831596 1.0 784000
