1695308366370 -0.07630769230769231 4000
1695308381957 0.1452333333333333 8000
1695308398659 0.07375 12000
1695308415467 0.022985714285714276 16000
1695308433096 0.013208333333333327 20000
1695308450606 0.015469999999999992 24000
1695308467226 -0.08233 28000
1695308484555 -0.11054 32000
1695308501507 -0.10119999999999997 36000
1695308517802 -0.13647 40000
1695308534330 -0.23506 44000
1695308550393 -0.2914 48000
1695308566536 -0.37148999999999993 52000
1695308582650 -0.42858 56000
1695308598929 -0.49721000000000004 60000
1695308614879 -0.53335 64000
1695308630939 -0.5389599999999999 68000
1695308646842 -0.5020499999999999 72000
1695308663004 -0.4647599999999999 76000
1695308679288 -0.50993 80000
1695308696633 -0.5402 84000
1695308714059 -0.6268400000000001 88000
1695308731343 -0.6985399999999999 92000
1695308748407 -0.66002 96000
1695308765523 -0.6604899999999998 100000
1695308782768 -0.6632399999999999 104000
1695308799752 -0.72905 108000
1695308816713 -0.78715 112000
1695308833789 -0.73008 116000
1695308850797 -0.76129 120000
1695308868026 -0.8674799999999999 124000
1695308885360 -0.8583799999999998 128000
1695308902910 -0.8696699999999998 132000
1695308920219 -0.8889099999999999 136000
1695308937651 -0.8938200000000001 140000
1695308955603 -0.8643299999999999 144000
1695308973210 -0.8687799999999999 148000
1695308990991 -0.8403859649122806 152000
1695309008047 -0.8162830188679243 156000
1695309024999 -0.8213906249999999 160000
1695309041865 -0.9335 164000
1695309058936 -0.8682089552238806 168000
1695309076339 -0.8617946428571427 172000
1695309093097 -0.8243709677419355 176000
1695309109784 -0.828121212121212 180000
1695309126091 -0.8027478260869564 184000
1695309143032 -0.8857125 188000
1695309161581 -0.8728025477707007 192000
1695309179090 -0.8995217391304346 196000
1695309196847 -0.8715838926174496 200000
1695309214100 -0.8888809523809523 204000
1695309232052 -0.8812359550561798 208000
1695309248764 -0.8726395348837209 212000
1695309265865 -0.7845793103448274 216000
1695309283765 -0.894267973856209 220000
1695309301783 -0.8544355828220861 224000
1695309319319 -0.90362893081761 228000
1695309336419 -0.8493855421686747 232000
1695309353407 -0.8325190839694655 236000
1695309370952 -0.8922244897959183 240000
1695309387733 -0.8556 244000
1695309404535 -0.89125786163522 248000
1695309420956 -0.8768648648648648 252000
1695309437208 -0.8299935483870966 256000
1695309453712 -0.8740923076923076 260000
1695309470975 -0.8143118811881187 264000
1695309487882 -0.8258580246913579 268000
1695309504498 -0.8709761904761903 272000
1695309521805 -0.8623251231527095 276000
1695309538376 -0.8621534391534391 280000
1695309554812 -0.8716216216216216 284000
1695309571718 -0.9309826589595375 288000
1695309588298 -0.8437076923076922 292000
1695309604913 -0.8175376344086022 296000
1695309621171 -0.8700548780487802 300000
1695309637593 -0.8295779816513762 304000
1695309653944 -0.8392972972972972 308000
1695309670405 -0.8445300546448086 312000
1695309686884 -0.8449502762430939 316000
1695309703488 -0.8750806451612902 320000
1695309720094 -0.8531746987951808 324000
1695309736745 -0.805105 328000
1695309753460 -0.8371675392670157 332000
1695309770628 -0.8111602209944749 336000
1695309788418 -0.8604285714285713 340000
1695309806267 -0.8188815165876777 344000
1695309823912 -0.886407960199005 348000
1695309841509 -0.8285783783783782 352000
1695309859427 -0.8194619289340102 356000
1695309877024 -0.8091229946524063 360000
1695309895220 -0.786244019138756 364000
1695309912890 -0.8579723756906078 368000
1695309930496 -0.7345670731707317 372000
1695309948084 -0.8042704081632653 376000
1695309965653 -0.795989010989011 380000
1695309983334 -0.7478971428571427 384000
1695310001799 -0.7774124293785311 388000
1695310019133 -0.7950648648648648 392000
1695310037235 -0.7252421052631578 396000
1695310058480 -0.7939353233830845 400000
1695310080076 -0.7790904977375565 404000
1695310099815 -0.6852863849765257 408000
1695310120008 -0.7603461538461538 412000
1695310136635 -0.7506995073891626 416000
1695310153335 -0.7180095238095238 420000
1695310170834 -0.6955441860465116 424000
1695310189083 -0.7661347826086956 428000
1695310207425 -0.7695272727272727 432000
1695310225677 -0.6904857142857144 436000
1695310244100 -0.758834862385321 440000
1695310262414 -0.7876816143497758 444000
1695310280681 -0.7058177570093457 448000
1695310299175 -0.7092008368200835 452000
1695310318021 -0.7180829493087557 456000
1695310336749 -0.7059723502304147 460000
1695310355251 -0.6408658008658009 464000
1695310373916 -0.7256860986547086 468000
1695310392666 -0.6964727272727272 472000
1695310411150 -0.7381371681415929 476000
1695310429578 -0.7045720524017466 480000
1695310447982 -0.629239819004525 484000
1695310466424 -0.646982608695652 488000
1695310485064 -0.6613181818181819 492000
1695310503545 -0.7232288135593219 496000
1695310521957 -0.6263436123348016 500000
1695310540669 -0.6073813559322033 504000
1695310559011 -0.5779389671361501 508000
1695310577699 -0.6332107623318385 512000
1695310596042 -0.7283063829787233 516000
1695310614642 -0.6597834101382487 520000
1695310633204 -0.6004757709251101 524000
1695310651690 -0.5633947368421053 528000
1695310670043 -0.6063756097560975 532000
1695310688399 -0.6083856502242153 536000
1695310706902 -0.5968088888888888 540000
1695310725436 -0.6240975609756099 544000
1695310744041 -0.6274336283185841 548000
1695310762437 -0.6292070484581497 552000
1695310780967 -0.6110639269406392 556000
1695310799213 -0.6228888888888888 560000
1695310818166 -0.6382694063926938 564000
1695310836105 -0.6296313559322033 568000
1695310852898 -0.5783920704845814 572000
1695310869694 -0.6653421052631578 576000
1695310886295 -0.6519868995633187 580000
1695310903001 -0.6169722222222221 584000
1695310919907 -0.6006347826086957 588000
1695310937696 -0.6327017543859649 592000
1695310956083 -0.6931908713692945 596000
1695310974804 -0.6447964601769911 600000
1695310993475 -0.594246963562753 604000
1695311012311 -0.6276774193548387 608000
1695311030804 -0.6431124497991968 612000
1695311049144 -0.6124937759336099 616000
1695311068391 -0.5220464135021097 620000
1695311087368 -0.5318867924528301 624000
1695311106021 -0.5787235772357723 628000
1695311124456 -0.6301645569620252 632000
1695311143127 -0.5743903508771929 636000
1695311161502 -0.625650655021834 640000
1695311180092 -0.5633415637860082 644000
1695311198579 -0.5236816326530612 648000
1695311216991 -0.600047619047619 652000
1695311235301 -0.5912076271186439 656000
1695311253700 -0.5688 660000
1695311272625 -0.5160381355932202 664000
1695311293295 -0.5455183673469387 668000
1695311312843 -0.5113842975206612 672000
1695311332567 -0.5418211382113821 676000
1695311352091 -0.46822171945701346 680000
1695311371345 -0.5830365853658537 684000
1695311391053 -0.5985796460176991 688000
1695311410762 -0.5613373493975904 692000
1695311430499 -0.5225361702127659 696000
1695311449842 -0.6167916666666667 700000
1695311469562 -0.5802635983263598 704000
1695311488977 -0.5329126984126984 708000
1695311507734 -0.5411525423728815 712000
1695311525272 -0.5716333333333331 716000
1695311545174 -0.5245258964143427 720000
1695311563415 -0.5706746031746032 724000
1695311580641 -0.5460901639344261 728000
1695311597888 -0.5877749999999999 732000
1695311614925 -0.5031568627450981 736000
1695311633127 -0.5669999999999998 740000
1695311651489 -0.5712149122807016 744000
1695311670641 -0.5711115537848606 748000
1695311688276 -0.5685065502183405 752000
1695311705505 -0.6420044052863434 756000
1695311723918 -0.5904585152838426 760000
1695311742164 -0.621899193548387 764000
1695311760324 -0.5852962962962962 768000
1695311778421 -0.6182076271186441 772000
1695311796484 -0.5954222222222221 776000
1695311814056 -0.5469184549356223 780000
1695311831600 -0.5616353383458645 784000
