1695308366370 0.054153846153846136 4000
1695308381957 -0.15059999999999998 8000
1695308398658 -0.10861538461538463 12000
1695308415467 -0.015157142857142881 16000
1695308433096 -0.005437500000000026 20000
1695308450606 0.009289999999999975 24000
1695308467226 0.09177999999999999 28000
1695308484555 0.10537 32000
1695308501507 0.09527999999999999 36000
1695308517802 0.1094 40000
1695308534330 0.18728999999999996 44000
1695308550392 0.24026999999999993 48000
1695308566536 0.28858 52000
1695308582650 0.34159999999999996 56000
1695308598929 0.40533 60000
1695308614879 0.47540999999999994 64000
1695308630939 0.49463 68000
1695308646842 0.5291699999999999 72000
1695308663003 0.48117999999999994 76000
1695308679288 0.5340699999999999 80000
1695308696633 0.51532 84000
1695308714059 0.5793699999999999 88000
1695308731343 0.62927 92000
1695308748407 0.63152 96000
1695308765523 0.6686500000000001 100000
1695308782768 0.6862599999999999 104000
1695308799752 0.74051 108000
1695308816713 0.78532 112000
1695308833789 0.7554699999999999 116000
1695308850797 0.7910799999999999 120000
1695308868026 0.8875000000000002 124000
1695308885360 0.9148900000000002 128000
1695308902910 0.8878900000000001 132000
1695308920219 0.9016299999999999 136000
1695308937651 0.91491 140000
1695308955603 0.9269699999999998 144000
1695308973210 0.9007200000000001 148000
1695308990990 0.8947368421052633 152000
1695309008046 0.9257264150943397 156000
1695309024999 0.8784609375000001 160000
1695309041865 0.9949242424242423 164000
1695309058935 0.9874477611940298 168000
1695309076338 0.9463482142857143 172000
1695309093097 0.9811935483870965 176000
1695309109784 0.9649469696969696 180000
1695309126091 0.8920347826086957 184000
1695309143032 0.984875 188000
1695309161581 0.9728598726114648 192000
1695309179090 1.0120489130434782 196000
1695309196847 0.9706375838926175 200000
1695309214100 1.0235119047619048 204000
1695309232052 1.0281966292134832 208000
1695309248763 0.9972093023255812 212000
1695309265865 0.9093586206896551 216000
1695309283764 1.0061895424836602 220000
1695309301783 0.9648650306748467 224000
1695309319319 1.04074213836478 228000
1695309336419 0.9902289156626505 232000
1695309353407 0.9856564885496184 236000
1695309370952 1.0292380952380953 240000
1695309387733 1.0366432432432433 244000
1695309404535 1.073056603773585 248000
1695309420956 1.022172972972973 252000
1695309437208 1.0350129032258064 256000
1695309453712 1.0514051282051282 260000
1695309470975 1.0141930693069308 264000
1695309487882 1.0915000000000001 268000
1695309504498 1.1278988095238096 272000
1695309521805 1.0876995073891627 276000
1695309538376 1.129179894179894 280000
1695309554812 1.118545945945946 284000
1695309571718 1.2146473988439306 288000
1695309588298 1.147948717948718 292000
1695309604913 1.1465913978494624 296000
1695309621171 1.214682926829268 300000
1695309637593 1.164775229357798 304000
1695309653944 1.1936972972972972 308000
1695309670404 1.2023715846994536 312000
1695309686884 1.1823701657458565 316000
1695309703487 1.230505376344086 320000
1695309720094 1.2545722891566264 324000
1695309736744 1.213085 328000
1695309753460 1.2475026178010469 332000
1695309770628 1.2474917127071823 336000
1695309788417 1.2684187192118226 340000
1695309806267 1.2565781990521325 344000
1695309823911 1.261587064676617 348000
1695309841509 1.2434162162162161 352000
1695309859426 1.2201878172588834 356000
1695309877024 1.3175294117647058 360000
1695309895219 1.2737177033492824 364000
1695309912890 1.3158066298342541 368000
1695309930496 1.289719512195122 372000
1695309948083 1.310780612244898 376000
1695309965652 1.2616648351648354 380000
1695309983334 1.2817714285714286 384000
1695310001799 1.3321242937853108 388000
1695310019133 1.3485675675675675 392000
1695310037235 1.302121052631579 396000
1695310058479 1.3697412935323383 400000
1695310080076 1.3731085972850678 404000
1695310099814 1.323924882629108 408000
1695310120007 1.3876538461538461 412000
1695310136635 1.326758620689655 416000
1695310153335 1.3616571428571427 420000
1695310170834 1.314279069767442 424000
1695310189083 1.3851217391304347 428000
1695310207425 1.3618727272727271 432000
1695310225677 1.3228238095238096 436000
1695310244100 1.3684587155963306 440000
1695310262414 1.3938295964125562 444000
1695310280681 1.3541495327102804 448000
1695310299175 1.317230125523013 452000
1695310318020 1.370520737327189 456000
1695310336749 1.3815668202764975 460000
1695310355251 1.3172121212121215 464000
1695310373916 1.354968609865471 468000
1695310392666 1.3883227272727274 472000
1695310411150 1.372407079646018 476000
1695310429578 1.3730174672489082 480000
1695310447981 1.3208325791855204 484000
1695310466424 1.3666652173913045 488000
1695310485064 1.3686074380165287 492000
1695310503545 1.414470338983051 496000
1695310521956 1.3774405286343612 500000
1695310540668 1.3605932203389832 504000
1695310559011 1.3202910798122067 508000
1695310577699 1.4016636771300448 512000
1695310596041 1.4082255319148935 516000
1695310614642 1.3790691244239632 520000
1695310633204 1.3689911894273132 524000
1695310651690 1.350030701754386 528000
1695310670043 1.3549609756097563 532000
1695310688399 1.3933497757847533 536000
1695310706902 1.3812177777777779 540000
1695310725436 1.3711626016260163 544000
1695310744041 1.3831814159292037 548000
1695310762436 1.375092511013216 552000
1695310780967 1.378420091324201 556000
1695310799213 1.3326898148148147 560000
1695310818166 1.388200913242009 564000
1695310836105 1.3280550847457626 568000
1695310852898 1.3770176211453744 572000
1695310869694 1.388526315789474 576000
1695310886295 1.3861353711790394 580000
1695310903001 1.386486111111111 584000
1695310919906 1.4040391304347826 588000
1695310937696 1.3866973684210528 592000
1695310956083 1.4360165975103736 596000
1695310974804 1.3976504424778762 600000
1695310993475 1.3910526315789475 604000
1695311012311 1.4238951612903226 608000
1695311030803 1.4187630522088353 612000
1695311049143 1.4273236514522822 616000
1695311068391 1.3922320675105484 620000
1695311087368 1.3547509433962261 624000
1695311106021 1.4058170731707316 628000
1695311124456 1.382987341772152 632000
1695311143127 1.3509956140350878 636000
1695311161502 1.3817729257641924 640000
1695311180091 1.3799547325102883 644000
1695311198579 1.3882857142857143 648000
1695311216991 1.425926406926407 652000
1695311235301 1.3492076271186442 656000
1695311253699 1.4009617021276595 660000
1695311272625 1.390885593220339 664000
1695311293295 1.4191591836734692 668000
1695311312842 1.400289256198347 672000
1695311332567 1.393349593495935 676000
1695311352091 1.3805113122171944 680000
1695311371345 1.3958983739837398 684000
1695311391053 1.3750221238938052 688000
1695311410762 1.4083453815261044 692000
1695311430499 1.3858382978723403 696000
1695311449842 1.4003148148148148 700000
1695311469561 1.4139707112970714 704000
1695311488977 1.4068849206349208 708000
1695311507734 1.3941228813559323 712000
1695311525271 1.4169041666666666 716000
1695311545174 1.3943426294820718 720000
1695311563415 1.38734126984127 724000
1695311580641 1.407704918032787 728000
1695311597887 1.4305625 732000
1695311614925 1.4048901960784312 736000
1695311633127 1.4109339207048457 740000
1695311651489 1.4032280701754387 744000
1695311670641 1.4069282868525896 748000
1695311688276 1.4046200873362447 752000
1695311705504 1.411947136563877 756000
1695311723917 1.4139126637554589 760000
1695311742163 1.418399193548387 764000
1695311760324 1.4062921810699587 768000
1695311778420 1.3777542372881357 772000
1695311796484 1.3789155555555554 776000
1695311814056 1.3671330472103003 780000
1695311831600 1.3802556390977443 784000
