1695308366368 -0.022153846153846215 4000
1695308381955 -0.005366666666666734 8000
1695308398657 -0.03486538461538467 12000
1695308415465 0.007828571428571386 16000
1695308433094 0.007770833333333292 20000
1695308450604 0.024759999999999956 24000
1695308467224 0.009449999999999958 28000
1695308484554 -0.00517000000000004 32000
1695308501505 -0.005920000000000037 36000
1695308517800 -0.027070000000000035 40000
1695308534328 -0.047770000000000035 44000
1695308550391 -0.05113000000000004 48000
1695308566534 -0.08291000000000003 52000
1695308582649 -0.08698000000000002 56000
1695308598927 -0.09188000000000002 60000
1695308614877 -0.05794000000000002 64000
1695308630937 -0.044330000000000015 68000
1695308646840 0.02711999999999998 72000
1695308663002 0.016419999999999966 76000
1695308679286 0.02413999999999997 80000
1695308696631 -0.024880000000000024 84000
1695308714057 -0.04747000000000002 88000
1695308731341 -0.06927000000000001 92000
1695308748405 -0.028500000000000022 96000
1695308765521 0.00815999999999998 100000
1695308782767 0.02301999999999999 104000
1695308799750 0.011459999999999977 108000
1695308816712 -0.001830000000000015 112000
1695308833787 0.02538999999999998 116000
1695308850795 0.029789999999999987 120000
1695308868024 0.020019999999999986 124000
1695308885358 0.05650999999999999 128000
1695308902908 0.018219999999999986 132000
1695308920217 0.012719999999999993 136000
1695308937649 0.021089999999999984 140000
1695308955600 0.06263999999999999 144000
1695308973208 0.03193999999999999 148000
1695308990989 0.054350877192982455 152000
1695309008045 0.10944339622641507 156000
1695309024997 0.057070312499999984 160000
1695309041863 0.061424242424242416 164000
1695309058934 0.11923880597014923 168000
1695309076337 0.08455357142857141 172000
1695309093095 0.15682258064516127 176000
1695309109782 0.13682575757575757 180000
1695309126089 0.08928695652173912 184000
1695309143030 0.09916249999999999 188000
1695309161579 0.10005732484076432 192000
1695309179088 0.11252717391304347 196000
1695309196845 0.09905369127516776 200000
1695309214098 0.13463095238095235 204000
1695309232050 0.14696067415730338 208000
1695309248762 0.12456976744186045 212000
1695309265864 0.12477931034482756 216000
1695309283763 0.11192156862745098 220000
1695309301781 0.11042944785276074 224000
1695309319318 0.13711320754716982 228000
1695309336417 0.14084337349397588 232000
1695309353405 0.15313740458015268 236000
1695309370950 0.13701360544217686 240000
1695309387731 0.18104324324324322 244000
1695309404533 0.18179874213836475 248000
1695309420954 0.1453081081081081 252000
1695309437206 0.20501935483870964 256000
1695309453710 0.1773128205128205 260000
1695309470973 0.19988118811881184 264000
1695309487880 0.265641975308642 268000
1695309504496 0.25692261904761904 272000
1695309521803 0.2253743842364532 276000
1695309538374 0.26702645502645506 280000
1695309554810 0.24692432432432432 284000
1695309571716 0.283664739884393 288000
1695309588296 0.3042410256410256 292000
1695309604911 0.32905376344086024 296000
1695309621169 0.3446280487804878 300000
1695309637591 0.335197247706422 304000
1695309653942 0.35439999999999994 308000
1695309670403 0.3578415300546448 312000
1695309686882 0.3374198895027624 316000
1695309703486 0.3554247311827958 320000
1695309720092 0.4013975903614458 324000
1695309736743 0.40798 328000
1695309753458 0.41033507853403145 332000
1695309770626 0.4363314917127072 336000
1695309788416 0.40799014778325127 340000
1695309806266 0.4376966824644549 344000
1695309823910 0.37517910447761194 348000
1695309841507 0.41483783783783784 352000
1695309859425 0.4007258883248731 356000
1695309877023 0.5084064171122995 360000
1695309895218 0.4874736842105263 364000
1695309912888 0.45783425414364637 368000
1695309930494 0.5551524390243902 372000
1695309948082 0.5065102040816327 376000
1695309965651 0.4656758241758241 380000
1695309983333 0.5338742857142857 384000
1695310001797 0.5547118644067797 388000
1695310019131 0.5535027027027027 392000
1695310037233 0.5768789473684209 396000
1695310058477 0.5758059701492537 400000
1695310080074 0.5940180995475113 404000
1695310099813 0.6386384976525821 408000
1695310120006 0.6273076923076923 412000
1695310136633 0.5760591133004926 416000
1695310153333 0.643647619047619 420000
1695310170833 0.6187348837209302 424000
1695310189081 0.6189869565217391 428000
1695310207423 0.5923454545454545 432000
1695310225675 0.6323380952380953 436000
1695310244099 0.609623853211009 440000
1695310262412 0.6061479820627802 444000
1695310280679 0.6483317757009346 448000
1695310299172 0.6080292887029288 452000
1695310318019 0.6524377880184332 456000
1695310336747 0.6755944700460829 460000
1695310355249 0.6763463203463203 464000
1695310373914 0.6292825112107623 468000
1695310392664 0.6918499999999999 472000
1695310411148 0.6342699115044248 476000
1695310429576 0.6684454148471616 480000
1695310447980 0.6915927601809954 484000
1695310466422 0.719682608695652 488000
1695310485062 0.707289256198347 492000
1695310503544 0.6912415254237289 496000
1695310521955 0.7510969162995594 500000
1695310540667 0.7532118644067796 504000
1695310559009 0.7423521126760563 508000
1695310577697 0.7684529147982063 512000
1695310596040 0.6799191489361702 516000
1695310614640 0.7192857142857143 520000
1695310633202 0.7685154185022027 524000
1695310651688 0.7866359649122806 528000
1695310670041 0.7485853658536588 532000
1695310688397 0.784964125560538 536000
1695310706900 0.7844088888888889 540000
1695310725434 0.7470650406504065 544000
1695310744039 0.7557477876106193 548000
1695310762435 0.7458854625550659 552000
1695310780965 0.7673561643835616 556000
1695310799211 0.7098009259259259 560000
1695310818165 0.7499315068493151 564000
1695310836103 0.6984237288135592 568000
1695310852896 0.7986255506607929 572000
1695310869692 0.7231842105263157 576000
1695310886293 0.7341484716157205 580000
1695310902999 0.7695138888888887 584000
1695310919905 0.8034043478260868 588000
1695310937694 0.7539956140350877 592000
1695310956081 0.7428257261410789 596000
1695310974802 0.752853982300885 600000
1695310993473 0.7968056680161942 604000
1695311012309 0.7962177419354838 608000
1695311030801 0.7756506024096386 612000
1695311049142 0.8148298755186723 616000
1695311068390 0.8701856540084388 620000
1695311087366 0.8228641509433964 624000
1695311106019 0.8270934959349593 628000
1695311124455 0.7528227848101267 632000
1695311143125 0.7766052631578946 636000
1695311161500 0.756122270742358 640000
1695311180090 0.8166131687242798 644000
1695311198577 0.864604081632653 648000
1695311216989 0.8258787878787879 652000
1695311235300 0.7579999999999999 656000
1695311253697 0.8321617021276595 660000
1695311272623 0.8748474576271187 664000
1695311293293 0.8736408163265305 668000
1695311312841 0.888904958677686 672000
1695311332565 0.8515284552845528 676000
1695311352089 0.9122895927601808 680000
1695311371343 0.812861788617886 684000
1695311391051 0.7764424778761061 688000
1695311410760 0.847008032128514 692000
1695311430497 0.8633021276595744 696000
1695311449840 0.783523148148148 700000
1695311469559 0.8337071129707112 704000
1695311488975 0.8739722222222222 708000
1695311507732 0.8529703389830507 712000
1695311525270 0.8452708333333333 716000
1695311545172 0.8698167330677291 720000
1695311563413 0.8166666666666668 724000
1695311580639 0.8616147540983605 728000
1695311597885 0.8427875 732000
1695311614924 0.9017333333333333 736000
1695311633125 0.8439339207048457 740000
1695311651487 0.8320131578947368 744000
1695311670639 0.8358167330677291 748000
1695311688274 0.8361135371179038 752000
1695311705503 0.7699427312775331 756000
1695311723916 0.8234541484716157 760000
1695311742162 0.7965000000000001 764000
1695311760322 0.8209958847736626 768000
1695311778419 0.7595466101694914 772000
1695311796482 0.7834933333333333 776000
1695311814054 0.8202145922746782 780000
1695311831598 0.8186203007518796 784000
