1695308366368 -0.9940000000000001 4000
1695308381955 -0.9940000000000001 8000
1695308398656 -0.9940000000000001 12000
1695308415465 -0.9940000000000001 16000
1695308433094 -0.9940000000000001 20000
1695308450604 -0.907 24000
1695308467224 -0.907 28000
1695308484553 -0.9860000000000001 32000
1695308501505 -0.9860000000000001 36000
1695308517800 -0.9860000000000001 40000
1695308534328 -0.9860000000000001 44000
1695308550390 -0.9760000000000001 48000
1695308566534 -0.9260000000000002 52000
1695308582648 -0.8330000000000001 56000
1695308598927 -0.9840000000000001 60000
1695308614877 -0.9840000000000001 64000
1695308630937 -0.9840000000000001 68000
1695308646840 -0.736 72000
1695308663002 -0.9420000000000002 76000
1695308679286 -0.9420000000000002 80000
1695308696631 -0.9420000000000002 84000
1695308714057 -0.8760000000000001 88000
1695308731341 -0.8760000000000001 92000
1695308748405 -0.8760000000000001 96000
1695308765521 -0.8140000000000001 100000
1695308782766 -0.811 104000
1695308799750 -0.811 108000
1695308816711 -0.9670000000000001 112000
1695308833787 -0.9670000000000001 116000
1695308850795 -0.7070000000000001 120000
1695308868024 -0.6340000000000001 124000
1695308885358 -0.487 128000
1695308902908 -0.6409999999999999 132000
1695308920217 -0.628 136000
1695308937649 -0.77 140000
1695308955600 -0.5770000000000002 144000
1695308973208 -0.5020000000000001 148000
1695308990989 -0.261 152000
1695309008045 -0.6030000000000001 156000
1695309024997 -0.5940000000000001 160000
1695309041863 -0.42700000000000016 164000
1695309058933 -0.238 168000
1695309076337 -0.254 172000
1695309093095 -0.3630000000000001 176000
1695309109782 -1.0410000000000001 180000
1695309126089 -0.651 184000
1695309143030 -0.391 188000
1695309161579 -0.7640000000000001 192000
1695309179088 -0.28 196000
1695309196845 -0.4590000000000002 200000
1695309214098 -0.30200000000000005 204000
1695309232049 -0.43500000000000016 208000
1695309248761 -0.28900000000000003 212000
1695309265863 -0.539 216000
1695309283762 -0.45899999999999996 220000
1695309301780 -0.5350000000000001 224000
1695309319317 -0.6490000000000001 228000
1695309336417 -0.248 232000
1695309353404 -0.679 236000
1695309370950 -0.347 240000
1695309387731 -0.19199999999999995 244000
1695309404533 -0.42900000000000005 248000
1695309420954 -0.22099999999999997 252000
1695309437206 -0.45300000000000007 256000
1695309453710 -0.252 260000
1695309470973 -0.16000000000000003 264000
1695309487880 -0.30900000000000005 268000
1695309504496 -0.8550000000000002 272000
1695309521803 -0.277 276000
1695309538374 -0.40800000000000014 280000
1695309554810 -0.14500000000000002 284000
1695309571716 -0.273 288000
1695309588296 -0.17900000000000005 292000
1695309604911 -0.22599999999999998 296000
1695309621169 -0.18500000000000005 300000
1695309637591 -0.139 304000
1695309653942 -0.15999999999999992 308000
1695309670403 -0.17200000000000004 312000
1695309686882 -0.15700000000000003 316000
1695309703486 -0.13 320000
1695309720092 -0.19500000000000006 324000
1695309736742 -0.685 328000
1695309753458 -0.14100000000000001 332000
1695309770626 -0.525 336000
1695309788416 -0.18200000000000005 340000
1695309806265 -0.11599999999999999 344000
1695309823910 -0.16600000000000004 348000
1695309841507 -0.279 352000
1695309859425 -0.23000000000000018 356000
1695309877022 -0.126 360000
1695309895218 -0.13 364000
1695309912888 -0.15799999999999992 368000
1695309930494 -0.22400000000000017 372000
1695309948082 -0.10899999999999999 376000
1695309965651 -0.9340000000000002 380000
1695309983332 -0.4490000000000002 384000
1695310001797 -0.14700000000000002 388000
1695310019131 -0.9310000000000002 392000
1695310037233 -0.31299999999999983 396000
1695310058477 -0.3999999999999999 400000
1695310080074 -0.18200000000000005 404000
1695310099812 -0.09299999999999997 408000
1695310120005 -0.29799999999999993 412000
1695310136633 -0.139 416000
1695310153333 -0.11299999999999999 420000
1695310170832 -0.15200000000000002 424000
1695310189080 -0.06999999999999995 428000
1695310207423 -0.09599999999999997 432000
1695310225675 -0.15900000000000003 436000
1695310244098 -0.08999999999999997 440000
1695310262412 -0.11099999999999999 444000
1695310280679 -0.17000000000000004 448000
1695310299172 -0.126 452000
1695310318018 -0.2539999999999999 456000
1695310336747 -0.43800000000000006 460000
1695310355249 -0.06700000000000006 464000
1695310373914 -0.16800000000000004 468000
1695310392664 -0.17400000000000004 472000
1695310411148 -0.16500000000000004 476000
1695310429576 -0.16300000000000003 480000
1695310447979 -0.29300000000000004 484000
1695310466422 -0.14100000000000001 488000
1695310485062 -0.08399999999999996 492000
1695310503543 -0.09099999999999986 496000
1695310521954 -0.06600000000000006 500000
1695310540666 -0.17700000000000005 504000
1695310559009 -0.256 508000
1695310577697 -0.16900000000000004 512000
1695310596039 -0.10899999999999999 516000
1695310614640 -0.17800000000000005 520000
1695310633202 -0.139 524000
1695310651688 -0.6880000000000001 528000
1695310670041 -0.371 532000
1695310688397 -0.10599999999999998 536000
1695310706900 -0.10099999999999987 540000
1695310725434 -0.08599999999999997 544000
1695310744039 -0.28400000000000003 548000
1695310762434 -0.32800000000000007 552000
1695310780964 -0.237 556000
1695310799211 -0.129 560000
1695310818164 -0.29600000000000004 564000
1695310836103 -0.18699999999999994 568000
1695310852896 -0.08099999999999996 572000
1695310869692 -0.09899999999999998 576000
1695310886293 -0.07799999999999996 580000
1695310902999 -0.07300000000000006 584000
1695310919904 -0.09299999999999997 588000
1695310937694 -0.118 592000
1695310956081 -0.061000000000000054 596000
1695310974802 -0.6429999999999999 600000
1695310993473 -0.08699999999999997 604000
1695311012309 -0.20499999999999996 608000
1695311030801 -0.10999999999999999 612000
1695311049141 -0.125 616000
1695311068389 -0.118 620000
1695311087366 -0.09799999999999986 624000
1695311106019 -0.08999999999999997 628000
1695311124454 -0.3739999999999999 632000
1695311143125 -0.17699999999999994 636000
1695311161500 -0.07999999999999996 640000
1695311180089 -0.6160000000000001 644000
1695311198577 -0.05699999999999994 648000
1695311216988 -0.13 652000
1695311235299 -0.15600000000000003 656000
1695311253697 -0.07399999999999995 660000
1695311272623 -0.124 664000
1695311293293 -0.13 668000
1695311312840 -0.04400000000000004 672000
1695311332565 -0.07000000000000006 676000
1695311352089 -0.1509999999999999 680000
1695311371343 -0.03500000000000003 684000
1695311391051 -0.17900000000000005 688000
1695311410760 -0.03700000000000003 692000
1695311430497 -0.244 696000
1695311449840 -0.127 700000
1695311469559 -0.06300000000000006 704000
1695311488975 -0.09199999999999997 708000
1695311507732 -0.134 712000
1695311525269 -0.07699999999999996 716000
1695311545172 -0.10199999999999998 720000
1695311563413 -0.08299999999999996 724000
1695311580639 -0.030000000000000027 728000
1695311597885 -0.039000000000000035 732000
1695311614923 -0.3729999999999999 736000
1695311633125 -0.06300000000000006 740000
1695311651487 -1.0170000000000001 744000
1695311670639 -0.07400000000000007 748000
1695311688274 -0.17100000000000004 752000
1695311705502 -0.14300000000000002 756000
1695311723915 -0.16200000000000003 760000
1695311742161 -0.17700000000000005 764000
1695311760322 -0.08899999999999997 768000
1695311778418 -0.29900000000000004 772000
1695311796482 -0.21899999999999997 776000
1695311814054 -0.12399999999999989 780000
1695311831598 -0.04999999999999993 784000
