1695308366369 13.0 4000
1695308381956 17.0 8000
1695308398657 22.0 12000
1695308415466 18.0 16000
1695308433095 26.0 20000
1695308450604 18.0 24000
1695308467225 18.0 28000
1695308484554 18.0 32000
1695308501506 23.0 36000
1695308517801 21.0 40000
1695308534328 24.0 44000
1695308550391 23.0 48000
1695308566535 19.0 52000
1695308582649 28.0 56000
1695308598928 25.0 60000
1695308614878 29.0 64000
1695308630937 32.0 68000
1695308646841 25.0 72000
1695308663002 27.0 76000
1695308679286 32.0 80000
1695308696631 32.0 84000
1695308714058 30.0 88000
1695308731341 33.0 92000
1695308748405 36.0 96000
1695308765522 37.0 100000
1695308782767 39.0 104000
1695308799751 49.0 108000
1695308816712 40.0 112000
1695308833787 59.0 116000
1695308850796 49.0 120000
1695308868025 84.0 124000
1695308885358 83.0 128000
1695308902909 88.0 132000
1695308920217 92.0 136000
1695308937649 95.0 140000
1695308955601 80.0 144000
1695308973209 98.0 148000
1695308990989 114.0 152000
1695309008045 106.0 156000
1695309024997 128.0 160000
1695309041863 132.0 164000
1695309058934 134.0 168000
1695309076337 112.0 172000
1695309093096 124.0 176000
1695309109783 132.0 180000
1695309126089 115.0 184000
1695309143031 160.0 188000
1695309161579 157.0 192000
1695309179089 184.0 196000
1695309196846 149.0 200000
1695309214099 168.0 204000
1695309232050 178.0 208000
1695309248762 172.0 212000
1695309265864 145.0 216000
1695309283763 153.0 220000
1695309301781 163.0 224000
1695309319318 159.0 228000
1695309336417 166.0 232000
1695309353405 131.0 236000
1695309370951 147.0 240000
1695309387731 185.0 244000
1695309404534 159.0 248000
1695309420954 185.0 252000
1695309437207 155.0 256000
1695309453711 195.0 260000
1695309470974 202.0 264000
1695309487881 162.0 268000
1695309504497 168.0 272000
1695309521804 203.0 276000
1695309538374 189.0 280000
1695309554810 185.0 284000
1695309571717 173.0 288000
1695309588296 195.0 292000
1695309604911 186.0 296000
1695309621169 164.0 300000
1695309637592 218.0 304000
1695309653943 185.0 308000
1695309670403 183.0 312000
1695309686883 181.0 316000
1695309703486 186.0 320000
1695309720093 166.0 324000
1695309736743 200.0 328000
1695309753458 191.0 332000
1695309770627 181.0 336000
1695309788416 203.0 340000
1695309806266 211.0 344000
1695309823910 201.0 348000
1695309841508 185.0 352000
1695309859425 197.0 356000
1695309877023 187.0 360000
1695309895218 209.0 364000
1695309912889 181.0 368000
1695309930494 164.0 372000
1695309948082 196.0 376000
1695309965651 182.0 380000
1695309983333 175.0 384000
1695310001797 177.0 388000
1695310019131 185.0 392000
1695310037233 190.0 396000
1695310058478 201.0 400000
1695310080075 221.0 404000
1695310099813 213.0 408000
1695310120006 208.0 412000
1695310136634 203.0 416000
1695310153334 210.0 420000
1695310170833 215.0 424000
1695310189081 230.0 428000
1695310207424 220.0 432000
1695310225676 210.0 436000
1695310244099 218.0 440000
1695310262413 223.0 444000
1695310280680 214.0 448000
1695310299173 239.0 452000
1695310318019 217.0 456000
1695310336748 217.0 460000
1695310355249 231.0 464000
1695310373915 223.0 468000
1695310392664 220.0 472000
1695310411149 226.0 476000
1695310429577 229.0 480000
1695310447980 221.0 484000
1695310466423 230.0 488000
1695310485062 242.0 492000
1695310503544 236.0 496000
1695310521955 227.0 500000
1695310540667 236.0 504000
1695310559010 213.0 508000
1695310577698 223.0 512000
1695310596040 235.0 516000
1695310614641 217.0 520000
1695310633203 227.0 524000
1695310651689 228.0 528000
1695310670041 205.0 532000
1695310688397 223.0 536000
1695310706901 225.0 540000
1695310725435 246.0 544000
1695310744039 226.0 548000
1695310762435 227.0 552000
1695310780965 219.0 556000
1695310799212 216.0 560000
1695310818165 219.0 564000
1695310836103 236.0 568000
1695310852897 227.0 572000
1695310869692 228.0 576000
1695310886294 229.0 580000
1695310903000 216.0 584000
1695310919905 230.0 588000
1695310937695 228.0 592000
1695310956082 241.0 596000
1695310974803 226.0 600000
1695310993474 247.0 604000
1695311012310 248.0 608000
1695311030802 249.0 612000
1695311049142 241.0 616000
1695311068390 237.0 620000
1695311087366 265.0 624000
1695311106019 246.0 628000
1695311124455 237.0 632000
1695311143126 228.0 636000
1695311161501 229.0 640000
1695311180090 243.0 644000
1695311198578 245.0 648000
1695311216989 231.0 652000
1695311235300 236.0 656000
1695311253698 235.0 660000
1695311272623 236.0 664000
1695311293294 245.0 668000
1695311312841 242.0 672000
1695311332566 246.0 676000
1695311352090 221.0 680000
1695311371343 246.0 684000
1695311391052 226.0 688000
1695311410760 249.0 692000
1695311430498 235.0 696000
1695311449841 216.0 700000
1695311469560 239.0 704000
1695311488975 252.0 708000
1695311507733 236.0 712000
1695311525270 240.0 716000
1695311545173 251.0 720000
1695311563414 252.0 724000
1695311580640 244.0 728000
1695311597886 240.0 732000
1695311614924 255.0 736000
1695311633125 227.0 740000
1695311651487 228.0 744000
1695311670640 251.0 748000
1695311688275 229.0 752000
1695311705503 227.0 756000
1695311723916 229.0 760000
1695311742162 248.0 764000
1695311760323 243.0 768000
1695311778419 236.0 772000
1695311796483 225.0 776000
1695311814054 233.0 780000
1695311831599 266.0 784000
