1695308366368 0.9119999999999999 4000
1695308381955 0.9149999999999999 8000
1695308398656 0.9149999999999999 12000
1695308415465 1.2650000000000001 16000
1695308433094 1.2650000000000001 20000
1695308450603 1.2650000000000001 24000
1695308467224 1.2650000000000001 28000
1695308484553 1.2650000000000001 32000
1695308501505 0.9149999999999999 36000
1695308517800 0.9149999999999999 40000
1695308534328 0.9179999999999999 44000
1695308550390 0.9179999999999999 48000
1695308566534 0.9179999999999999 52000
1695308582648 0.9289999999999999 56000
1695308598927 0.944 60000
1695308614877 0.944 64000
1695308630937 0.944 68000
1695308646840 0.944 72000
1695308663001 0.9269999999999999 76000
1695308679285 0.9269999999999999 80000
1695308696631 0.9269999999999999 84000
1695308714057 0.9269999999999999 88000
1695308731341 1.115 92000
1695308748405 1.115 96000
1695308765521 1.115 100000
1695308782766 0.9299999999999999 104000
1695308799750 0.9219999999999999 108000
1695308816711 0.9580000000000002 112000
1695308833786 0.9580000000000002 116000
1695308850795 1.588 120000
1695308868024 0.8859999999999999 124000
1695308885358 0.929 128000
1695308902908 0.7850000000000001 132000
1695308920217 0.917 136000
1695308937649 0.7589999999999999 140000
1695308955600 0.6040000000000001 144000
1695308973208 0.873 148000
1695308990988 0.9249999999999998 152000
1695309008044 0.911 156000
1695309024997 0.9550000000000001 160000
1695309041863 0.923 164000
1695309058933 0.8460000000000001 168000
1695309076336 0.97 172000
1695309093095 0.946 176000
1695309109782 0.913 180000
1695309126089 0.9100000000000001 184000
1695309143030 1.4409999999999998 188000
1695309161578 0.869 192000
1695309179088 1.4329999999999998 196000
1695309196845 0.962 200000
1695309214098 0.9430000000000001 204000
1695309232049 0.9630000000000001 208000
1695309248761 1.442 212000
1695309265863 1.446 216000
1695309283762 0.9630000000000001 220000
1695309301780 1.4529999999999998 224000
1695309319317 1.431 228000
1695309336417 1.453 232000
1695309353404 1.434 236000
1695309370950 1.439 240000
1695309387731 1.4409999999999998 244000
1695309404533 1.572 248000
1695309420954 1.389 252000
1695309437206 1.46 256000
1695309453710 1.94 260000
1695309470973 1.954 264000
1695309487880 1.762 268000
1695309504496 1.942 272000
1695309521803 1.455 276000
1695309538373 1.9369999999999998 280000
1695309554810 1.4489999999999998 284000
1695309571716 1.45 288000
1695309588295 1.942 292000
1695309604911 1.848 296000
1695309621169 1.5859999999999999 300000
1695309637591 1.9409999999999998 304000
1695309653942 1.9300000000000002 308000
1695309670402 1.958 312000
1695309686882 1.896 316000
1695309703485 1.4609999999999999 320000
1695309720092 1.9529999999999998 324000
1695309736742 1.9489999999999998 328000
1695309753458 1.745 332000
1695309770626 1.917 336000
1695309788415 1.944 340000
1695309806265 1.926 344000
1695309823909 1.9409999999999998 348000
1695309841507 1.8159999999999998 352000
1695309859424 1.896 356000
1695309877022 1.939 360000
1695309895217 1.9449999999999998 364000
1695309912888 1.9249999999999998 368000
1695309930494 1.93 372000
1695309948081 1.928 376000
1695309965650 1.96 380000
1695309983332 1.46 384000
1695310001796 1.92 388000
1695310019131 1.9180000000000001 392000
1695310037232 1.947 396000
1695310058477 1.9569999999999999 400000
1695310080074 1.942 404000
1695310099812 1.946 408000
1695310120005 1.9529999999999998 412000
1695310136633 1.9040000000000001 416000
1695310153333 1.935 420000
1695310170832 1.9409999999999998 424000
1695310189080 1.9609999999999999 428000
1695310207423 1.951 432000
1695310225675 1.938 436000
1695310244098 1.9369999999999998 440000
1695310262412 1.9609999999999999 444000
1695310280679 1.951 448000
1695310299172 1.951 452000
1695310318018 1.9489999999999998 456000
1695310336747 1.9529999999999998 460000
1695310355249 1.904 464000
1695310373914 1.9609999999999999 468000
1695310392663 1.95 472000
1695310411148 1.9489999999999998 476000
1695310429576 1.952 480000
1695310447979 1.952 484000
1695310466422 1.951 488000
1695310485061 1.95 492000
1695310503543 1.959 496000
1695310521954 1.955 500000
1695310540666 1.95 504000
1695310559009 1.955 508000
1695310577697 1.9449999999999998 512000
1695310596039 1.949 516000
1695310614640 1.94 520000
1695310633202 1.9569999999999999 524000
1695310651688 1.942 528000
1695310670041 1.93 532000
1695310688396 1.9540000000000002 536000
1695310706900 1.952 540000
1695310725434 1.958 544000
1695310744038 1.956 548000
1695310762434 1.9449999999999998 552000
1695310780964 1.952 556000
1695310799211 1.9569999999999999 560000
1695310818164 1.954 564000
1695310836102 1.95 568000
1695310852896 1.9500000000000002 572000
1695310869691 1.944 576000
1695310886293 1.951 580000
1695310902999 1.9569999999999999 584000
1695310919904 1.951 588000
1695310937694 1.959 592000
1695310956081 1.9609999999999999 596000
1695310974802 1.951 600000
1695310993473 1.954 604000
1695311012309 1.9540000000000002 608000
1695311030801 1.96 612000
1695311049141 1.954 616000
1695311068389 1.949 620000
1695311087366 1.958 624000
1695311106018 1.954 628000
1695311124454 1.955 632000
1695311143125 1.9609999999999999 636000
1695311161500 1.955 640000
1695311180089 1.959 644000
1695311198577 1.958 648000
1695311216988 1.947 652000
1695311235299 1.955 656000
1695311253697 1.9529999999999998 660000
1695311272623 1.955 664000
1695311293293 1.958 668000
1695311312840 1.9460000000000002 672000
1695311332565 1.9609999999999999 676000
1695311352089 1.952 680000
1695311371342 1.952 684000
1695311391051 1.959 688000
1695311410760 1.96 692000
1695311430497 1.9609999999999999 696000
1695311449840 1.9569999999999999 700000
1695311469559 1.943 704000
1695311488974 1.954 708000
1695311507732 1.956 712000
1695311525269 1.96 716000
1695311545172 1.959 720000
1695311563413 1.955 724000
1695311580639 1.956 728000
1695311597885 1.9569999999999999 732000
1695311614923 1.956 736000
1695311633124 1.955 740000
1695311651487 1.9529999999999998 744000
1695311670639 1.9449999999999998 748000
1695311688274 1.958 752000
1695311705502 1.959 756000
1695311723915 1.9569999999999999 760000
1695311742161 1.96 764000
1695311760322 1.9529999999999998 768000
1695311778418 1.955 772000
1695311796482 1.948 776000
1695311814054 1.951 780000
1695311831598 1.955 784000
