1695308366369 218.0 4000
1695308381955 214.36666666666667 8000
1695308398657 212.80769230769232 12000
1695308415466 205.74285714285713 16000
1695308433094 201.41666666666666 20000
1695308450604 199.42 24000
1695308467225 199.1 28000
1695308484554 198.26 32000
1695308501505 197.12 36000
1695308517800 198.79 40000
1695308534328 188.6 44000
1695308550391 184.49 48000
1695308566534 178.2 52000
1695308582649 176.25 56000
1695308598928 170.09 60000
1695308614877 154.56 64000
1695308630937 144.47 68000
1695308646840 141.32 72000
1695308663002 137.21 76000
1695308679286 142.52 80000
1695308696631 135.67 84000
1695308714058 135.24 88000
1695308731341 126.33 92000
1695308748405 121.93 96000
1695308765522 111.83 100000
1695308782767 106.8 104000
1695308799750 95.43 108000
1695308816712 90.92 112000
1695308833787 81.54 116000
1695308850796 75.5 120000
1695308868024 54.8 124000
1695308885358 48.22 128000
1695308902909 48.87 132000
1695308920217 42.93 136000
1695308937649 43.99 140000
1695308955601 41.65 144000
1695308973209 44.97 148000
1695308990989 33.94736842105263 152000
1695309008045 39.39622641509434 156000
1695309024997 30.25 160000
1695309041863 31.439393939393938 164000
1695309058934 27.69402985074627 168000
1695309076337 34.99107142857143 172000
1695309093096 35.62903225806452 176000
1695309109782 30.689393939393938 180000
1695309126089 29.817391304347826 184000
1695309143031 28.00625 188000
1695309161579 25.94267515923567 192000
1695309179089 21.456521739130434 196000
1695309196845 27.221476510067113 200000
1695309214099 23.666666666666668 204000
1695309232050 21.247191011235955 208000
1695309248762 25.11627906976744 212000
1695309265864 27.413793103448278 216000
1695309283763 23.901960784313726 220000
1695309301781 26.20245398773006 224000
1695309319318 24.59119496855346 228000
1695309336417 24.36144578313253 232000
1695309353405 27.96946564885496 236000
1695309370951 29.931972789115648 240000
1695309387731 21.724324324324325 244000
1695309404534 25.163522012578618 248000
1695309420954 21.697297297297297 252000
1695309437206 25.058064516129033 256000
1695309453710 21.256410256410255 260000
1695309470973 19.356435643564357 264000
1695309487880 23.617283950617285 268000
1695309504497 24.351190476190474 272000
1695309521804 20.32512315270936 276000
1695309538374 21.16931216931217 280000
1695309554810 21.481081081081083 284000
1695309571717 23.14450867052023 288000
1695309588296 20.892307692307693 292000
1695309604911 21.155913978494624 296000
1695309621169 24.365853658536587 300000
1695309637591 18.55504587155963 304000
1695309653942 21.772972972972973 308000
1695309670403 20.502732240437158 312000
1695309686882 22.944751381215468 316000
1695309703486 21.591397849462364 320000
1695309720093 23.27710843373494 324000
1695309736743 20.96 328000
1695309753458 20.769633507853403 332000
1695309770627 21.61878453038674 336000
1695309788416 20.374384236453203 340000
1695309806266 18.75829383886256 344000
1695309823910 19.71144278606965 348000
1695309841507 20.72972972972973 352000
1695309859425 21.18274111675127 356000
1695309877023 21.71657754010695 360000
1695309895218 19.066985645933013 364000
1695309912888 21.055248618784532 368000
1695309930494 25.176829268292682 372000
1695309948082 19.642857142857142 376000
1695309965651 22.439560439560438 380000
1695309983333 23.388571428571428 384000
1695310001797 21.768361581920903 388000
1695310019131 22.08108108108108 392000
1695310037233 21.273684210526316 396000
1695310058478 20.01492537313433 400000
1695310080074 18.217194570135746 404000
1695310099813 18.366197183098592 408000
1695310120006 19.682692307692307 412000
1695310136634 19.48768472906404 416000
1695310153334 18.495238095238093 420000
1695310170833 19.46511627906977 424000
1695310189081 17.269565217391303 428000
1695310207424 18.086363636363636 432000
1695310225675 19.142857142857142 436000
1695310244099 18.23394495412844 440000
1695310262413 18.116591928251122 444000
1695310280679 18.757009345794394 448000
1695310299173 16.761506276150627 452000
1695310318019 18.0 456000
1695310336747 18.691244239631338 460000
1695310355249 17.41125541125541 464000
1695310373915 17.8609865470852 468000
1695310392664 18.295454545454547 472000
1695310411148 17.61061946902655 476000
1695310429577 17.04366812227074 480000
1695310447980 18.63348416289593 484000
1695310466423 17.05217391304348 488000
1695310485062 16.698347107438018 492000
1695310503544 17.110169491525422 496000
1695310521955 17.312775330396477 500000
1695310540667 17.050847457627118 504000
1695310559010 19.023474178403756 508000
1695310577697 17.847533632286996 512000
1695310596040 17.02127659574468 516000
1695310614640 17.294930875576036 520000
1695310633202 18.669603524229075 524000
1695310651689 17.54385964912281 528000
1695310670041 19.141463414634146 532000
1695310688397 17.690582959641254 536000
1695310706900 18.266666666666666 540000
1695310725435 16.378048780487806 544000
1695310744039 17.76991150442478 548000
1695310762435 16.955947136563875 552000
1695310780965 18.013698630136986 556000
1695310799212 19.13425925925926 560000
1695310818165 18.35159817351598 564000
1695310836103 16.970338983050848 568000
1695310852896 17.75770925110132 572000
1695310869692 17.535087719298247 576000
1695310886293 17.209606986899562 580000
1695310902999 18.671296296296298 584000
1695310919905 17.46086956521739 588000
1695310937694 17.482456140350877 592000
1695310956082 16.42738589211618 596000
1695310974802 17.97787610619469 600000
1695310993474 16.234817813765183 604000
1695311012309 15.963709677419354 608000
1695311030802 16.313253012048193 612000
1695311049142 16.547717842323653 616000
1695311068390 17.033755274261605 620000
1695311087366 14.864150943396226 624000
1695311106019 16.097560975609756 628000
1695311124455 16.746835443037973 632000
1695311143125 17.885964912280702 636000
1695311161500 16.96943231441048 640000
1695311180090 16.925925925925927 644000
1695311198577 16.367346938775512 648000
1695311216989 16.72294372294372 652000
1695311235300 17.45762711864407 656000
1695311253698 16.085106382978722 660000
1695311272623 17.949152542372882 664000
1695311293294 16.069387755102042 668000
1695311312841 16.785123966942148 672000
1695311332566 16.016260162601625 676000
1695311352089 18.289592760180994 680000
1695311371343 16.065040650406505 684000
1695311391052 18.13716814159292 688000
1695311410760 15.89558232931727 692000
1695311430497 16.92340425531915 696000
1695311449841 17.916666666666668 700000
1695311469559 17.292887029288703 704000
1695311488975 15.98015873015873 708000
1695311507732 16.940677966101696 712000
1695311525270 16.570833333333333 716000
1695311545173 15.9800796812749 720000
1695311563414 15.928571428571429 724000
1695311580640 16.46311475409836 728000
1695311597886 16.066666666666666 732000
1695311614924 16.03921568627451 736000
1695311633125 17.070484581497798 740000
1695311651487 18.17543859649123 744000
1695311670640 15.92430278884462 748000
1695311688275 17.16593886462882 752000
1695311705503 17.312775330396477 756000
1695311723916 18.2882096069869 760000
1695311742162 15.838709677419354 764000
1695311760322 16.679012345679013 768000
1695311778419 16.860169491525422 772000
1695311796482 17.711111111111112 776000
1695311814054 17.339055793991417 780000
1695311831599 15.097744360902256 784000
