1695308366369 0.0 4000
1695308381956 0.0 8000
1695308398657 0.0 12000
1695308415466 0.0 16000
1695308433095 0.0 20000
1695308450605 0.0 24000
1695308467225 0.0 28000
1695308484554 0.0 32000
1695308501506 0.0 36000
1695308517801 0.0 40000
1695308534329 0.0 44000
1695308550391 0.0 48000
1695308566535 0.0 52000
1695308582649 0.0 56000
1695308598928 0.0 60000
1695308614878 0.0 64000
1695308630938 0.0 68000
1695308646841 0.0 72000
1695308663002 0.0 76000
1695308679287 0.0 80000
1695308696632 0.0 84000
1695308714058 0.0 88000
1695308731342 0.0 92000
1695308748406 0.0 96000
1695308765522 0.0 100000
1695308782767 0.0 104000
1695308799751 0.0 108000
1695308816712 0.0 112000
1695308833787 0.0 116000
1695308850796 0.0 120000
1695308868025 0.0 124000
1695308885359 0.0 128000
1695308902909 0.0 132000
1695308920218 0.0 136000
1695308937650 0.0 140000
1695308955601 0.0 144000
1695308973209 0.0 148000
1695308990989 0.0 152000
1695309008045 0.0 156000
1695309024998 0.0 160000
1695309041864 0.0 164000
1695309058934 0.0 168000
1695309076337 0.0 172000
1695309093096 0.0 176000
1695309109783 0.0 180000
1695309126090 0.0 184000
1695309143031 0.0 188000
1695309161580 0.0 192000
1695309179089 0.0 196000
1695309196846 0.0 200000
1695309214099 0.0 204000
1695309232050 0.0 208000
1695309248762 0.0 212000
1695309265864 0.0 216000
1695309283763 0.0 220000
1695309301781 0.0 224000
1695309319318 0.0 228000
1695309336418 0.0 232000
1695309353405 0.0 236000
1695309370951 0.0 240000
1695309387732 0.0 244000
1695309404534 0.0 248000
1695309420955 0.0 252000
1695309437207 0.0 256000
1695309453711 0.0 260000
1695309470974 0.0 264000
1695309487881 0.0 268000
1695309504497 0.0 272000
1695309521804 0.0 276000
1695309538375 0.0 280000
1695309554811 0.0 284000
1695309571717 0.0 288000
1695309588297 0.0 292000
1695309604912 0.0 296000
1695309621170 0.0 300000
1695309637592 0.0 304000
1695309653943 0.0 308000
1695309670403 0.0 312000
1695309686883 0.0 316000
1695309703486 0.0 320000
1695309720093 0.0 324000
1695309736743 0.0 328000
1695309753459 0.0 332000
1695309770627 0.0 336000
1695309788416 0.0 340000
1695309806266 0.0 344000
1695309823910 0.0 348000
1695309841508 0.0 352000
1695309859425 0.0 356000
1695309877023 0.0 360000
1695309895218 0.0 364000
1695309912889 0.0 368000
1695309930495 0.0 372000
1695309948082 0.0 376000
1695309965651 0.0 380000
1695309983333 0.0 384000
1695310001797 0.0 388000
1695310019132 0.0 392000
1695310037233 0.0 396000
1695310058478 0.0 400000
1695310080075 0.0 404000
1695310099813 0.0 408000
1695310120006 0.0 412000
1695310136634 0.0 416000
1695310153334 0.0 420000
1695310170833 0.0 424000
1695310189081 0.0 428000
1695310207424 0.0 432000
1695310225676 0.0 436000
1695310244099 0.0 440000
1695310262413 0.0 444000
1695310280680 0.0 448000
1695310299173 0.0 452000
1695310318019 0.0 456000
1695310336748 0.0 460000
1695310355250 0.0 464000
1695310373915 0.0 468000
1695310392665 0.0 472000
1695310411149 0.0 476000
1695310429577 0.0 480000
1695310447980 0.0 484000
1695310466423 0.0 488000
1695310485063 0.0 492000
1695310503544 0.0 496000
1695310521955 0.0 500000
1695310540667 0.0 504000
1695310559010 0.0 508000
1695310577698 0.0 512000
1695310596040 0.0 516000
1695310614641 0.0 520000
1695310633203 0.0 524000
1695310651689 0.0 528000
1695310670042 0.0 532000
1695310688398 0.0 536000
1695310706901 0.0 540000
1695310725435 0.0 544000
1695310744040 0.0 548000
1695310762435 0.0 552000
1695310780965 0.0 556000
1695310799212 0.0 560000
1695310818165 0.0 564000
1695310836103 0.0 568000
1695310852897 0.0 572000
1695310869692 0.0 576000
1695310886294 0.0 580000
1695310903000 0.0 584000
1695310919905 0.0 588000
1695310937695 0.0 592000
1695310956082 0.0 596000
1695310974803 0.0 600000
1695310993474 0.0 604000
1695311012310 0.0 608000
1695311030802 0.0 612000
1695311049142 0.0 616000
1695311068390 0.0 620000
1695311087367 0.0 624000
1695311106020 0.0 628000
1695311124455 0.0 632000
1695311143126 0.0 636000
1695311161501 0.0 640000
1695311180090 0.0 644000
1695311198578 0.0 648000
1695311216989 0.0 652000
1695311235300 0.0 656000
1695311253698 0.0 660000
1695311272624 0.0 664000
1695311293294 0.0 668000
1695311312841 0.0 672000
1695311332566 0.0 676000
1695311352090 0.0 680000
1695311371344 0.0 684000
1695311391052 0.0 688000
1695311410761 0.0 692000
1695311430498 0.0 696000
1695311449841 0.0 700000
1695311469560 0.0 704000
1695311488976 0.0 708000
1695311507733 0.0 712000
1695311525270 0.0 716000
1695311545173 0.0 720000
1695311563414 0.0 724000
1695311580640 0.0 728000
1695311597886 0.0 732000
1695311614924 0.0 736000
1695311633125 0.0 740000
1695311651488 0.0 744000
1695311670640 0.0 748000
1695311688275 0.0 752000
1695311705503 0.0 756000
1695311723916 0.0 760000
1695311742162 0.0 764000
1695311760323 0.0 768000
1695311778419 0.0 772000
1695311796483 0.0 776000
1695311814055 0.0 780000
1695311831599 0.0 784000
