1695308366371 0.10222179428208887 4000
1695308381958 0.10074117864663158 8000
1695308398659 0.10062422994761268 12000
1695308415468 0.10104986072672814 16000
1695308433097 0.10200751153816613 20000
1695308450607 0.10261610511824369 24000
1695308467227 0.10361756107383087 28000
1695308484556 0.1047656300931074 32000
1695308501508 0.10562753241275648 36000
1695308517803 0.1058956925569741 40000
1695308534331 0.10595638722994377 44000
1695308550393 0.10594802597446185 48000
1695308566537 0.10558974530545796 52000
1695308582651 0.1050999972338864 56000
1695308598930 0.10473324174780606 60000
1695308614880 0.10444755232003303 64000
1695308630940 0.10418484689959782 68000
1695308646843 0.1038972444487419 72000
1695308663004 0.10379907419245059 76000
1695308679288 0.10347278957707308 80000
1695308696634 0.10343541796595965 84000
1695308714060 0.1035075235690298 88000
1695308731343 0.10365705543644774 92000
1695308748408 0.1039359883579812 96000
1695308765524 0.10412777338000385 100000
1695308782769 0.10408469382467497 104000
1695308799753 0.10448466553017834 108000
1695308816714 0.10461680759509685 112000
1695308833790 0.10458601409994653 116000
1695308850798 0.10460339068482741 120000
1695308868027 0.1047654665045366 124000
1695308885360 0.10478259200512875 128000
1695308902911 0.10482358329082196 132000
1695308920220 0.10483029261329836 136000
1695308937651 0.10514809011343672 140000
1695308955604 0.10519245760256712 144000
1695308973211 0.10536205844638893 148000
1695308990991 0.10539950428437829 152000
1695309008047 0.10544224265482581 156000
1695309025000 0.10541511509695783 160000
1695309041866 0.10537297265436989 164000
1695309058936 0.10542314638025956 168000
1695309076339 0.1054214041377234 172000
1695309093098 0.10532363450003426 176000
1695309109785 0.10527143159989988 180000
1695309126092 0.10518977155800863 184000
1695309143033 0.10508479842048561 188000
1695309161582 0.10526150699876545 192000
1695309179091 0.10531975551545765 196000
1695309196848 0.10545120752347345 200000
1695309214101 0.10546539459105284 204000
1695309232053 0.1055461989124039 208000
1695309248764 0.10543890158387147 212000
1695309265866 0.10540956347348827 216000
1695309283765 0.10538199527087862 220000
1695309301784 0.10557688120277674 224000
1695309319320 0.10567167876190808 228000
1695309336419 0.10558963204223452 232000
1695309353407 0.10550322052146134 236000
1695309370953 0.10579139041359728 240000
1695309387734 0.10563733565615056 244000
1695309404536 0.1054843583075377 248000
1695309420957 0.10550911590185813 252000
1695309437209 0.10543587487387333 256000
1695309453713 0.10524334120324556 260000
1695309470976 0.1052029100428296 264000
1695309487883 0.10527737189755305 268000
1695309504499 0.10527223435485625 272000
1695309521806 0.10520226739884475 276000
1695309538376 0.10506660932110322 280000
1695309554812 0.10499739409431662 284000
1695309571719 0.10500469773467522 288000
1695309588299 0.10486744318765448 292000
1695309604913 0.10481828803673443 296000
1695309621172 0.10490076349743606 300000
1695309637594 0.10474796580349462 304000
1695309653945 0.10463609763275801 308000
1695309670405 0.10467215736050456 312000
1695309686885 0.10462607218452774 316000
1695309703488 0.10462104240264404 320000
1695309720095 0.10443484185508871 324000
1695309736745 0.10450568414600131 328000
1695309753460 0.10441371952516763 332000
1695309770629 0.10434128472758254 336000
1695309788418 0.10445345473209251 340000
1695309806268 0.1045541136252547 344000
1695309823912 0.10463002534658646 348000
1695309841510 0.10456924264529667 352000
1695309859427 0.10462174327495101 356000
1695309877025 0.10471325541650156 360000
1695309895220 0.10475748882334096 364000
1695309912891 0.10484352933510613 368000
1695309930497 0.10483018117572875 372000
1695309948084 0.10486140453036241 376000
1695309965653 0.10484032787907126 380000
1695309983335 0.10499102183232722 384000
1695310001799 0.1050735984374485 388000
1695310019134 0.10499785227570818 392000
1695310037235 0.10513388530488166 396000
1695310058480 0.10531087046633748 400000
1695310080077 0.10561808103929177 404000
1695310099815 0.10578227762804203 408000
1695310120008 0.10596426653607782 412000
1695310136636 0.10598531400038322 416000
1695310153336 0.10588851475092816 420000
1695310170835 0.10580638628792469 424000
1695310189083 0.10590566710771053 428000
1695310207426 0.10592627336836774 432000
1695310225678 0.10593200559756416 436000
1695310244101 0.10604872147460011 440000
1695310262415 0.10607931082193386 444000
1695310280682 0.10613558022401919 448000
1695310299175 0.10610347743610926 452000
1695310318021 0.10609052551204064 456000
1695310336750 0.10620893747174637 460000
1695310355252 0.10621454911828399 464000
1695310373917 0.1062800038013509 468000
1695310392667 0.10635140968876478 472000
1695310411151 0.10637640765681396 476000
1695310429579 0.10644537021084316 480000
1695310447982 0.10644777551462062 484000
1695310466425 0.10648357136140914 488000
1695310485065 0.10650178916820847 492000
1695310503546 0.1065620690153176 496000
1695310521957 0.10651999907477604 500000
1695310540669 0.10662246188088559 504000
1695310559012 0.10667579315015605 508000
1695310577700 0.10670271436438201 512000
1695310596042 0.10669276031393612 516000
1695310614643 0.10670484714102638 520000
1695310633205 0.10674773503720422 524000
1695310651691 0.10675298512449886 528000
1695310670044 0.1067547221422412 532000
1695310688399 0.10679484344410578 536000
1695310706903 0.10688749213879863 540000
1695310725437 0.1068714366735224 544000
1695310744042 0.10691858177903267 548000
1695310762437 0.10695572572566364 552000
1695310780968 0.10693643855371295 556000
1695310799214 0.10695929596905375 560000
1695310818167 0.1069881443549069 564000
1695310836105 0.10701558297693425 568000
1695310852899 0.1070062380572623 572000
1695310869694 0.10692425942136352 576000
1695310886296 0.10693447563854923 580000
1695310903002 0.1068695624287307 584000
1695310919907 0.10685665962255304 588000
1695310937697 0.10678622642346641 592000
1695310956084 0.10680856455117231 596000
1695310974805 0.10684782751167254 600000
1695310993476 0.10688832191258735 604000
1695311012312 0.1068983190127896 608000
1695311030804 0.10696383407319453 612000
1695311049144 0.10694623706251424 616000
1695311068392 0.1069876263047351 620000
1695311087369 0.10702207486950825 624000
1695311106022 0.107091769869174 628000
1695311124457 0.10704413854268095 632000
1695311143128 0.10711130450381302 636000
1695311161503 0.10707560706003327 640000
1695311180092 0.10712419889957316 644000
1695311198580 0.10713023090721133 648000
1695311216992 0.10717755188947158 652000
1695311235302 0.10717623765816414 656000
1695311253700 0.10718835779913313 660000
1695311272626 0.10721435348197468 664000
1695311293296 0.1073376844890853 668000
1695311312843 0.10738180970291704 672000
1695311332568 0.10745823653902334 676000
1695311352092 0.1075087068109462 680000
1695311371346 0.10755147934632142 684000
1695311391054 0.1076293852271235 688000
1695311410763 0.1076476881967816 692000
1695311430500 0.10770051416012212 696000
1695311449843 0.10773040049172683 700000
1695311469562 0.10780867759389334 704000
1695311488978 0.10788102087556577 708000
1695311507735 0.10789678341769451 712000
1695311525272 0.10785174178180762 716000
1695311545175 0.10794446805386734 720000
1695311563416 0.107941085583848 724000
1695311580642 0.10791752819755686 728000
1695311597888 0.10787433635745387 732000
1695311614926 0.10783414125063503 736000
1695311633127 0.10793113049948537 740000
1695311651489 0.10788248175272926 744000
1695311670642 0.10786960320741527 748000
1695311688277 0.1078852638384485 752000
1695311705505 0.10781853380694016 756000
1695311723918 0.1077931927871728 760000
1695311742164 0.10787538413221395 764000
1695311760325 0.10791029036453002 768000
1695311778421 0.10785085191347733 772000
1695311796485 0.10791504143562183 776000
1695311814057 0.10779491162976293 780000
1695311831601 0.10781942885172062 784000
