1695308366371 0.16630594592713682 4000
1695308381958 0.16244761516166897 8000
1695308398660 0.16138738161569266 12000
1695308415468 0.1618893790739558 16000
1695308433097 0.16358636963536236 20000
1695308450607 0.16433976139851197 24000
1695308467227 0.16600736582401435 28000
1695308484556 0.16814109291631996 32000
1695308501508 0.16980828835001816 36000
1695308517803 0.17007443746116993 40000
1695308534331 0.17012984459835873 44000
1695308550393 0.17005492802121458 48000
1695308566537 0.1691635406308698 52000
1695308582651 0.16806218164242168 56000
1695308598930 0.16721939398792096 60000
1695308614880 0.16659151730280047 64000
1695308630940 0.16616059766853072 68000
1695308646843 0.16568449879760863 72000
1695308663005 0.16546085858128756 76000
1695308679289 0.16485607359513252 80000
1695308696634 0.16470483863077107 84000
1695308714060 0.1647884037661151 88000
1695308731344 0.1650180591231653 92000
1695308748408 0.16542129931223126 96000
1695308765524 0.1656808335910515 100000
1695308782769 0.1655400197019949 104000
1695308799753 0.1661483584260594 108000
1695308816714 0.16643124918904115 112000
1695308833790 0.16630530326753465 116000
1695308850798 0.1663410930136782 120000
1695308868027 0.1667385805843299 124000
1695308885361 0.16680144008848458 128000
1695308902911 0.16689814974278 132000
1695308920220 0.16688167677854865 136000
1695308937652 0.16756741693028304 140000
1695308955604 0.1677444586509609 144000
1695308973211 0.16799648103930045 148000
1695308990991 0.16807870632287758 152000
1695309008047 0.1682726381566241 156000
1695309025000 0.16839462644692088 160000
1695309041866 0.16839496680588245 164000
1695309058937 0.1685841794056833 168000
1695309076340 0.1686397731297733 172000
1695309093098 0.16865665565407148 176000
1695309109785 0.16870019637094263 180000
1695309126092 0.16867532704256483 184000
1695309143033 0.16858741164708366 188000
1695309161582 0.1690587954896082 192000
1695309179091 0.16936109932602034 196000
1695309196848 0.16973072214936424 200000
1695309214101 0.1697417442298778 204000
1695309232053 0.16995499359462246 208000
1695309248765 0.1698768926354126 212000
1695309265866 0.16994947089522366 216000
1695309283766 0.1699941192950211 220000
1695309301784 0.17042913264046508 224000
1695309319320 0.17072411269421225 228000
1695309336420 0.1706355693298165 232000
1695309353408 0.17045131774716596 236000
1695309370953 0.1711419830408028 240000
1695309387734 0.17092500835709634 244000
1695309404536 0.1706885580315789 248000
1695309420957 0.17084348496528579 252000
1695309437209 0.17074929568073263 256000
1695309453713 0.17046612431002903 260000
1695309470976 0.17049228158414165 264000
1695309487883 0.17069952572712344 268000
1695309504499 0.17065338066633512 272000
1695309521806 0.17058691809607687 276000
1695309538377 0.17045518443594812 280000
1695309554813 0.170370328402958 284000
1695309571719 0.17043535513853936 288000
1695309588299 0.170284331170265 292000
1695309604914 0.1702427378515056 296000
1695309621172 0.17042041021724283 300000
1695309637594 0.1702046157987959 304000
1695309653945 0.17004724101556276 308000
1695309670405 0.17012791831110058 312000
1695309686885 0.17005145050420264 316000
1695309703489 0.1700650277868677 320000
1695309720095 0.1697632545207158 324000
1695309736745 0.16995262755863855 328000
1695309753461 0.16977186481046297 332000
1695309770629 0.1696727319488557 336000
1695309788418 0.1698740831557257 340000
1695309806268 0.17009257299261085 344000
1695309823912 0.17025810374919662 348000
1695309841510 0.17010195198274147 352000
1695309859427 0.17022724541307946 356000
1695309877025 0.17043300202176406 360000
1695309895220 0.17050462222593918 364000
1695309912891 0.17066071965374946 368000
1695309930497 0.17064120589189413 372000
1695309948085 0.17071691759194463 376000
1695309965653 0.17074509244967598 380000
1695309983335 0.17092325214778983 384000
1695310001800 0.1710888993533408 388000
1695310019134 0.17101661984382827 392000
1695310037236 0.17132184251900556 396000
1695310058481 0.17176544548458408 400000
1695310080077 0.17252183037443494 404000
1695310099816 0.17291607607172652 408000
1695310120009 0.17339656582119709 412000
1695310136636 0.17349115270566326 416000
1695310153336 0.1733355889608972 420000
1695310170835 0.17316583991083087 424000
1695310189084 0.17342099285852985 428000
1695310207426 0.17352973627063936 432000
1695310225678 0.17357746607201505 436000
1695310244101 0.1738260329646819 440000
1695310262415 0.1739339755281702 444000
1695310280682 0.17409446959119285 448000
1695310299176 0.17411781463450884 452000
1695310318022 0.17413029711188646 456000
1695310336750 0.17443385278006832 460000
1695310355252 0.17447285195107684 464000
1695310373917 0.17464065997205694 468000
1695310392667 0.17480153914007504 472000
1695310411151 0.1748910860021221 476000
1695310429579 0.17506775416552287 480000
1695310447983 0.17512247713094464 484000
1695310466425 0.17524298532423996 488000
1695310485065 0.1753379034843502 492000
1695310503546 0.17550711179927683 496000
1695310521958 0.17548358225825686 500000
1695310540669 0.17570048297761084 504000
1695310559012 0.175841441670114 508000
1695310577700 0.17594606689527945 512000
1695310596043 0.17599671204781367 516000
1695310614643 0.17608187925511504 520000
1695310633205 0.176180110037264 524000
1695310651691 0.1762419730411008 528000
1695310670044 0.17630500425006038 532000
1695310688400 0.17633179221742765 536000
1695310706903 0.17655021051944156 540000
1695310725437 0.17658223187656685 544000
1695310744042 0.17671821179084896 548000
1695310762437 0.1768231404359823 552000
1695310780968 0.17684607920703505 556000
1695310799214 0.1769461272092524 560000
1695310818167 0.17703462133832037 564000
1695310836106 0.17714389253877194 568000
1695310852899 0.17712060849453432 572000
1695310869695 0.17700099402100386 576000
1695310886296 0.1770392228853478 580000
1695310903002 0.17697821835931946 584000
1695310919907 0.17694266270824074 588000
1695310937697 0.1768511406032008 592000
1695310956084 0.17693443083175156 596000
1695310974805 0.1770702632452529 600000
1695310993476 0.17712941749321176 604000
1695311012312 0.17718586195513836 608000
1695311030804 0.17735375748956148 612000
1695311049145 0.17735359441823859 616000
1695311068392 0.177458715064937 620000
1695311087369 0.17756902829398413 624000
1695311106022 0.17771794966608537 628000
1695311124457 0.17767790346657303 632000
1695311143128 0.17782198659346338 636000
1695311161503 0.17783219484321913 640000
1695311180093 0.1779583498488625 644000
1695311198580 0.17798101424318516 648000
1695311216992 0.17810373937347374 652000
1695311235302 0.17811914301055293 656000
1695311253701 0.17814997044082456 660000
1695311272626 0.17826685280702897 664000
1695311293296 0.178595435986901 668000
1695311312843 0.1787619478453342 672000
1695311332568 0.17897421877184017 676000
1695311352092 0.17910702918542173 680000
1695311371346 0.1792406322789904 684000
1695311391054 0.1793981536743084 688000
1695311410763 0.17954559303796486 692000
1695311430500 0.17970994736336202 696000
1695311449843 0.17986945539444735 700000
1695311469562 0.18002509271454675 704000
1695311488978 0.18016876703769846 708000
1695311507735 0.1802356835955331 712000
1695311525272 0.180205075013126 716000
1695311545175 0.1803901975288507 720000
1695311563416 0.18042524958697048 724000
1695311580642 0.1803852491023109 728000
1695311597889 0.18034733221764257 732000
1695311614926 0.1802627796075828 736000
1695311633128 0.18042521319612032 740000
1695311651490 0.18038847564706534 744000
1695311670642 0.18044625946215265 748000
1695311688277 0.18044428158749232 752000
1695311705506 0.1803936918537907 756000
1695311723918 0.18039858939791997 760000
1695311742165 0.1805140579456601 764000
1695311760325 0.18055962431564004 768000
1695311778421 0.18054795500708168 772000
1695311796485 0.18062642037832405 776000
1695311814057 0.1805124759445994 780000
1695311831601 0.1805115988917513 784000
