1695308366371 0.35915136017132565 4000
1695308381957 0.35310486015035825 8000
1695308398659 0.35151287974729634 12000
1695308415468 0.35261198916725034 16000
1695308433097 0.3559733297209358 20000
1695308450606 0.35777852174001623 24000
1695308467227 0.361115200239431 28000
1695308484556 0.36509296351926485 32000
1695308501507 0.3684992263783487 36000
1695308517802 0.3691544194916561 40000
1695308534330 0.3698704340451362 44000
1695308550393 0.36992264902743655 48000
1695308566536 0.368527955902579 52000
1695308582651 0.36682333125437183 56000
1695308598929 0.36533036287479875 60000
1695308614879 0.36415765618051893 64000
1695308630939 0.3633537402687847 68000
1695308646842 0.3624751783793863 72000
1695308663004 0.3621912476857142 76000
1695308679288 0.36113488976457175 80000
1695308696633 0.3610239686026857 84000
1695308714059 0.3613843174150901 88000
1695308731343 0.36217666540519494 92000
1695308748407 0.363438575461618 96000
1695308765523 0.3641292566794297 100000
1695308782768 0.36413691545382393 104000
1695308799752 0.3658010062724948 108000
1695308816714 0.3668843789828996 112000
1695308833789 0.3672540401283537 116000
1695308850798 0.3675112307834705 120000
1695308868026 0.36904885068574844 124000
1695308885360 0.3699650101251214 128000
1695308902911 0.3712369948713803 132000
1695308920219 0.3718526652477074 136000
1695308937651 0.37346547088434545 140000
1695308955603 0.3741616794593445 144000
1695308973210 0.37568394914997727 148000
1695308990991 0.37663775968751567 152000
1695309008047 0.37692016021722324 156000
1695309024999 0.37790016648277824 160000
1695309041865 0.3781361714497272 164000
1695309058936 0.37904640218822283 168000
1695309076339 0.3796069867394684 172000
1695309093098 0.3798578862338989 176000
1695309109784 0.3802503855226301 180000
1695309126091 0.38019915720608893 184000
1695309143032 0.3808383166260569 188000
1695309161581 0.38211959792297 192000
1695309179090 0.38349909209324645 196000
1695309196847 0.3847924876082007 200000
1695309214101 0.38525058510286125 204000
1695309232052 0.38613752838420495 208000
1695309248764 0.38640317286246634 212000
1695309265866 0.3866178163520851 216000
1695309283765 0.3875297847765837 220000
1695309301783 0.388519627418943 224000
1695309319320 0.3894501844198684 228000
1695309336419 0.38959425667110564 232000
1695309353407 0.38935474069486764 236000
1695309370953 0.3911741791936951 240000
1695309387733 0.39119569280124666 244000
1695309404536 0.39109581051183917 248000
1695309420956 0.3915666155300121 252000
1695309437208 0.3916403270848383 256000
1695309453712 0.3914509780045536 260000
1695309470975 0.39182459264796227 264000
1695309487883 0.3925141392640724 268000
1695309504499 0.3926065487727328 272000
1695309521805 0.39292046228972544 276000
1695309538376 0.39293087143663863 280000
1695309554812 0.39308221862624004 284000
1695309571719 0.39346764968979264 288000
1695309588298 0.3933507224849703 292000
1695309604913 0.39352756852937903 296000
1695309621171 0.39412600006425247 300000
1695309637593 0.39406151434217523 304000
1695309653944 0.39400540372238463 308000
1695309670405 0.3944675116996505 312000
1695309686884 0.3945638836960593 316000
1695309703488 0.39483093035249955 320000
1695309720095 0.3944194462573059 324000
1695309736745 0.39513378037043073 328000
1695309753460 0.3950030390737908 332000
1695309770629 0.3950502357923422 336000
1695309788418 0.3958441378654338 340000
1695309806268 0.39674500969463167 344000
1695309823912 0.39750277857178895 348000
1695309841509 0.39760934719004204 352000
1695309859427 0.39818417429758884 356000
1695309877025 0.39891605713062067 360000
1695309895220 0.3995213473310472 364000
1695309912890 0.4001644187714929 368000
1695309930496 0.40033082714789014 372000
1695309948084 0.4007577122158329 376000
1695309965653 0.40109295946878876 380000
1695309983335 0.40187111749939136 384000
1695310001799 0.40241795241935957 388000
1695310019133 0.40242166873634316 392000
1695310037235 0.4032404864960805 396000
1695310058480 0.40435731539979536 400000
1695310080077 0.40606600361252077 404000
1695310099815 0.40708822759737007 408000
1695310120008 0.408221196603307 412000
1695310136635 0.4086067232325503 416000
1695310153335 0.40849450462993586 420000
1695310170835 0.4083537120075366 424000
1695310189083 0.40917085014880805 428000
1695310207425 0.40959457275155836 432000
1695310225678 0.40988114579354173 436000
1695310244101 0.41065380067454527 440000
1695310262415 0.41111464783272883 444000
1695310280681 0.41166499901914716 448000
1695310299175 0.4118907420466282 452000
1695310318021 0.41210157899272054 456000
1695310336749 0.41291190998124727 460000
1695310355251 0.4132319939004878 464000
1695310373916 0.4137985567451046 468000
1695310392666 0.41432775530307464 472000
1695310411150 0.4147495214168843 476000
1695310429578 0.4153248877518844 480000
1695310447982 0.4156378285738697 484000
1695310466425 0.41606295026516515 488000
1695310485064 0.4164554983533058 492000
1695310503546 0.41698475366276877 496000
1695310521957 0.41705636076394015 500000
1695310540669 0.4177732117990551 504000
1695310559012 0.41813764320533214 508000
1695310577699 0.4185271752602361 512000
1695310596042 0.4188012333522877 516000
1695310614642 0.4190929394651342 520000
1695310633204 0.4195236602624519 524000
1695310651690 0.4197543933813907 528000
1695310670043 0.4200121640889405 532000
1695310688399 0.4202367478567603 536000
1695310706902 0.42082575497787844 540000
1695310725437 0.4210843458815169 544000
1695310744041 0.4214938482796095 548000
1695310762437 0.4218720498472123 552000
1695310780967 0.4220779050398062 556000
1695310799213 0.4223962798672113 560000
1695310818167 0.422659459335068 564000
1695310836105 0.4230556054729358 568000
1695310852898 0.4231722740399788 572000
1695310869694 0.4230431018213252 576000
1695310886295 0.4232301663799655 580000
1695310903001 0.42317549132159027 584000
1695310919907 0.4232707393304151 588000
1695310937696 0.42316876938536785 592000
1695310956084 0.4234890568567328 596000
1695310974804 0.42386637962451645 600000
1695310993476 0.42421759979957635 604000
1695311012311 0.4245091337032497 608000
1695311030804 0.4250030234085125 612000
1695311049144 0.42516379377463814 616000
1695311068392 0.4254918849818915 620000
1695311087368 0.42591846181926424 624000
1695311106021 0.42637072736528236 628000
1695311124457 0.42638176586947785 632000
1695311143127 0.4268179693873648 636000
1695311161502 0.42689645630084205 640000
1695311180092 0.4273095624405323 644000
1695311198579 0.4275288457118829 648000
1695311216991 0.42787381968425675 652000
1695311235302 0.4280203372740663 656000
1695311253700 0.42826775877317685 660000
1695311272625 0.42857567155214166 664000
1695311293296 0.4292709975462269 668000
1695311312843 0.4296597395808781 672000
1695311332568 0.4301712608083951 676000
1695311352092 0.4305238760036237 680000
1695311371345 0.43088212202419807 684000
1695311391054 0.431324145032931 688000
1695311410762 0.4316367696594213 692000
1695311430499 0.4320288665635345 696000
1695311449842 0.4322903539461637 700000
1695311469562 0.4327611744289053 704000
1695311488977 0.4332215312175692 708000
1695311507734 0.43345515410571644 712000
1695311525272 0.4334164775823118 716000
1695311545174 0.43394127297520335 720000
1695311563415 0.43410981095431295 724000
1695311580642 0.4341253890690552 728000
1695311597888 0.4341084028198733 732000
1695311614926 0.4340521956642389 736000
1695311633127 0.43442754892931906 740000
1695311651489 0.434409923639541 744000
1695311670642 0.4345702938745753 748000
1695311688277 0.4347354221637075 752000
1695311705505 0.43464588010599203 756000
1695311723918 0.434621042003504 760000
1695311742164 0.4350756635219065 764000
1695311760324 0.43532824264552566 768000
1695311778421 0.4352736125766752 772000
1695311796484 0.4355522385760312 776000
1695311814056 0.43528335416651176 780000
1695311831601 0.4354914802287598 784000
