1695308366372 0.0 4000
1695308381958 0.0 8000
1695308398660 0.0 12000
1695308415469 0.0 16000
1695308433097 0.0 20000
1695308450607 0.0 24000
1695308467228 0.0 28000
1695308484556 0.0 32000
1695308501508 0.0 36000
1695308517803 0.0 40000
1695308534331 0.0 44000
1695308550394 0.0 48000
1695308566537 0.0 52000
1695308582651 0.0 56000
1695308598930 0.0 60000
1695308614880 0.0 64000
1695308630940 0.0 68000
1695308646843 0.0 72000
1695308663005 0.0 76000
1695308679289 0.0 80000
1695308696634 0.0 84000
1695308714060 0.0 88000
1695308731344 0.0 92000
1695308748408 0.0 96000
1695308765524 0.0 100000
1695308782769 0.0 104000
1695308799753 0.0 108000
1695308816714 0.0 112000
1695308833790 0.0 116000
1695308850799 0.0 120000
1695308868027 0.0 124000
1695308885361 0.0 128000
1695308902911 0.0 132000
1695308920220 0.0 136000
1695308937652 0.0 140000
1695308955604 0.0 144000
1695308973211 0.0 148000
1695308990992 0.0 152000
1695309008048 0.0 156000
1695309025000 0.0 160000
1695309041866 0.0 164000
1695309058937 0.0 168000
1695309076340 0.0 172000
1695309093098 0.0 176000
1695309109785 0.0 180000
1695309126092 0.0 184000
1695309143033 0.0 188000
1695309161582 0.0 192000
1695309179091 0.0 196000
1695309196848 0.0 200000
1695309214101 0.0 204000
1695309232053 0.0 208000
1695309248765 0.0 212000
1695309265866 0.0 216000
1695309283766 0.0 220000
1695309301784 0.0 224000
1695309319321 0.0 228000
1695309336420 0.0 232000
1695309353408 0.0 236000
1695309370953 0.0 240000
1695309387734 0.0 244000
1695309404536 0.0 248000
1695309420957 0.0 252000
1695309437209 0.0 256000
1695309453713 0.0 260000
1695309470976 0.0 264000
1695309487883 0.0 268000
1695309504499 0.0 272000
1695309521806 0.0 276000
1695309538377 0.0 280000
1695309554813 0.0 284000
1695309571720 0.0 288000
1695309588299 0.0 292000
1695309604914 0.0 296000
1695309621172 0.0 300000
1695309637594 0.0 304000
1695309653945 0.0 308000
1695309670406 0.0 312000
1695309686885 0.0 316000
1695309703489 0.0 320000
1695309720095 0.0 324000
1695309736746 0.0 328000
1695309753461 0.0 332000
1695309770629 0.0 336000
1695309788419 0.0 340000
1695309806269 0.0 344000
1695309823913 0.0 348000
1695309841510 0.0 352000
1695309859428 0.0 356000
1695309877026 0.0 360000
1695309895221 0.0 364000
1695309912891 0.0 368000
1695309930497 0.0 372000
1695309948085 0.0 376000
1695309965654 0.0 380000
1695309983335 0.0 384000
1695310001800 0.0 388000
1695310019134 0.0 392000
1695310037236 0.0 396000
1695310058481 0.0 400000
1695310080078 0.0 404000
1695310099816 0.0 408000
1695310120009 0.0 412000
1695310136636 0.0 416000
1695310153336 0.0 420000
1695310170836 0.0 424000
1695310189084 0.0 428000
1695310207426 0.0 432000
1695310225678 0.0 436000
1695310244102 0.0 440000
1695310262416 0.0 444000
1695310280682 0.0 448000
1695310299176 0.0 452000
1695310318022 0.0 456000
1695310336750 0.0 460000
1695310355252 0.0 464000
1695310373917 0.0 468000
1695310392667 0.0 472000
1695310411151 0.0 476000
1695310429579 0.0 480000
1695310447983 0.0 484000
1695310466425 0.0 488000
1695310485065 0.0 492000
1695310503547 0.0 496000
1695310521958 0.0 500000
1695310540670 0.0 504000
1695310559012 0.0 508000
1695310577700 0.0 512000
1695310596043 0.0 516000
1695310614643 0.0 520000
1695310633205 0.0 524000
1695310651691 0.0 528000
1695310670044 0.0 532000
1695310688400 0.0 536000
1695310706903 0.0 540000
1695310725437 0.0 544000
1695310744042 0.0 548000
1695310762438 0.0 552000
1695310780968 0.0 556000
1695310799214 0.0 560000
1695310818168 0.0 564000
1695310836106 0.0 568000
1695310852899 0.0 572000
1695310869695 0.0 576000
1695310886296 0.0 580000
1695310903002 0.0 584000
1695310919908 0.0 588000
1695310937697 0.0 592000
1695310956085 0.0 596000
1695310974805 0.0 600000
1695310993477 0.0 604000
1695311012312 0.0 608000
1695311030805 0.0 612000
1695311049145 0.0 616000
1695311068393 0.0 620000
1695311087369 0.0 624000
1695311106022 0.0 628000
1695311124458 0.0 632000
1695311143128 0.0 636000
1695311161503 0.0 640000
1695311180093 0.0 644000
1695311198580 0.0 648000
1695311216992 0.0 652000
1695311235303 0.0 656000
1695311253701 0.0 660000
1695311272626 0.0 664000
1695311293297 0.0 668000
1695311312844 0.0 672000
1695311332568 0.0 676000
1695311352092 0.0 680000
1695311371346 0.0 684000
1695311391055 0.0 688000
1695311410763 0.0 692000
1695311430500 0.0 696000
1695311449843 0.0 700000
1695311469563 0.0 704000
1695311488978 0.0 708000
1695311507735 0.0 712000
1695311525273 0.0 716000
1695311545175 0.0 720000
1695311563416 0.0 724000
1695311580642 0.0 728000
1695311597889 0.0 732000
1695311614926 0.0 736000
1695311633128 0.0 740000
1695311651490 0.0 744000
1695311670642 0.0 748000
1695311688278 0.0 752000
1695311705506 0.0 756000
1695311723919 0.0 760000
1695311742165 0.0 764000
1695311760325 0.0 768000
1695311778422 0.0 772000
1695311796485 0.0 776000
1695311814057 0.0 780000
1695311831601 0.0 784000
