1695308366374 4000.0 4000
1695308381960 8000.0 8000
1695308398662 12000.0 12000
1695308415471 16000.0 16000
1695308433099 20000.0 20000
1695308450609 24000.0 24000
1695308467230 28000.0 28000
1695308484558 32000.0 32000
1695308501510 36000.0 36000
1695308517805 40000.0 40000
1695308534333 44000.0 44000
1695308550396 48000.0 48000
1695308566539 52000.0 52000
1695308582653 56000.0 56000
1695308598932 60000.0 60000
1695308614882 64000.0 64000
1695308630942 68000.0 68000
1695308646845 72000.0 72000
1695308663007 76000.0 76000
1695308679291 80000.0 80000
1695308696636 84000.0 84000
1695308714062 88000.0 88000
1695308731346 92000.0 92000
1695308748410 96000.0 96000
1695308765526 100000.0 100000
1695308782771 104000.0 104000
1695308799755 108000.0 108000
1695308816716 112000.0 112000
1695308833792 116000.0 116000
1695308850800 120000.0 120000
1695308868029 124000.0 124000
1695308885363 128000.0 128000
1695308902913 132000.0 132000
1695308920222 136000.0 136000
1695308937654 140000.0 140000
1695308955606 144000.0 144000
1695308973213 148000.0 148000
1695308990994 152000.0 152000
1695309008049 156000.0 156000
1695309025002 160000.0 160000
1695309041868 164000.0 164000
1695309058939 168000.0 168000
1695309076342 172000.0 172000
1695309093100 176000.0 176000
1695309109787 180000.0 180000
1695309126094 184000.0 184000
1695309143035 188000.0 188000
1695309161584 192000.0 192000
1695309179093 196000.0 196000
1695309196850 200000.0 200000
1695309214103 204000.0 204000
1695309232055 208000.0 208000
1695309248767 212000.0 212000
1695309265868 216000.0 216000
1695309283768 220000.0 220000
1695309301786 224000.0 224000
1695309319323 228000.0 228000
1695309336422 232000.0 232000
1695309353410 236000.0 236000
1695309370955 240000.0 240000
1695309387736 244000.0 244000
1695309404538 248000.0 248000
1695309420959 252000.0 252000
1695309437211 256000.0 256000
1695309453715 260000.0 260000
1695309470978 264000.0 264000
1695309487885 268000.0 268000
1695309504501 272000.0 272000
1695309521808 276000.0 276000
1695309538379 280000.0 280000
1695309554815 284000.0 284000
1695309571721 288000.0 288000
1695309588301 292000.0 292000
1695309604916 296000.0 296000
1695309621174 300000.0 300000
1695309637596 304000.0 304000
1695309653947 308000.0 308000
1695309670408 312000.0 312000
1695309686887 316000.0 316000
1695309703491 320000.0 320000
1695309720097 324000.0 324000
1695309736748 328000.0 328000
1695309753463 332000.0 332000
1695309770631 336000.0 336000
1695309788420 340000.0 340000
1695309806271 344000.0 344000
1695309823915 348000.0 348000
1695309841512 352000.0 352000
1695309859430 356000.0 356000
1695309877027 360000.0 360000
1695309895223 364000.0 364000
1695309912893 368000.0 368000
1695309930499 372000.0 372000
1695309948087 376000.0 376000
1695309965656 380000.0 380000
1695309983337 384000.0 384000
1695310001802 388000.0 388000
1695310019136 392000.0 392000
1695310037238 396000.0 396000
1695310058483 400000.0 400000
1695310080080 404000.0 404000
1695310099818 408000.0 408000
1695310120011 412000.0 412000
1695310136638 416000.0 416000
1695310153338 420000.0 420000
1695310170838 424000.0 424000
1695310189086 428000.0 428000
1695310207428 432000.0 432000
1695310225680 436000.0 436000
1695310244103 440000.0 440000
1695310262418 444000.0 444000
1695310280684 448000.0 448000
1695310299178 452000.0 452000
1695310318024 456000.0 456000
1695310336752 460000.0 460000
1695310355254 464000.0 464000
1695310373919 468000.0 468000
1695310392669 472000.0 472000
1695310411153 476000.0 476000
1695310429581 480000.0 480000
1695310447985 484000.0 484000
1695310466427 488000.0 488000
1695310485067 492000.0 492000
1695310503548 496000.0 496000
1695310521960 500000.0 500000
1695310540672 504000.0 504000
1695310559015 508000.0 508000
1695310577702 512000.0 512000
1695310596045 516000.0 516000
1695310614645 520000.0 520000
1695310633207 524000.0 524000
1695310651693 528000.0 528000
1695310670046 532000.0 532000
1695310688402 536000.0 536000
1695310706905 540000.0 540000
1695310725439 544000.0 544000
1695310744044 548000.0 548000
1695310762440 552000.0 552000
1695310780970 556000.0 556000
1695310799216 560000.0 560000
1695310818169 564000.0 564000
1695310836108 568000.0 568000
1695310852901 572000.0 572000
1695310869697 576000.0 576000
1695310886298 580000.0 580000
1695310903004 584000.0 584000
1695310919909 588000.0 588000
1695310937699 592000.0 592000
1695310956087 596000.0 596000
1695310974807 600000.0 600000
1695310993479 604000.0 604000
1695311012314 608000.0 608000
1695311030807 612000.0 612000
1695311049147 616000.0 616000
1695311068394 620000.0 620000
1695311087371 624000.0 624000
1695311106024 628000.0 628000
1695311124459 632000.0 632000
1695311143130 636000.0 636000
1695311161505 640000.0 640000
1695311180095 644000.0 644000
1695311198582 648000.0 648000
1695311216994 652000.0 652000
1695311235304 656000.0 656000
1695311253704 660000.0 660000
1695311272628 664000.0 664000
1695311293299 668000.0 668000
1695311312846 672000.0 672000
1695311332570 676000.0 676000
1695311352094 680000.0 680000
1695311371348 684000.0 684000
1695311391056 688000.0 688000
1695311410765 692000.0 692000
1695311430502 696000.0 696000
1695311449845 700000.0 700000
1695311469565 704000.0 704000
1695311488980 708000.0 708000
1695311507737 712000.0 712000
1695311525275 716000.0 716000
1695311545177 720000.0 720000
1695311563418 724000.0 724000
1695311580644 728000.0 728000
1695311597891 732000.0 732000
1695311614928 736000.0 736000
1695311633130 740000.0 740000
1695311651492 744000.0 744000
1695311670644 748000.0 748000
1695311688280 752000.0 752000
1695311705508 756000.0 756000
1695311723921 760000.0 760000
1695311742167 764000.0 764000
1695311760327 768000.0 768000
1695311778424 772000.0 772000
1695311796487 776000.0 776000
1695311814059 780000.0 780000
1695311831603 784000.0 784000
