1695308366395 0.88 4000
1695308381982 0.896 8000
1695308398685 1.083 12000
1695308415493 1.1360000000000001 16000
1695308433120 1.1360000000000001 20000
1695308450633 1.1360000000000001 24000
1695308467252 1.1360000000000001 28000
1695308484579 1.1360000000000001 32000
1695308501532 1.204 36000
1695308517826 1.3679999999999999 40000
1695308534353 1.3679999999999999 44000
1695308550416 1.3679999999999999 48000
1695308566560 1.3679999999999999 52000
1695308582674 1.053 56000
1695308598953 1.053 60000
1695308614902 1.053 64000
1695308630962 1.053 68000
1695308646866 1.319 72000
1695308663027 1.446 76000
1695308679311 1.446 80000
1695308696656 1.446 84000
1695308714083 1.283 88000
1695308731366 1.129 92000
1695308748433 1.129 96000
1695308765547 1.129 100000
1695308782791 1.311 104000
1695308799777 1.311 108000
1695308816736 1.042 112000
1695308833812 0.961 116000
1695308850821 0.961 120000
1695308868049 1.384 124000
1695308885383 1.4020000000000001 128000
1695308902934 0.973 132000
1695308920242 0.961 136000
1695308937675 0.965 140000
1695308955627 0.965 144000
1695308973234 0.966 148000
1695308991016 1.249 152000
1695309008070 1.009 156000
1695309025023 1.44 160000
1695309041889 0.942 164000
1695309058961 1.455 168000
1695309076362 1.321 172000
1695309093120 1.373 176000
1695309109808 1.466 180000
1695309126115 1.4249999999999998 184000
1695309143055 1.422 188000
1695309161607 1.4729999999999999 192000
1695309179114 0.964 196000
1695309196871 0.967 200000
1695309214125 1.028 204000
1695309232076 1.455 208000
1695309248790 0.968 212000
1695309265889 1.392 216000
1695309283791 0.962 220000
1695309301811 1.393 224000
1695309319344 1.417 228000
1695309336442 1.322 232000
1695309353431 0.972 236000
1695309370976 0.962 240000
1695309387757 0.971 244000
1695309404559 0.972 248000
1695309420980 1.4409999999999998 252000
1695309437231 0.97 256000
1695309453736 0.968 260000
1695309470999 0.975 264000
1695309487907 0.968 268000
1695309504522 0.975 272000
1695309521829 0.962 276000
1695309538402 0.971 280000
1695309554835 0.967 284000
1695309571742 -0.001 288000
1695309588324 0.968 292000
1695309604936 0.979 296000
1695309621195 0.96 300000
1695309637617 0.976 304000
1695309653968 0.974 308000
1695309670428 1.29 312000
1695309686908 0.96 316000
1695309703511 0.974 320000
1695309720118 0.969 324000
1695309736768 1.407 328000
1695309753483 0.971 332000
1695309770651 0.963 336000
1695309788441 0.966 340000
1695309806291 0.979 344000
1695309823935 0.975 348000
1695309841533 0.972 352000
1695309859450 0.973 356000
1695309877048 0.9369999999999999 360000
1695309895244 1.472 364000
1695309912914 0.965 368000
1695309930519 1.397 372000
1695309948107 1.443 376000
1695309965677 0.969 380000
1695309983357 0.968 384000
1695310001822 0.949 388000
1695310019157 0.979 392000
1695310037257 1.455 396000
1695310058508 0.971 400000
1695310080104 0.961 404000
1695310099840 1.4 408000
1695310120032 0.947 412000
1695310136658 1.409 416000
1695310153359 0.975 420000
1695310170858 1.3820000000000001 424000
1695310189109 1.443 428000
1695310207449 1.431 432000
1695310225703 0.97 436000
1695310244124 0.963 440000
1695310262440 0.948 444000
1695310280709 0.978 448000
1695310299201 0.962 452000
1695310318045 0.971 456000
1695310336773 0.963 460000
1695310355275 0.967 464000
1695310373940 0.973 468000
1695310392691 0.971 472000
1695310411174 0.965 476000
1695310429602 0.97 480000
1695310448007 1.4609999999999999 484000
1695310466448 0.964 488000
1695310485091 1.434 492000
1695310503569 0.957 496000
1695310521982 0.971 500000
1695310540693 1.476 504000
1695310559037 0.969 508000
1695310577722 0.971 512000
1695310596067 1.476 516000
1695310614666 0.997 520000
1695310633230 0.967 524000
1695310651715 0.971 528000
1695310670067 0.972 532000
1695310688424 0.976 536000
1695310706928 0.96 540000
1695310725460 0.972 544000
1695310744067 0.973 548000
1695310762468 1.448 552000
1695310780993 0.972 556000
1695310799237 0.972 560000
1695310818190 0.982 564000
1695310836129 0.979 568000
1695310852922 0.973 572000
1695310869718 0.971 576000
1695310886320 0.991 580000
1695310903024 0.964 584000
1695310919930 1.472 588000
1695310937720 0.979 592000
1695310956109 0.957 596000
1695310974828 0.959 600000
1695310993502 0.975 604000
1695311012336 0.972 608000
1695311030829 0.9339999999999999 612000
1695311049168 0.952 616000
1695311068416 0.969 620000
1695311087393 0.97 624000
1695311106047 0.967 628000
1695311124481 0.976 632000
1695311143153 0.975 636000
1695311161527 0.975 640000
1695311180118 0.964 644000
1695311198603 0.973 648000
1695311217017 0.976 652000
1695311235325 0.976 656000
1695311253727 1.435 660000
1695311272650 0.97 664000
1695311293322 0.971 668000
1695311312868 1.435 672000
1695311332591 0.966 676000
1695311352115 0.969 680000
1695311371371 0.966 684000
1695311391078 0.979 688000
1695311410787 0.972 692000
1695311430524 1.443 696000
1695311449868 0.968 700000
1695311469587 0.965 704000
1695311489001 0.999 708000
1695311507758 0.978 712000
1695311525296 0.964 716000
1695311545198 0.974 720000
1695311563439 0.973 724000
1695311580665 0.975 728000
1695311597914 0.968 732000
1695311614949 0.971 736000
1695311633150 0.964 740000
1695311651512 1.472 744000
1695311670665 0.96 748000
1695311688300 0.961 752000
1695311705529 1.4689999999999999 756000
1695311723941 0.966 760000
1695311742192 0.971 764000
1695311760348 1.46 768000
1695311778445 0.967 772000
1695311796509 1.395 776000
1695311814080 0.972 780000
1695311831624 0.976 784000
