1695308366394 0.87 4000
1695308381981 0.9349999999999999 8000
1695308398685 0.9349999999999999 12000
1695308415493 0.9349999999999999 16000
1695308433119 1.363 20000
1695308450632 1.363 24000
1695308467251 1.363 28000
1695308484578 1.363 32000
1695308501532 1.434 36000
1695308517826 1.434 40000
1695308534353 1.434 44000
1695308550415 1.434 48000
1695308566559 1.434 52000
1695308582674 1.361 56000
1695308598952 1.403 60000
1695308614902 1.403 64000
1695308630962 1.403 68000
1695308646866 1.4 72000
1695308663027 1.3559999999999999 76000
1695308679311 1.3559999999999999 80000
1695308696656 1.3559999999999999 84000
1695308714082 1.413 88000
1695308731366 1.413 92000
1695308748432 1.413 96000
1695308765547 1.387 100000
1695308782791 1.436 104000
1695308799777 1.436 108000
1695308816736 1.4609999999999999 112000
1695308833812 1.4609999999999999 116000
1695308850820 1.47 120000
1695308868049 1.4529999999999998 124000
1695308885382 1.455 128000
1695308902934 1.4729999999999999 132000
1695308920242 1.45 136000
1695308937674 1.458 140000
1695308955627 1.448 144000
1695308973234 1.464 148000
1695308991015 1.463 152000
1695309008070 1.462 156000
1695309025023 1.464 160000
1695309041889 1.4609999999999999 164000
1695309058961 1.464 168000
1695309076362 1.47 172000
1695309093120 1.479 176000
1695309109808 1.467 180000
1695309126115 1.467 184000
1695309143055 1.467 188000
1695309161607 1.47 192000
1695309179114 1.475 196000
1695309196871 1.467 200000
1695309214124 1.472 204000
1695309232076 1.476 208000
1695309248789 1.467 212000
1695309265889 1.476 216000
1695309283790 1.4729999999999999 220000
1695309301811 1.467 224000
1695309319344 1.479 228000
1695309336442 1.4729999999999999 232000
1695309353431 1.47 236000
1695309370975 1.4729999999999999 240000
1695309387757 1.47 244000
1695309404559 1.472 248000
1695309420980 1.476 252000
1695309437231 1.476 256000
1695309453736 1.476 260000
1695309470999 1.47 264000
1695309487907 1.476 268000
1695309504521 1.4729999999999999 272000
1695309521829 1.479 276000
1695309538402 1.476 280000
1695309554835 1.476 284000
1695309571742 1.4729999999999999 288000
1695309588324 1.4729999999999999 292000
1695309604936 1.476 296000
1695309621195 1.4729999999999999 300000
1695309637616 1.479 304000
1695309653968 1.476 308000
1695309670428 1.476 312000
1695309686908 1.476 316000
1695309703511 1.476 320000
1695309720118 1.4729999999999999 324000
1695309736768 1.476 328000
1695309753483 1.479 332000
1695309770651 1.476 336000
1695309788441 1.479 340000
1695309806291 1.476 344000
1695309823935 1.476 348000
1695309841532 1.476 352000
1695309859449 1.4729999999999999 356000
1695309877047 1.479 360000
1695309895244 1.4729999999999999 364000
1695309912914 1.47 368000
1695309930519 1.472 372000
1695309948107 1.4729999999999999 376000
1695309965677 1.479 380000
1695309983357 1.476 384000
1695310001822 1.476 388000
1695310019156 1.4729999999999999 392000
1695310037257 1.476 396000
1695310058507 1.4729999999999999 400000
1695310080103 1.476 404000
1695310099839 1.476 408000
1695310120032 1.475 412000
1695310136658 1.476 416000
1695310153359 1.476 420000
1695310170858 1.476 424000
1695310189109 1.479 428000
1695310207448 1.479 432000
1695310225703 1.476 436000
1695310244124 1.476 440000
1695310262440 1.476 444000
1695310280708 1.479 448000
1695310299201 1.479 452000
1695310318044 1.479 456000
1695310336773 1.4729999999999999 460000
1695310355275 1.476 464000
1695310373940 1.4729999999999999 468000
1695310392691 1.4729999999999999 472000
1695310411174 1.479 476000
1695310429601 1.479 480000
1695310448007 1.4729999999999999 484000
1695310466448 1.476 488000
1695310485091 1.479 492000
1695310503569 1.4729999999999999 496000
1695310521982 1.476 500000
1695310540692 1.476 504000
1695310559037 1.4729999999999999 508000
1695310577722 1.479 512000
1695310596067 1.476 516000
1695310614666 1.476 520000
1695310633230 1.4729999999999999 524000
1695310651715 1.479 528000
1695310670067 1.479 532000
1695310688424 1.4729999999999999 536000
1695310706928 1.479 540000
1695310725460 1.4729999999999999 544000
1695310744067 1.476 548000
1695310762468 1.476 552000
1695310780992 1.476 556000
1695310799237 1.476 560000
1695310818190 1.4729999999999999 564000
1695310836129 1.479 568000
1695310852921 1.479 572000
1695310869718 1.479 576000
1695310886320 1.476 580000
1695310903024 1.476 584000
1695310919930 1.479 588000
1695310937720 1.479 592000
1695310956108 1.476 596000
1695310974828 1.479 600000
1695310993502 1.4729999999999999 604000
1695311012335 1.476 608000
1695311030829 1.476 612000
1695311049168 1.479 616000
1695311068415 1.4729999999999999 620000
1695311087393 1.476 624000
1695311106047 1.4729999999999999 628000
1695311124481 1.479 632000
1695311143153 1.4729999999999999 636000
1695311161527 1.476 640000
1695311180118 1.479 644000
1695311198603 1.476 648000
1695311217016 1.47 652000
1695311235325 1.476 656000
1695311253726 1.479 660000
1695311272649 1.479 664000
1695311293321 1.476 668000
1695311312868 1.479 672000
1695311332591 1.4729999999999999 676000
1695311352115 1.47 680000
1695311371371 1.476 684000
1695311391077 1.479 688000
1695311410786 1.478 692000
1695311430524 1.479 696000
1695311449868 1.479 700000
1695311469587 1.4729999999999999 704000
1695311489001 1.476 708000
1695311507758 1.479 712000
1695311525296 1.4729999999999999 716000
1695311545198 1.4729999999999999 720000
1695311563439 1.476 724000
1695311580665 1.476 728000
1695311597914 1.479 732000
1695311614948 1.479 736000
1695311633150 1.476 740000
1695311651512 1.479 744000
1695311670664 1.476 748000
1695311688300 1.47 752000
1695311705529 1.479 756000
1695311723941 1.476 760000
1695311742191 1.479 764000
1695311760348 1.476 768000
1695311778445 1.476 772000
1695311796509 1.4729999999999999 776000
1695311814079 1.476 780000
1695311831624 1.479 784000
