1695308366412 1.0 4000
1695308381999 1.0 8000
1695308398703 1.0 12000
1695308415511 1.0 16000
1695308433137 1.0 20000
1695308450652 1.0 24000
1695308467269 1.0 28000
1695308484596 1.0 32000
1695308501550 1.0 36000
1695308517843 1.0 40000
1695308534370 1.0 44000
1695308550432 1.0 48000
1695308566577 1.0 52000
1695308582691 1.0 56000
1695308598969 1.0 60000
1695308614919 1.0 64000
1695308630979 1.0 68000
1695308646882 1.0 72000
1695308663044 1.0 76000
1695308679328 1.0 80000
1695308696672 1.0 84000
1695308714099 1.0 88000
1695308731382 1.0 92000
1695308748449 1.0 96000
1695308765564 1.0 100000
1695308782807 1.0 104000
1695308799795 1.0 108000
1695308816752 1.0 112000
1695308833829 1.0 116000
1695308850837 1.0 120000
1695308868065 1.0 124000
1695308885399 1.0 128000
1695308902951 1.0 132000
1695308920260 1.0 136000
1695308937691 1.0 140000
1695308955644 1.0 144000
1695308973250 1.0 148000
1695308991033 1.0 152000
1695309008087 1.0 156000
1695309025040 1.0 160000
1695309041906 1.0 164000
1695309058980 1.0 168000
1695309076379 1.0 172000
1695309093136 1.0 176000
1695309109826 1.0 180000
1695309126132 1.0 184000
1695309143072 1.0 188000
1695309161626 1.0 192000
1695309179131 1.0 196000
1695309196888 1.0 200000
1695309214142 1.0 204000
1695309232093 1.0 208000
1695309248807 1.0 212000
1695309265906 1.0 216000
1695309283809 1.0 220000
1695309301831 1.0 224000
1695309319361 1.0 228000
1695309336459 1.0 232000
1695309353449 1.0 236000
1695309370993 1.0 240000
1695309387774 1.0 244000
1695309404575 1.0 248000
1695309420998 1.0 252000
1695309437248 1.0 256000
1695309453753 1.0 260000
1695309471017 1.0 264000
1695309487924 1.0 268000
1695309504538 1.0 272000
1695309521846 1.0 276000
1695309538423 1.0 280000
1695309554852 1.0 284000
1695309571760 1.0 288000
1695309588342 1.0 292000
1695309604953 1.0 296000
1695309621212 1.0 300000
1695309637633 1.0 304000
1695309653985 1.0 308000
1695309670444 1.0 312000
1695309686925 1.0 316000
1695309703528 1.0 320000
1695309720135 1.0 324000
1695309736785 1.0 328000
1695309753500 1.0 332000
1695309770669 1.0 336000
1695309788458 1.0 340000
1695309806308 1.0 344000
1695309823952 1.0 348000
1695309841550 1.0 352000
1695309859466 1.0 356000
1695309877064 1.0 360000
1695309895261 1.0 364000
1695309912931 1.0 368000
1695309930536 1.0 372000
1695309948125 1.0 376000
1695309965694 1.0 380000
1695309983374 1.0 384000
1695310001839 1.0 388000
1695310019174 1.0 392000
1695310037274 1.0 396000
1695310058528 1.0 400000
1695310080126 1.0 404000
1695310099858 1.0 408000
1695310120049 1.0 412000
1695310136675 1.0 416000
1695310153379 1.0 420000
1695310170875 1.0 424000
1695310189127 1.0 428000
1695310207466 1.0 432000
1695310225721 1.0 436000
1695310244142 1.0 440000
1695310262458 1.0 444000
1695310280728 1.0 448000
1695310299219 1.0 452000
1695310318061 1.0 456000
1695310336790 1.0 460000
1695310355293 1.0 464000
1695310373957 1.0 468000
1695310392708 1.0 472000
1695310411191 1.0 476000
1695310429618 1.0 480000
1695310448024 1.0 484000
1695310466465 1.0 488000
1695310485110 1.0 492000
1695310503587 1.0 496000
1695310522001 1.0 500000
1695310540710 1.0 504000
1695310559055 1.0 508000
1695310577740 1.0 512000
1695310596085 1.0 516000
1695310614683 1.0 520000
1695310633248 1.0 524000
1695310651732 1.0 528000
1695310670084 1.0 532000
1695310688441 1.0 536000
1695310706946 1.0 540000
1695310725477 1.0 544000
1695310744085 1.0 548000
1695310762485 1.0 552000
1695310781011 1.0 556000
1695310799254 1.0 560000
1695310818208 1.0 564000
1695310836146 1.0 568000
1695310852938 1.0 572000
1695310869735 1.0 576000
1695310886337 1.0 580000
1695310903041 1.0 584000
1695310919947 1.0 588000
1695310937737 1.0 592000
1695310956126 1.0 596000
1695310974844 1.0 600000
1695310993519 1.0 604000
1695311012353 1.0 608000
1695311030847 1.0 612000
1695311049185 1.0 616000
1695311068433 1.0 620000
1695311087411 1.0 624000
1695311106065 1.0 628000
1695311124499 1.0 632000
1695311143171 1.0 636000
1695311161545 1.0 640000
1695311180136 1.0 644000
1695311198620 1.0 648000
1695311217034 1.0 652000
1695311235342 1.0 656000
1695311253744 1.0 660000
1695311272667 1.0 664000
1695311293340 1.0 668000
1695311312888 1.0 672000
1695311332608 1.0 676000
1695311352132 1.0 680000
1695311371389 1.0 684000
1695311391095 1.0 688000
1695311410804 1.0 692000
1695311430541 1.0 696000
1695311449886 1.0 700000
1695311469605 1.0 704000
1695311489019 1.0 708000
1695311507776 1.0 712000
1695311525314 1.0 716000
1695311545215 1.0 720000
1695311563456 1.0 724000
1695311580682 1.0 728000
1695311597933 1.0 732000
1695311614965 1.0 736000
1695311633168 1.0 740000
1695311651529 1.0 744000
1695311670682 1.0 748000
1695311688317 1.0 752000
1695311705546 1.0 756000
1695311723959 1.0 760000
1695311742211 1.0 764000
1695311760365 1.0 768000
1695311778463 1.0 772000
1695311796526 1.0 776000
1695311814096 1.0 780000
1695311831641 1.0 784000
