1695308366399 0.0 4000
1695308381985 0.0 8000
1695308398689 0.0 12000
1695308415497 0.0 16000
1695308433123 0.0 20000
1695308450637 0.0 24000
1695308467255 0.0 28000
1695308484582 0.0 32000
1695308501536 0.0 36000
1695308517830 0.0 40000
1695308534357 0.0 44000
1695308550419 0.0 48000
1695308566563 0.0 52000
1695308582678 0.0 56000
1695308598956 0.0 60000
1695308614906 0.0 64000
1695308630966 0.0 68000
1695308646870 0.0 72000
1695308663031 0.0 76000
1695308679315 0.0 80000
1695308696660 0.0 84000
1695308714086 0.0 88000
1695308731369 0.0 92000
1695308748436 0.0 96000
1695308765551 0.0 100000
1695308782795 0.0 104000
1695308799781 0.0 108000
1695308816740 0.0 112000
1695308833815 0.0 116000
1695308850824 0.0 120000
1695308868053 0.0 124000
1695308885386 0.0 128000
1695308902938 0.0 132000
1695308920246 0.0 136000
1695308937678 0.0 140000
1695308955631 0.0 144000
1695308973237 0.0 148000
1695308991019 0.0 152000
1695309008074 0.0 156000
1695309025027 0.0 160000
1695309041893 0.0 164000
1695309058965 0.0 168000
1695309076366 0.0 172000
1695309093124 0.0 176000
1695309109812 0.0 180000
1695309126119 0.0 184000
1695309143059 0.0 188000
1695309161611 0.0 192000
1695309179117 0.0 196000
1695309196875 0.0 200000
1695309214129 0.0 204000
1695309232080 0.0 208000
1695309248794 0.0 212000
1695309265893 0.0 216000
1695309283795 0.0 220000
1695309301816 0.0 224000
1695309319348 0.0 228000
1695309336446 0.0 232000
1695309353435 0.0 236000
1695309370979 0.0 240000
1695309387761 0.0 244000
1695309404562 0.0 248000
1695309420984 0.0 252000
1695309437235 0.0 256000
1695309453740 0.0 260000
1695309471003 0.0 264000
1695309487911 0.0 268000
1695309504525 0.0 272000
1695309521833 0.0 276000
1695309538406 0.0 280000
1695309554839 0.0 284000
1695309571746 0.0 288000
1695309588328 0.0 292000
1695309604940 0.0 296000
1695309621199 0.0 300000
1695309637620 0.0 304000
1695309653972 0.0 308000
1695309670432 0.0 312000
1695309686912 0.0 316000
1695309703515 0.0 320000
1695309720121 0.0 324000
1695309736772 0.0 328000
1695309753487 0.0 332000
1695309770656 0.0 336000
1695309788445 0.0 340000
1695309806295 0.0 344000
1695309823939 0.0 348000
1695309841537 0.0 352000
1695309859453 0.0 356000
1695309877051 0.0 360000
1695309895247 0.0 364000
1695309912918 0.0 368000
1695309930523 0.0 372000
1695309948111 0.0 376000
1695309965681 0.0 380000
1695309983361 0.0 384000
1695310001826 0.0 388000
1695310019160 0.0 392000
1695310037261 0.0 396000
1695310058512 0.0 400000
1695310080108 0.0 404000
1695310099844 0.0 408000
1695310120036 0.0 412000
1695310136662 0.0 416000
1695310153363 0.0 420000
1695310170862 0.0 424000
1695310189113 0.0 428000
1695310207452 0.0 432000
1695310225707 0.0 436000
1695310244129 0.0 440000
1695310262444 0.0 444000
1695310280713 0.0 448000
1695310299205 0.0 452000
1695310318048 0.0 456000
1695310336777 0.0 460000
1695310355279 0.0 464000
1695310373944 0.0 468000
1695310392695 0.0 472000
1695310411178 0.0 476000
1695310429605 0.0 480000
1695310448011 0.0 484000
1695310466452 0.0 488000
1695310485095 0.0 492000
1695310503573 0.0 496000
1695310521987 0.0 500000
1695310540696 0.0 504000
1695310559041 0.0 508000
1695310577726 0.0 512000
1695310596071 0.0 516000
1695310614670 0.0 520000
1695310633234 0.0 524000
1695310651719 0.0 528000
1695310670071 0.0 532000
1695310688428 0.0 536000
1695310706933 0.0 540000
1695310725464 0.0 544000
1695310744071 0.0 548000
1695310762472 0.0 552000
1695310780997 0.0 556000
1695310799240 0.0 560000
1695310818194 0.0 564000
1695310836133 0.0 568000
1695310852925 0.0 572000
1695310869722 0.0 576000
1695310886324 0.0 580000
1695310903028 0.0 584000
1695310919934 0.0 588000
1695310937724 0.0 592000
1695310956113 0.0 596000
1695310974832 0.0 600000
1695310993506 0.0 604000
1695311012340 0.0 608000
1695311030833 0.0 612000
1695311049172 0.0 616000
1695311068419 0.0 620000
1695311087397 0.0 624000
1695311106051 0.0 628000
1695311124485 0.0 632000
1695311143157 0.0 636000
1695311161531 0.0 640000
1695311180122 0.0 644000
1695311198607 0.0 648000
1695311217021 0.0 652000
1695311235329 0.0 656000
1695311253731 0.0 660000
1695311272653 0.0 664000
1695311293326 0.0 668000
1695311312872 0.0 672000
1695311332595 0.0 676000
1695311352119 0.0 680000
1695311371375 0.0 684000
1695311391081 0.0 688000
1695311410790 0.0 692000
1695311430528 0.0 696000
1695311449872 0.0 700000
1695311469591 0.0 704000
1695311489005 0.0 708000
1695311507762 0.0 712000
1695311525300 0.0 716000
1695311545202 0.0 720000
1695311563443 0.0 724000
1695311580669 0.0 728000
1695311597918 0.0 732000
1695311614952 0.0 736000
1695311633154 0.0 740000
1695311651516 0.0 744000
1695311670668 0.0 748000
1695311688303 0.0 752000
1695311705533 0.0 756000
1695311723945 0.0 760000
1695311742196 0.0 764000
1695311760352 0.0 768000
1695311778449 0.0 772000
1695311796512 0.0 776000
1695311814083 0.0 780000
1695311831628 0.0 784000
