1695308366400 0.23076923076923078 4000
1695308381986 0.36666666666666664 8000
1695308398690 0.34615384615384615 12000
1695308415498 0.3 16000
1695308433124 0.3125 20000
1695308450638 0.32 24000
1695308467257 0.27 28000
1695308484583 0.27 32000
1695308501537 0.28 36000
1695308517831 0.26 40000
1695308534358 0.22 44000
1695308550420 0.19 48000
1695308566564 0.17 52000
1695308582679 0.17 56000
1695308598957 0.16 60000
1695308614907 0.16 64000
1695308630967 0.15 68000
1695308646871 0.14 72000
1695308663032 0.16 76000
1695308679316 0.14 80000
1695308696661 0.15 84000
1695308714087 0.11 88000
1695308731370 0.09 92000
1695308748437 0.12 96000
1695308765552 0.11 100000
1695308782796 0.1 104000
1695308799782 0.06 108000
1695308816741 0.05 112000
1695308833816 0.08 116000
1695308850825 0.05 120000
1695308868053 0.04 124000
1695308885387 0.05 128000
1695308902939 0.04 132000
1695308920247 0.04 136000
1695308937679 0.04 140000
1695308955632 0.05 144000
1695308973238 0.05 148000
1695308991020 0.06140350877192982 152000
1695309008075 0.07547169811320754 156000
1695309025028 0.078125 160000
1695309041894 0.015151515151515152 164000
1695309058967 0.04477611940298507 168000
1695309076367 0.044642857142857144 172000
1695309093125 0.056451612903225805 176000
1695309109813 0.05303030303030303 180000
1695309126120 0.0782608695652174 184000
1695309143060 0.0375 188000
1695309161612 0.050955414012738856 192000
1695309179118 0.03804347826086957 196000
1695309196876 0.040268456375838924 200000
1695309214130 0.041666666666666664 204000
1695309232081 0.03932584269662921 208000
1695309248795 0.046511627906976744 212000
1695309265894 0.0896551724137931 216000
1695309283796 0.05228758169934641 220000
1695309301817 0.049079754601226995 224000
1695309319349 0.018867924528301886 228000
1695309336447 0.05421686746987952 232000
1695309353437 0.061068702290076333 236000
1695309370980 0.027210884353741496 240000
1695309387762 0.032432432432432434 244000
1695309404563 0.018867924528301886 248000
1695309420985 0.043243243243243246 252000
1695309437236 0.03870967741935484 256000
1695309453741 0.03076923076923077 260000
1695309471004 0.054455445544554455 264000
1695309487912 0.030864197530864196 268000
1695309504526 0.023809523809523808 272000
1695309521834 0.029556650246305417 276000
1695309538407 0.021164021164021163 280000
1695309554840 0.021621621621621623 284000
1695309571747 0.0 288000
1695309588329 0.02564102564102564 292000
1695309604941 0.03763440860215054 296000
1695309621200 0.012195121951219513 300000
1695309637621 0.03211009174311927 304000
1695309653973 0.021621621621621623 308000
1695309670433 0.03278688524590164 312000
1695309686913 0.03314917127071823 316000
1695309703516 0.021505376344086023 320000
1695309720123 0.012048192771084338 324000
1695309736773 0.035 328000
1695309753488 0.02617801047120419 332000
1695309770657 0.027624309392265192 336000
1695309788446 0.009852216748768473 340000
1695309806296 0.023696682464454975 344000
1695309823940 0.014925373134328358 348000
1695309841538 0.02702702702702703 352000
1695309859454 0.03553299492385787 356000
1695309877052 0.016042780748663103 360000
1695309895249 0.03349282296650718 364000
1695309912919 0.016574585635359115 368000
1695309930524 0.03048780487804878 372000
1695309948112 0.015306122448979591 376000
1695309965682 0.027472527472527472 380000
1695309983362 0.03428571428571429 384000
1695310001827 0.005649717514124294 388000
1695310019161 0.005405405405405406 392000
1695310037262 0.02631578947368421 396000
1695310058513 0.004975124378109453 400000
1695310080109 0.00904977375565611 404000
1695310099845 0.03286384976525822 408000
1695310120037 0.004807692307692308 412000
1695310136663 0.029556650246305417 416000
1695310153364 0.01904761904761905 420000
1695310170863 0.037209302325581395 424000
1695310189114 0.013043478260869565 428000
1695310207453 0.01818181818181818 432000
1695310225708 0.0380952380952381 436000
1695310244130 0.01834862385321101 440000
1695310262445 0.008968609865470852 444000
1695310280714 0.02336448598130841 448000
1695310299206 0.03765690376569038 452000
1695310318049 0.018433179723502304 456000
1695310336778 0.009216589861751152 460000
1695310355280 0.04329004329004329 464000
1695310373945 0.026905829596412557 468000
1695310392696 0.013636363636363636 472000
1695310411179 0.022123893805309734 476000
1695310429606 0.021834061135371178 480000
1695310448012 0.049773755656108594 484000
1695310466453 0.02608695652173913 488000
1695310485097 0.028925619834710745 492000
1695310503574 0.00847457627118644 496000
1695310521988 0.022026431718061675 500000
1695310540698 0.029661016949152543 504000
1695310559042 0.046948356807511735 508000
1695310577727 0.013452914798206279 512000
1695310596072 0.01276595744680851 516000
1695310614671 0.018433179723502304 520000
1695310633235 0.022026431718061675 524000
1695310651720 0.03508771929824561 528000
1695310670072 0.03414634146341464 532000
1695310688429 0.017937219730941704 536000
1695310706934 0.013333333333333334 540000
1695310725465 0.028455284552845527 544000
1695310744072 0.022123893805309734 548000
1695310762473 0.02643171806167401 552000
1695310780998 0.0228310502283105 556000
1695310799241 0.041666666666666664 560000
1695310818195 0.0182648401826484 564000
1695310836134 0.0423728813559322 568000
1695310852926 0.02643171806167401 572000
1695310869723 0.017543859649122806 576000
1695310886325 0.021834061135371178 580000
1695310903029 0.018518518518518517 584000
1695310919935 0.008695652173913044 588000
1695310937725 0.021929824561403508 592000
1695310956114 0.004149377593360996 596000
1695310974833 0.01327433628318584 600000
1695310993507 0.020242914979757085 604000
1695311012341 0.012096774193548387 608000
1695311030834 0.004016064257028112 612000
1695311049173 0.004149377593360996 616000
1695311068421 0.016877637130801686 620000
1695311087398 0.03773584905660377 624000
1695311106052 0.016260162601626018 628000
1695311124486 0.02531645569620253 632000
1695311143158 0.039473684210526314 636000
1695311161532 0.021834061135371178 640000
1695311180123 0.024691358024691357 644000
1695311198608 0.024489795918367346 648000
1695311217022 0.008658008658008658 652000
1695311235330 0.0423728813559322 656000
1695311253732 0.01702127659574468 660000
1695311272655 0.0211864406779661 664000
1695311293327 0.012244897959183673 668000
1695311312873 0.02066115702479339 672000
1695311332596 0.024390243902439025 676000
1695311352120 0.027149321266968326 680000
1695311371376 0.024390243902439025 684000
1695311391082 0.02654867256637168 688000
1695311410791 0.020080321285140562 692000
1695311430529 0.02553191489361702 696000
1695311449873 0.018518518518518517 700000
1695311469592 0.012552301255230125 704000
1695311489006 0.015873015873015872 708000
1695311507763 0.01694915254237288 712000
1695311525301 0.0125 716000
1695311545203 0.0199203187250996 720000
1695311563444 0.023809523809523808 724000
1695311580670 0.020491803278688523 728000
1695311597919 0.004166666666666667 732000
1695311614954 0.0196078431372549 736000
1695311633155 0.01762114537444934 740000
1695311651517 0.017543859649122806 744000
1695311670670 0.0199203187250996 748000
1695311688304 0.013100436681222707 752000
1695311705534 0.013215859030837005 756000
1695311723946 0.013100436681222707 760000
1695311742197 0.012096774193548387 764000
1695311760353 0.01646090534979424 768000
1695311778450 0.025423728813559324 772000
1695311796513 0.02666666666666667 776000
1695311814084 0.034334763948497854 780000
1695311831629 0.03007518796992481 784000
