1695308366399 1.0 4000
1695308381986 1.0 8000
1695308398689 1.0 12000
1695308415497 1.0 16000
1695308433123 1.0 20000
1695308450637 1.0 24000
1695308467256 1.0 28000
1695308484583 1.0 32000
1695308501536 1.0 36000
1695308517830 1.0 40000
1695308534357 1.0 44000
1695308550420 1.0 48000
1695308566564 1.0 52000
1695308582678 1.0 56000
1695308598957 1.0 60000
1695308614906 1.0 64000
1695308630966 1.0 68000
1695308646870 1.0 72000
1695308663031 1.0 76000
1695308679315 1.0 80000
1695308696660 1.0 84000
1695308714086 1.0 88000
1695308731369 1.0 92000
1695308748436 1.0 96000
1695308765551 1.0 100000
1695308782795 1.0 104000
1695308799781 1.0 108000
1695308816740 1.0 112000
1695308833816 1.0 116000
1695308850824 1.0 120000
1695308868053 1.0 124000
1695308885386 1.0 128000
1695308902938 1.0 132000
1695308920246 1.0 136000
1695308937679 1.0 140000
1695308955631 1.0 144000
1695308973238 1.0 148000
1695308991020 1.0 152000
1695309008074 1.0 156000
1695309025027 1.0 160000
1695309041893 1.0 164000
1695309058965 1.0 168000
1695309076366 1.0 172000
1695309093124 1.0 176000
1695309109812 1.0 180000
1695309126119 1.0 184000
1695309143059 1.0 188000
1695309161612 1.0 192000
1695309179118 1.0 196000
1695309196875 1.0 200000
1695309214129 1.0 204000
1695309232080 1.0 208000
1695309248794 1.0 212000
1695309265893 1.0 216000
1695309283795 1.0 220000
1695309301816 1.0 224000
1695309319348 1.0 228000
1695309336446 1.0 232000
1695309353436 1.0 236000
1695309370980 1.0 240000
1695309387761 1.0 244000
1695309404563 1.0 248000
1695309420984 1.0 252000
1695309437235 1.0 256000
1695309453740 1.0 260000
1695309471003 1.0 264000
1695309487911 1.0 268000
1695309504525 1.0 272000
1695309521833 1.0 276000
1695309538406 1.0 280000
1695309554839 1.0 284000
1695309571746 0.0 288000
1695309588328 1.0 292000
1695309604940 1.0 296000
1695309621199 1.0 300000
1695309637620 1.0 304000
1695309653972 1.0 308000
1695309670432 1.0 312000
1695309686912 1.0 316000
1695309703515 1.0 320000
1695309720122 1.0 324000
1695309736772 1.0 328000
1695309753487 1.0 332000
1695309770656 1.0 336000
1695309788445 1.0 340000
1695309806295 1.0 344000
1695309823939 1.0 348000
1695309841537 1.0 352000
1695309859453 1.0 356000
1695309877051 1.0 360000
1695309895248 1.0 364000
1695309912918 1.0 368000
1695309930523 1.0 372000
1695309948111 1.0 376000
1695309965681 1.0 380000
1695309983361 1.0 384000
1695310001826 1.0 388000
1695310019161 1.0 392000
1695310037261 1.0 396000
1695310058512 1.0 400000
1695310080108 1.0 404000
1695310099844 1.0 408000
1695310120036 1.0 412000
1695310136662 1.0 416000
1695310153363 1.0 420000
1695310170862 1.0 424000
1695310189113 1.0 428000
1695310207452 1.0 432000
1695310225707 1.0 436000
1695310244129 1.0 440000
1695310262444 1.0 444000
1695310280713 1.0 448000
1695310299205 1.0 452000
1695310318048 1.0 456000
1695310336777 1.0 460000
1695310355279 1.0 464000
1695310373944 1.0 468000
1695310392695 1.0 472000
1695310411178 1.0 476000
1695310429605 1.0 480000
1695310448011 1.0 484000
1695310466452 1.0 488000
1695310485096 1.0 492000
1695310503573 1.0 496000
1695310521987 1.0 500000
1695310540697 1.0 504000
1695310559042 1.0 508000
1695310577726 1.0 512000
1695310596071 1.0 516000
1695310614670 1.0 520000
1695310633234 1.0 524000
1695310651719 1.0 528000
1695310670071 1.0 532000
1695310688428 1.0 536000
1695310706933 1.0 540000
1695310725464 1.0 544000
1695310744071 1.0 548000
1695310762472 1.0 552000
1695310780997 1.0 556000
1695310799241 1.0 560000
1695310818194 1.0 564000
1695310836133 1.0 568000
1695310852926 1.0 572000
1695310869722 1.0 576000
1695310886324 1.0 580000
1695310903028 1.0 584000
1695310919934 1.0 588000
1695310937724 1.0 592000
1695310956113 1.0 596000
1695310974832 1.0 600000
1695310993506 1.0 604000
1695311012340 1.0 608000
1695311030834 1.0 612000
1695311049172 1.0 616000
1695311068420 1.0 620000
1695311087398 1.0 624000
1695311106051 1.0 628000
1695311124485 1.0 632000
1695311143158 1.0 636000
1695311161532 1.0 640000
1695311180122 1.0 644000
1695311198607 1.0 648000
1695311217021 1.0 652000
1695311235329 1.0 656000
1695311253731 1.0 660000
1695311272654 1.0 664000
1695311293326 1.0 668000
1695311312873 1.0 672000
1695311332595 1.0 676000
1695311352119 1.0 680000
1695311371375 1.0 684000
1695311391082 1.0 688000
1695311410791 1.0 692000
1695311430528 1.0 696000
1695311449872 1.0 700000
1695311469591 1.0 704000
1695311489005 1.0 708000
1695311507762 1.0 712000
1695311525300 1.0 716000
1695311545202 1.0 720000
1695311563443 1.0 724000
1695311580669 1.0 728000
1695311597918 1.0 732000
1695311614953 1.0 736000
1695311633155 1.0 740000
1695311651516 1.0 744000
1695311670669 1.0 748000
1695311688304 1.0 752000
1695311705533 1.0 756000
1695311723945 1.0 760000
1695311742196 1.0 764000
1695311760352 1.0 768000
1695311778449 1.0 772000
1695311796513 1.0 776000
1695311814084 1.0 780000
1695311831628 1.0 784000
