1695308366400 1.0 4000
1695308381987 1.0 8000
1695308398690 1.0 12000
1695308415499 1.0 16000
1695308433125 1.0 20000
1695308450638 1.0 24000
1695308467257 1.0 28000
1695308484584 1.0 32000
1695308501538 1.0 36000
1695308517831 1.0 40000
1695308534359 1.0 44000
1695308550421 1.0 48000
1695308566565 1.0 52000
1695308582680 1.0 56000
1695308598958 1.0 60000
1695308614907 1.0 64000
1695308630967 1.0 68000
1695308646871 1.0 72000
1695308663033 1.0 76000
1695308679317 1.0 80000
1695308696661 1.0 84000
1695308714088 1.0 88000
1695308731371 1.0 92000
1695308748438 1.0 96000
1695308765552 1.0 100000
1695308782796 1.0 104000
1695308799782 1.0 108000
1695308816741 1.0 112000
1695308833817 1.0 116000
1695308850826 1.0 120000
1695308868054 1.0 124000
1695308885388 1.0 128000
1695308902939 1.0 132000
1695308920248 1.0 136000
1695308937680 1.0 140000
1695308955633 1.0 144000
1695308973239 1.0 148000
1695308991021 1.0 152000
1695309008075 1.0 156000
1695309025028 1.0 160000
1695309041894 1.0 164000
1695309058967 1.0 168000
1695309076368 1.0 172000
1695309093125 1.0 176000
1695309109813 1.0 180000
1695309126120 1.0 184000
1695309143060 1.0 188000
1695309161613 1.0 192000
1695309179119 1.0 196000
1695309196876 1.0 200000
1695309214130 1.0 204000
1695309232081 1.0 208000
1695309248795 1.0 212000
1695309265894 1.0 216000
1695309283796 1.0 220000
1695309301818 1.0 224000
1695309319349 1.0 228000
1695309336447 1.0 232000
1695309353437 1.0 236000
1695309370981 1.0 240000
1695309387763 1.0 244000
1695309404564 1.0 248000
1695309420985 1.0 252000
1695309437237 1.0 256000
1695309453741 1.0 260000
1695309471005 1.0 264000
1695309487912 1.0 268000
1695309504527 1.0 272000
1695309521835 1.0 276000
1695309538407 1.0 280000
1695309554841 1.0 284000
1695309571747 0.0 288000
1695309588330 1.0 292000
1695309604941 1.0 296000
1695309621200 1.0 300000
1695309637622 1.0 304000
1695309653973 1.0 308000
1695309670433 1.0 312000
1695309686913 1.0 316000
1695309703517 1.0 320000
1695309720123 1.0 324000
1695309736773 1.0 328000
1695309753488 1.0 332000
1695309770657 1.0 336000
1695309788446 1.0 340000
1695309806297 1.0 344000
1695309823941 1.0 348000
1695309841538 1.0 352000
1695309859454 1.0 356000
1695309877053 1.0 360000
1695309895249 1.0 364000
1695309912919 1.0 368000
1695309930524 1.0 372000
1695309948113 1.0 376000
1695309965682 1.0 380000
1695309983362 1.0 384000
1695310001827 1.0 388000
1695310019162 1.0 392000
1695310037263 1.0 396000
1695310058514 1.0 400000
1695310080110 1.0 404000
1695310099845 1.0 408000
1695310120037 1.0 412000
1695310136663 1.0 416000
1695310153365 1.0 420000
1695310170863 1.0 424000
1695310189114 1.0 428000
1695310207454 1.0 432000
1695310225708 1.0 436000
1695310244131 1.0 440000
1695310262445 1.0 444000
1695310280715 1.0 448000
1695310299206 1.0 452000
1695310318050 1.0 456000
1695310336778 1.0 460000
1695310355281 1.0 464000
1695310373945 1.0 468000
1695310392696 1.0 472000
1695310411179 1.0 476000
1695310429607 1.0 480000
1695310448012 1.0 484000
1695310466454 1.0 488000
1695310485097 1.0 492000
1695310503575 1.0 496000
1695310521988 1.0 500000
1695310540698 1.0 504000
1695310559043 1.0 508000
1695310577728 1.0 512000
1695310596073 1.0 516000
1695310614671 1.0 520000
1695310633235 1.0 524000
1695310651720 1.0 528000
1695310670072 1.0 532000
1695310688429 1.0 536000
1695310706934 1.0 540000
1695310725466 1.0 544000
1695310744073 1.0 548000
1695310762474 1.0 552000
1695310780998 1.0 556000
1695310799242 1.0 560000
1695310818196 1.0 564000
1695310836134 1.0 568000
1695310852927 1.0 572000
1695310869723 1.0 576000
1695310886325 1.0 580000
1695310903029 1.0 584000
1695310919935 1.0 588000
1695310937725 1.0 592000
1695310956114 1.0 596000
1695310974833 1.0 600000
1695310993507 1.0 604000
1695311012341 1.0 608000
1695311030835 1.0 612000
1695311049173 1.0 616000
1695311068421 1.0 620000
1695311087399 1.0 624000
1695311106053 1.0 628000
1695311124487 1.0 632000
1695311143159 1.0 636000
1695311161533 1.0 640000
1695311180124 1.0 644000
1695311198608 1.0 648000
1695311217022 1.0 652000
1695311235331 1.0 656000
1695311253732 1.0 660000
1695311272655 1.0 664000
1695311293327 1.0 668000
1695311312874 1.0 672000
1695311332597 1.0 676000
1695311352120 1.0 680000
1695311371376 1.0 684000
1695311391083 1.0 688000
1695311410792 1.0 692000
1695311430529 1.0 696000
1695311449873 1.0 700000
1695311469592 1.0 704000
1695311489007 1.0 708000
1695311507764 1.0 712000
1695311525301 1.0 716000
1695311545203 1.0 720000
1695311563445 1.0 724000
1695311580670 1.0 728000
1695311597920 1.0 732000
1695311614954 1.0 736000
1695311633156 1.0 740000
1695311651518 1.0 744000
1695311670670 1.0 748000
1695311688305 1.0 752000
1695311705534 1.0 756000
1695311723947 1.0 760000
1695311742197 1.0 764000
1695311760354 1.0 768000
1695311778450 1.0 772000
1695311796514 1.0 776000
1695311814085 1.0 780000
1695311831629 1.0 784000
