1695308366399 0.38461538461538464 4000
1695308381986 0.26666666666666666 8000
1695308398689 0.28846153846153844 12000
1695308415497 0.32857142857142857 16000
1695308433124 0.3125 20000
1695308450637 0.31 24000
1695308467256 0.36 28000
1695308484583 0.39 32000
1695308501536 0.39 36000
1695308517830 0.45 40000
1695308534358 0.52 44000
1695308550420 0.56 48000
1695308566564 0.59 52000
1695308582679 0.62 56000
1695308598957 0.68 60000
1695308614906 0.71 64000
1695308630966 0.74 68000
1695308646870 0.72 72000
1695308663031 0.71 76000
1695308679316 0.74 80000
1695308696660 0.76 84000
1695308714087 0.81 88000
1695308731370 0.87 92000
1695308748437 0.85 96000
1695308765551 0.84 100000
1695308782795 0.84 104000
1695308799781 0.89 108000
1695308816740 0.92 112000
1695308833816 0.86 116000
1695308850825 0.88 120000
1695308868053 0.95 124000
1695308885387 0.94 128000
1695308902938 0.95 132000
1695308920247 0.96 136000
1695308937679 0.96 140000
1695308955631 0.95 144000
1695308973238 0.95 148000
1695308991020 0.9385964912280702 152000
1695309008074 0.9245283018867925 156000
1695309025027 0.921875 160000
1695309041893 0.9696969696969697 164000
1695309058966 0.9552238805970149 168000
1695309076367 0.9464285714285714 172000
1695309093124 0.9354838709677419 176000
1695309109812 0.946969696969697 180000
1695309126119 0.9217391304347826 184000
1695309143059 0.95625 188000
1695309161612 0.9490445859872612 192000
1695309179118 0.9565217391304348 196000
1695309196875 0.959731543624161 200000
1695309214129 0.9583333333333334 204000
1695309232080 0.9606741573033708 208000
1695309248794 0.9476744186046512 212000
1695309265893 0.903448275862069 216000
1695309283795 0.9477124183006536 220000
1695309301816 0.9325153374233128 224000
1695309319348 0.9685534591194969 228000
1695309336446 0.9337349397590361 232000
1695309353436 0.9312977099236641 236000
1695309370980 0.9523809523809523 240000
1695309387761 0.9459459459459459 244000
1695309404563 0.9371069182389937 248000
1695309420984 0.9405405405405406 252000
1695309437236 0.9161290322580645 256000
1695309453740 0.9282051282051282 260000
1695309471003 0.8910891089108911 264000
1695309487911 0.9012345679012346 268000
1695309504526 0.9285714285714286 272000
1695309521833 0.9064039408866995 276000
1695309538406 0.91005291005291 280000
1695309554840 0.9081081081081082 284000
1695309571746 0.9595375722543352 288000
1695309588328 0.9025641025641026 292000
1695309604940 0.8870967741935484 296000
1695309621199 0.9085365853658537 300000
1695309637621 0.8990825688073395 304000
1695309653972 0.8810810810810811 308000
1695309670432 0.907103825136612 312000
1695309686912 0.9005524861878453 316000
1695309703516 0.9193548387096774 320000
1695309720122 0.8975903614457831 324000
1695309736772 0.86 328000
1695309753487 0.8795811518324608 332000
1695309770656 0.8674033149171271 336000
1695309788445 0.9014778325123153 340000
1695309806295 0.8720379146919431 344000
1695309823940 0.9203980099502488 348000
1695309841537 0.8918918918918919 352000
1695309859453 0.8730964467005076 356000
1695309877052 0.8556149732620321 360000
1695309895248 0.8516746411483254 364000
1695309912918 0.8895027624309392 368000
1695309930523 0.7987804878048781 372000
1695309948112 0.8469387755102041 376000
1695309965681 0.8406593406593407 380000
1695309983361 0.8 384000
1695310001826 0.8192090395480226 388000
1695310019161 0.827027027027027 392000
1695310037261 0.7684210526315789 396000
1695310058512 0.8208955223880597 400000
1695310080108 0.8009049773755657 404000
1695310099844 0.7511737089201878 408000
1695310120036 0.8028846153846154 412000
1695310136662 0.7980295566502463 416000
1695310153364 0.7428571428571429 420000
1695310170862 0.7581395348837209 424000
1695310189113 0.808695652173913 428000
1695310207453 0.8181818181818182 432000
1695310225707 0.7523809523809524 436000
1695310244129 0.8073394495412844 440000
1695310262444 0.8251121076233184 444000
1695310280713 0.7476635514018691 448000
1695310299205 0.7656903765690377 452000
1695310318049 0.7649769585253456 456000
1695310336777 0.7327188940092166 460000
1695310355280 0.7012987012987013 464000
1695310373944 0.7713004484304933 468000
1695310392695 0.7227272727272728 472000
1695310411178 0.7787610619469026 476000
1695310429606 0.74235807860262 480000
1695310448011 0.6968325791855203 484000
1695310466453 0.7043478260869566 488000
1695310485096 0.7107438016528925 492000
1695310503574 0.7627118644067796 496000
1695310521987 0.6740088105726872 500000
1695310540697 0.6610169491525424 504000
1695310559042 0.647887323943662 508000
1695310577727 0.6681614349775785 512000
1695310596072 0.7702127659574468 516000
1695310614670 0.7050691244239631 520000
1695310633234 0.6519823788546255 524000
1695310651719 0.618421052631579 528000
1695310670071 0.6585365853658537 532000
1695310688428 0.6502242152466368 536000
1695310706933 0.6311111111111111 540000
1695310725464 0.6829268292682927 544000
1695310744071 0.672566371681416 548000
1695310762472 0.6784140969162996 552000
1695310780997 0.6529680365296804 556000
1695310799241 0.6851851851851852 560000
1695310818195 0.680365296803653 564000
1695310836133 0.6822033898305084 568000
1695310852926 0.6167400881057269 572000
1695310869722 0.706140350877193 576000
1695310886324 0.6943231441048034 580000
1695310903028 0.6574074074074074 584000
1695310919934 0.6260869565217392 588000
1695310937724 0.6622807017543859 592000
1695310956113 0.7136929460580913 596000
1695310974832 0.672566371681416 600000
1695310993506 0.6275303643724697 604000
1695311012340 0.6451612903225806 608000
1695311030834 0.6666666666666666 612000
1695311049172 0.6348547717842323 616000
1695311068420 0.5527426160337553 620000
1695311087398 0.5924528301886792 624000
1695311106052 0.6097560975609756 628000
1695311124486 0.6582278481012658 632000
1695311143158 0.6359649122807017 636000
1695311161532 0.6593886462882096 640000
1695311180122 0.6090534979423868 644000
1695311198607 0.5795918367346938 648000
1695311217021 0.6277056277056277 652000
1695311235330 0.6440677966101694 656000
1695311253731 0.6212765957446809 660000
1695311272654 0.5677966101694916 664000
1695311293326 0.5795918367346938 668000
1695311312873 0.5537190082644629 672000
1695311332596 0.5853658536585366 676000
1695311352119 0.5158371040723982 680000
1695311371375 0.6341463414634146 684000
1695311391082 0.6327433628318584 688000
1695311410791 0.6104417670682731 692000
1695311430528 0.5702127659574469 696000
1695311449872 0.6435185185185185 700000
1695311469591 0.6108786610878661 704000
1695311489005 0.5753968253968254 708000
1695311507763 0.5847457627118644 712000
1695311525300 0.6125 716000
1695311545202 0.5737051792828686 720000
1695311563444 0.626984126984127 724000
1695311580669 0.5942622950819673 728000
1695311597919 0.6083333333333333 732000
1695311614953 0.5372549019607843 736000
1695311633155 0.6035242290748899 740000
1695311651517 0.631578947368421 744000
1695311670669 0.5976095617529881 748000
1695311688304 0.5938864628820961 752000
1695311705533 0.6651982378854625 756000
1695311723946 0.62882096069869 760000
1695311742196 0.657258064516129 764000
1695311760353 0.6213991769547325 768000
1695311778449 0.6652542372881356 772000
1695311796513 0.6533333333333333 776000
1695311814084 0.6094420600858369 780000
1695311831628 0.6052631578947368 784000
