1695308366375 0.0 4000
1695308381962 0.0 8000
1695308398664 0.0 12000
1695308415472 0.0 16000
1695308433101 0.0 20000
1695308450611 0.0 24000
1695308467231 0.0 28000
1695308484560 0.0 32000
1695308501512 0.0 36000
1695308517807 0.0 40000
1695308534334 0.0 44000
1695308550397 0.0 48000
1695308566540 0.0 52000
1695308582655 0.0 56000
1695308598934 0.0 60000
1695308614883 0.0 64000
1695308630943 0.0 68000
1695308646847 0.0 72000
1695308663008 0.0 76000
1695308679292 0.0 80000
1695308696637 0.0 84000
1695308714064 0.0 88000
1695308731347 0.0 92000
1695308748412 0.0 96000
1695308765528 0.0 100000
1695308782772 0.0 104000
1695308799757 0.0 108000
1695308816718 0.0 112000
1695308833793 0.0 116000
1695308850802 0.0 120000
1695308868031 0.0 124000
1695308885364 0.0 128000
1695308902915 0.0 132000
1695308920223 0.0 136000
1695308937655 0.0 140000
1695308955608 0.0 144000
1695308973215 0.0 148000
1695308990995 0.0 152000
1695309008051 0.0 156000
1695309025003 0.0 160000
1695309041870 0.0 164000
1695309058940 0.0 168000
1695309076343 0.0 172000
1695309093102 0.0 176000
1695309109789 0.0 180000
1695309126095 0.0 184000
1695309143037 0.0 188000
1695309161586 0.0 192000
1695309179095 0.0 196000
1695309196852 0.0 200000
1695309214105 0.0 204000
1695309232056 0.0 208000
1695309248769 0.0 212000
1695309265870 0.0 216000
1695309283770 0.0 220000
1695309301788 0.0 224000
1695309319324 0.0 228000
1695309336423 0.0 232000
1695309353411 0.0 236000
1695309370957 0.0 240000
1695309387738 0.0 244000
1695309404540 0.0 248000
1695309420961 0.0 252000
1695309437212 0.0 256000
1695309453717 0.0 260000
1695309470980 0.0 264000
1695309487887 0.0 268000
1695309504503 0.0 272000
1695309521810 0.0 276000
1695309538381 0.0 280000
1695309554816 0.0 284000
1695309571723 0.0 288000
1695309588303 0.0 292000
1695309604917 0.0 296000
1695309621176 0.0 300000
1695309637597 0.0 304000
1695309653948 0.0 308000
1695309670409 0.0 312000
1695309686889 0.0 316000
1695309703492 0.0 320000
1695309720099 0.0 324000
1695309736749 0.0 328000
1695309753464 0.0 332000
1695309770633 0.0 336000
1695309788422 0.0 340000
1695309806272 0.0 344000
1695309823916 0.0 348000
1695309841513 0.0 352000
1695309859431 0.0 356000
1695309877029 0.0 360000
1695309895224 0.0 364000
1695309912895 0.0 368000
1695309930500 0.0 372000
1695309948088 0.0 376000
1695309965657 0.0 380000
1695309983339 0.0 384000
1695310001803 0.0 388000
1695310019137 0.0 392000
1695310037239 0.0 396000
1695310058485 0.0 400000
1695310080081 0.0 404000
1695310099819 0.0 408000
1695310120012 0.0 412000
1695310136639 0.0 416000
1695310153340 0.0 420000
1695310170839 0.0 424000
1695310189088 0.0 428000
1695310207430 0.0 432000
1695310225682 0.0 436000
1695310244105 0.0 440000
1695310262419 0.0 444000
1695310280686 0.0 448000
1695310299180 0.0 452000
1695310318025 0.0 456000
1695310336753 0.0 460000
1695310355255 0.0 464000
1695310373921 0.0 468000
1695310392670 0.0 472000
1695310411155 0.0 476000
1695310429583 0.0 480000
1695310447987 0.0 484000
1695310466429 0.0 488000
1695310485069 0.0 492000
1695310503550 0.0 496000
1695310521961 0.0 500000
1695310540673 0.0 504000
1695310559016 0.0 508000
1695310577704 0.0 512000
1695310596046 0.0 516000
1695310614647 0.0 520000
1695310633209 0.0 524000
1695310651695 0.0 528000
1695310670048 0.0 532000
1695310688403 0.0 536000
1695310706907 0.0 540000
1695310725441 0.0 544000
1695310744046 0.0 548000
1695310762441 0.0 552000
1695310780972 0.0 556000
1695310799218 0.0 560000
1695310818171 0.0 564000
1695310836109 0.0 568000
1695310852902 0.0 572000
1695310869698 0.0 576000
1695310886300 0.0 580000
1695310903005 0.0 584000
1695310919911 0.0 588000
1695310937700 0.0 592000
1695310956088 0.0 596000
1695310974809 0.0 600000
1695310993480 0.0 604000
1695311012315 0.0 608000
1695311030809 0.0 612000
1695311049148 0.0 616000
1695311068396 0.0 620000
1695311087372 0.0 624000
1695311106026 0.0 628000
1695311124461 0.0 632000
1695311143132 0.0 636000
1695311161507 0.0 640000
1695311180097 0.0 644000
1695311198583 0.0 648000
1695311216996 0.0 652000
1695311235306 0.0 656000
1695311253705 0.0 660000
1695311272630 0.0 664000
1695311293300 0.0 668000
1695311312847 0.0 672000
1695311332572 0.0 676000
1695311352096 0.0 680000
1695311371350 0.0 684000
1695311391058 0.0 688000
1695311410767 0.0 692000
1695311430504 0.0 696000
1695311449847 0.0 700000
1695311469566 0.0 704000
1695311488981 0.0 708000
1695311507738 0.0 712000
1695311525276 0.0 716000
1695311545179 0.0 720000
1695311563420 0.0 724000
1695311580646 0.0 728000
1695311597893 0.0 732000
1695311614930 0.0 736000
1695311633131 0.0 740000
1695311651493 0.0 744000
1695311670646 0.0 748000
1695311688281 0.0 752000
1695311705509 0.0 756000
1695311723922 0.0 760000
1695311742169 0.0 764000
1695311760329 0.0 768000
1695311778425 0.0 772000
1695311796489 0.0 776000
1695311814060 0.0 780000
1695311831605 0.0 784000
