1695308366388 0.0 4000
1695308381975 0.0 8000
1695308398678 0.0 12000
1695308415486 0.0 16000
1695308433113 0.0 20000
1695308450626 0.0 24000
1695308467245 0.0 28000
1695308484572 0.0 32000
1695308501525 0.0 36000
1695308517820 0.0 40000
1695308534347 0.0 44000
1695308550410 0.0 48000
1695308566553 0.0 52000
1695308582668 0.0 56000
1695308598946 0.0 60000
1695308614896 0.0 64000
1695308630956 0.0 68000
1695308646859 0.0 72000
1695308663021 0.0 76000
1695308679305 0.0 80000
1695308696650 0.0 84000
1695308714076 0.0 88000
1695308731360 0.0 92000
1695308748426 0.0 96000
1695308765541 0.0 100000
1695308782785 0.0 104000
1695308799771 0.0 108000
1695308816730 0.0 112000
1695308833806 0.0 116000
1695308850814 0.0 120000
1695308868043 0.0 124000
1695308885377 0.0 128000
1695308902928 0.0 132000
1695308920236 0.0 136000
1695308937668 0.0 140000
1695308955621 0.0 144000
1695308973228 0.0 148000
1695308991009 0.0 152000
1695309008064 0.0 156000
1695309025017 0.0 160000
1695309041883 0.0 164000
1695309058955 0.0 168000
1695309076356 0.0 172000
1695309093114 0.0 176000
1695309109802 0.0 180000
1695309126109 0.0 184000
1695309143049 0.0 188000
1695309161600 0.0 192000
1695309179107 0.0 196000
1695309196865 0.0 200000
1695309214118 0.0 204000
1695309232070 0.0 208000
1695309248783 0.0 212000
1695309265883 0.0 216000
1695309283784 0.0 220000
1695309301804 0.0 224000
1695309319337 0.0 228000
1695309336436 0.0 232000
1695309353425 0.0 236000
1695309370970 0.0 240000
1695309387751 0.0 244000
1695309404552 0.0 248000
1695309420974 0.0 252000
1695309437225 0.0 256000
1695309453730 0.0 260000
1695309470993 0.0 264000
1695309487901 0.0 268000
1695309504515 0.0 272000
1695309521823 0.0 276000
1695309538395 0.0 280000
1695309554829 0.0 284000
1695309571736 0.0 288000
1695309588317 0.0 292000
1695309604930 0.0 296000
1695309621189 0.0 300000
1695309637610 0.0 304000
1695309653962 0.0 308000
1695309670422 0.0 312000
1695309686902 0.0 316000
1695309703505 0.0 320000
1695309720112 0.0 324000
1695309736762 0.0 328000
1695309753477 0.0 332000
1695309770645 0.0 336000
1695309788435 0.0 340000
1695309806285 0.0 344000
1695309823929 0.0 348000
1695309841526 0.0 352000
1695309859443 0.0 356000
1695309877042 0.0 360000
1695309895237 0.0 364000
1695309912908 0.0 368000
1695309930513 0.0 372000
1695309948101 0.0 376000
1695309965670 0.0 380000
1695309983351 0.0 384000
1695310001816 0.0 388000
1695310019150 0.0 392000
1695310037251 0.0 396000
1695310058500 0.0 400000
1695310080096 0.0 404000
1695310099833 0.0 408000
1695310120026 0.0 412000
1695310136652 0.0 416000
1695310153353 0.0 420000
1695310170852 0.0 424000
1695310189102 0.0 428000
1695310207442 0.0 432000
1695310225696 0.0 436000
1695310244118 0.0 440000
1695310262433 0.0 444000
1695310280701 0.0 448000
1695310299194 0.0 452000
1695310318038 0.0 456000
1695310336767 0.0 460000
1695310355268 0.0 464000
1695310373934 0.0 468000
1695310392684 0.0 472000
1695310411168 0.0 476000
1695310429595 0.0 480000
1695310448000 0.0 484000
1695310466442 0.0 488000
1695310485085 0.0 492000
1695310503563 0.0 496000
1695310521976 0.0 500000
1695310540686 0.0 504000
1695310559030 0.0 508000
1695310577716 0.0 512000
1695310596061 0.0 516000
1695310614660 0.0 520000
1695310633223 0.0 524000
1695310651708 0.0 528000
1695310670061 0.0 532000
1695310688417 0.0 536000
1695310706921 0.0 540000
1695310725454 0.0 544000
1695310744060 0.0 548000
1695310762461 0.0 552000
1695310780986 0.0 556000
1695310799230 0.0 560000
1695310818184 0.0 564000
1695310836122 0.0 568000
1695310852915 0.0 572000
1695310869711 0.0 576000
1695310886313 0.0 580000
1695310903018 0.0 584000
1695310919924 0.0 588000
1695310937713 0.0 592000
1695310956102 0.0 596000
1695310974822 0.0 600000
1695310993495 0.0 604000
1695311012329 0.0 608000
1695311030822 0.0 612000
1695311049161 0.0 616000
1695311068409 0.0 620000
1695311087386 0.0 624000
1695311106040 0.0 628000
1695311124475 0.0 632000
1695311143147 0.0 636000
1695311161521 0.0 640000
1695311180111 0.0 644000
1695311198596 0.0 648000
1695311217010 0.0 652000
1695311235319 0.0 656000
1695311253720 0.0 660000
1695311272643 0.0 664000
1695311293314 0.0 668000
1695311312862 0.0 672000
1695311332585 0.0 676000
1695311352109 0.0 680000
1695311371364 0.0 684000
1695311391071 0.0 688000
1695311410780 0.0 692000
1695311430517 0.0 696000
1695311449861 0.0 700000
1695311469580 0.0 704000
1695311488995 0.0 708000
1695311507752 0.0 712000
1695311525290 0.0 716000
1695311545192 0.0 720000
1695311563433 0.0 724000
1695311580659 0.0 728000
1695311597907 0.0 732000
1695311614942 0.0 736000
1695311633144 0.0 740000
1695311651506 0.0 744000
1695311670659 0.0 748000
1695311688294 0.0 752000
1695311705523 0.0 756000
1695311723935 0.0 760000
1695311742183 0.0 764000
1695311760342 0.0 768000
1695311778439 0.0 772000
1695311796502 0.0 776000
1695311814074 0.0 780000
1695311831618 0.0 784000
