1695308366392 0.3 4000
1695308381979 0.3 8000
1695308398682 0.3 12000
1695308415490 0.3 16000
1695308433117 0.3 20000
1695308450630 0.3 24000
1695308467249 0.3 28000
1695308484576 0.3 32000
1695308501529 0.3 36000
1695308517823 0.3 40000
1695308534351 0.3 44000
1695308550413 0.3 48000
1695308566557 0.3 52000
1695308582672 0.3 56000
1695308598950 0.3 60000
1695308614899 0.3 64000
1695308630960 0.3 68000
1695308646863 0.3 72000
1695308663025 0.3 76000
1695308679309 0.3 80000
1695308696653 0.3 84000
1695308714080 0.3 88000
1695308731363 0.3 92000
1695308748430 0.3 96000
1695308765544 0.3 100000
1695308782789 0.3 104000
1695308799774 0.3 108000
1695308816734 0.3 112000
1695308833809 0.3 116000
1695308850818 0.3 120000
1695308868046 0.3 124000
1695308885380 0.3 128000
1695308902931 0.3 132000
1695308920240 0.3 136000
1695308937672 0.3 140000
1695308955625 0.3 144000
1695308973231 0.3 148000
1695308991013 0.3 152000
1695309008067 0.3 156000
1695309025020 0.3 160000
1695309041887 0.3 164000
1695309058958 0.3 168000
1695309076360 0.3 172000
1695309093117 0.3 176000
1695309109805 0.3 180000
1695309126112 0.3 184000
1695309143053 0.3 188000
1695309161604 0.3 192000
1695309179111 0.3 196000
1695309196868 0.3 200000
1695309214122 0.3 204000
1695309232073 0.3 208000
1695309248787 0.3 212000
1695309265886 0.3 216000
1695309283788 0.3 220000
1695309301808 0.3 224000
1695309319341 0.3 228000
1695309336439 0.3 232000
1695309353429 0.3 236000
1695309370973 0.3 240000
1695309387755 0.3 244000
1695309404556 0.3 248000
1695309420978 0.3 252000
1695309437229 0.3 256000
1695309453733 0.3 260000
1695309470997 0.3 264000
1695309487904 0.3 268000
1695309504519 0.3 272000
1695309521827 0.3 276000
1695309538399 0.3 280000
1695309554833 0.3 284000
1695309571739 0.3 288000
1695309588321 0.3 292000
1695309604933 0.3 296000
1695309621193 0.3 300000
1695309637614 0.3 304000
1695309653965 0.3 308000
1695309670425 0.3 312000
1695309686905 0.3 316000
1695309703509 0.3 320000
1695309720115 0.3 324000
1695309736766 0.3 328000
1695309753480 0.3 332000
1695309770649 0.3 336000
1695309788438 0.3 340000
1695309806288 0.3 344000
1695309823933 0.3 348000
1695309841530 0.3 352000
1695309859447 0.3 356000
1695309877045 0.3 360000
1695309895241 0.3 364000
1695309912911 0.3 368000
1695309930517 0.3 372000
1695309948105 0.3 376000
1695309965674 0.3 380000
1695309983354 0.3 384000
1695310001820 0.3 388000
1695310019154 0.3 392000
1695310037255 0.3 396000
1695310058504 0.3 400000
1695310080100 0.3 404000
1695310099837 0.3 408000
1695310120029 0.3 412000
1695310136655 0.3 416000
1695310153357 0.3 420000
1695310170855 0.3 424000
1695310189106 0.3 428000
1695310207446 0.3 432000
1695310225700 0.3 436000
1695310244122 0.3 440000
1695310262437 0.3 444000
1695310280705 0.3 448000
1695310299198 0.3 452000
1695310318042 0.3 456000
1695310336770 0.3 460000
1695310355272 0.3 464000
1695310373937 0.3 468000
1695310392688 0.3 472000
1695310411171 0.3 476000
1695310429599 0.3 480000
1695310448004 0.3 484000
1695310466445 0.3 488000
1695310485089 0.3 492000
1695310503566 0.3 496000
1695310521979 0.3 500000
1695310540690 0.3 504000
1695310559034 0.3 508000
1695310577720 0.3 512000
1695310596064 0.3 516000
1695310614663 0.3 520000
1695310633227 0.3 524000
1695310651712 0.3 528000
1695310670064 0.3 532000
1695310688421 0.3 536000
1695310706926 0.3 540000
1695310725458 0.3 544000
1695310744064 0.3 548000
1695310762465 0.3 552000
1695310780990 0.3 556000
1695310799234 0.3 560000
1695310818188 0.3 564000
1695310836126 0.3 568000
1695310852919 0.3 572000
1695310869715 0.3 576000
1695310886317 0.3 580000
1695310903021 0.3 584000
1695310919927 0.3 588000
1695310937717 0.3 592000
1695310956106 0.3 596000
1695310974825 0.3 600000
1695310993499 0.3 604000
1695311012333 0.3 608000
1695311030826 0.3 612000
1695311049165 0.3 616000
1695311068413 0.3 620000
1695311087390 0.3 624000
1695311106044 0.3 628000
1695311124478 0.3 632000
1695311143150 0.3 636000
1695311161524 0.3 640000
1695311180115 0.3 644000
1695311198600 0.3 648000
1695311217014 0.3 652000
1695311235323 0.3 656000
1695311253724 0.3 660000
1695311272647 0.3 664000
1695311293319 0.3 668000
1695311312865 0.3 672000
1695311332589 0.3 676000
1695311352112 0.3 680000
1695311371368 0.3 684000
1695311391075 0.3 688000
1695311410784 0.3 692000
1695311430521 0.3 696000
1695311449865 0.3 700000
1695311469584 0.3 704000
1695311488999 0.3 708000
1695311507756 0.3 712000
1695311525293 0.3 716000
1695311545195 0.3 720000
1695311563437 0.3 724000
1695311580662 0.3 728000
1695311597911 0.3 732000
1695311614946 0.3 736000
1695311633148 0.3 740000
1695311651510 0.3 744000
1695311670662 0.3 748000
1695311688297 0.3 752000
1695311705526 0.3 756000
1695311723939 0.3 760000
1695311742188 0.3 764000
1695311760345 0.3 768000
1695311778442 0.3 772000
1695311796506 0.3 776000
1695311814077 0.3 780000
1695311831621 0.3 784000
