1695308366393 0.0 4000
1695308381980 0.0 8000
1695308398683 0.0 12000
1695308415491 0.0 16000
1695308433118 0.0 20000
1695308450631 0.0 24000
1695308467250 0.0 28000
1695308484577 0.0 32000
1695308501530 0.0 36000
1695308517824 0.0 40000
1695308534352 0.0 44000
1695308550414 0.0 48000
1695308566558 0.0 52000
1695308582673 0.0 56000
1695308598951 0.0 60000
1695308614900 0.0 64000
1695308630961 0.0 68000
1695308646865 0.0 72000
1695308663026 0.0 76000
1695308679310 0.0 80000
1695308696654 0.0 84000
1695308714081 0.0 88000
1695308731364 0.0 92000
1695308748431 0.0 96000
1695308765545 0.0 100000
1695308782790 0.0 104000
1695308799776 0.0 108000
1695308816735 0.0 112000
1695308833810 0.0 116000
1695308850819 0.0 120000
1695308868047 0.0 124000
1695308885381 0.0 128000
1695308902932 0.0 132000
1695308920241 0.0 136000
1695308937673 0.0 140000
1695308955626 0.0 144000
1695308973232 0.0 148000
1695308991014 0.0 152000
1695309008068 0.0 156000
1695309025021 0.0 160000
1695309041888 0.0 164000
1695309058959 0.0 168000
1695309076361 0.0 172000
1695309093118 0.0 176000
1695309109807 0.0 180000
1695309126113 0.0 184000
1695309143054 0.0 188000
1695309161605 0.0 192000
1695309179112 0.0 196000
1695309196869 0.0 200000
1695309214123 0.0 204000
1695309232074 0.0 208000
1695309248788 0.0 212000
1695309265887 0.0 216000
1695309283789 0.0 220000
1695309301809 0.0 224000
1695309319342 0.0 228000
1695309336441 0.0 232000
1695309353430 0.0 236000
1695309370974 0.0 240000
1695309387756 0.0 244000
1695309404557 0.0 248000
1695309420979 0.0 252000
1695309437230 0.0 256000
1695309453734 0.0 260000
1695309470998 0.0 264000
1695309487905 0.0 268000
1695309504520 0.0 272000
1695309521828 0.0 276000
1695309538400 0.0 280000
1695309554834 0.0 284000
1695309571740 0.0 288000
1695309588322 0.0 292000
1695309604934 0.0 296000
1695309621194 0.0 300000
1695309637615 0.0 304000
1695309653966 0.0 308000
1695309670426 0.0 312000
1695309686906 0.0 316000
1695309703510 0.0 320000
1695309720116 0.0 324000
1695309736767 0.0 328000
1695309753481 0.0 332000
1695309770650 0.0 336000
1695309788439 0.0 340000
1695309806289 0.0 344000
1695309823934 0.0 348000
1695309841531 0.0 352000
1695309859448 0.0 356000
1695309877046 0.0 360000
1695309895242 0.0 364000
1695309912912 0.0 368000
1695309930518 0.0 372000
1695309948106 0.0 376000
1695309965675 0.0 380000
1695309983355 0.0 384000
1695310001821 0.0 388000
1695310019155 0.0 392000
1695310037256 0.0 396000
1695310058506 0.0 400000
1695310080102 0.0 404000
1695310099838 0.0 408000
1695310120031 0.0 412000
1695310136657 0.0 416000
1695310153358 0.0 420000
1695310170856 0.0 424000
1695310189107 0.0 428000
1695310207447 0.0 432000
1695310225701 0.0 436000
1695310244123 0.0 440000
1695310262438 0.0 444000
1695310280707 0.0 448000
1695310299199 0.0 452000
1695310318043 0.0 456000
1695310336771 0.0 460000
1695310355273 0.0 464000
1695310373938 0.0 468000
1695310392689 0.0 472000
1695310411172 0.0 476000
1695310429600 0.0 480000
1695310448005 0.0 484000
1695310466447 0.0 488000
1695310485090 0.0 492000
1695310503567 0.0 496000
1695310521981 0.0 500000
1695310540691 0.0 504000
1695310559036 0.0 508000
1695310577721 0.0 512000
1695310596065 0.0 516000
1695310614664 0.0 520000
1695310633228 0.0 524000
1695310651713 0.0 528000
1695310670066 0.0 532000
1695310688422 0.0 536000
1695310706927 0.0 540000
1695310725459 0.0 544000
1695310744065 0.0 548000
1695310762466 0.0 552000
1695310780991 0.0 556000
1695310799235 0.0 560000
1695310818189 0.0 564000
1695310836127 0.0 568000
1695310852920 0.0 572000
1695310869716 0.0 576000
1695310886318 0.0 580000
1695310903022 0.0 584000
1695310919928 0.0 588000
1695310937718 0.0 592000
1695310956107 0.0 596000
1695310974826 0.0 600000
1695310993500 0.0 604000
1695311012334 0.0 608000
1695311030827 0.0 612000
1695311049166 0.0 616000
1695311068414 0.0 620000
1695311087391 0.0 624000
1695311106045 0.0 628000
1695311124479 0.0 632000
1695311143151 0.0 636000
1695311161526 0.0 640000
1695311180116 0.0 644000
1695311198601 0.0 648000
1695311217015 0.0 652000
1695311235324 0.0 656000
1695311253725 0.0 660000
1695311272648 0.0 664000
1695311293320 0.0 668000
1695311312867 0.0 672000
1695311332590 0.0 676000
1695311352113 0.0 680000
1695311371369 0.0 684000
1695311391076 0.0 688000
1695311410785 0.0 692000
1695311430522 0.0 696000
1695311449866 0.0 700000
1695311469585 0.0 704000
1695311489000 0.0 708000
1695311507757 0.0 712000
1695311525294 0.0 716000
1695311545196 0.0 720000
1695311563438 0.0 724000
1695311580663 0.0 728000
1695311597912 0.0 732000
1695311614947 0.0 736000
1695311633149 0.0 740000
1695311651511 0.0 744000
1695311670663 0.0 748000
1695311688298 0.0 752000
1695311705527 0.0 756000
1695311723940 0.0 760000
1695311742190 0.0 764000
1695311760347 0.0 768000
1695311778443 0.0 772000
1695311796507 0.0 776000
1695311814078 0.0 780000
1695311831623 0.0 784000
