1695308366387 60.0 4000
1695308381974 60.0 8000
1695308398676 60.0 12000
1695308415485 60.0 16000
1695308433112 60.0 20000
1695308450624 60.0 24000
1695308467244 60.0 28000
1695308484571 60.0 32000
1695308501524 60.0 36000
1695308517818 60.0 40000
1695308534346 60.0 44000
1695308550408 60.0 48000
1695308566552 60.0 52000
1695308582667 60.0 56000
1695308598945 60.0 60000
1695308614895 60.0 64000
1695308630955 60.0 68000
1695308646858 60.0 72000
1695308663020 60.0 76000
1695308679304 60.0 80000
1695308696649 60.0 84000
1695308714075 60.0 88000
1695308731359 60.0 92000
1695308748424 60.0 96000
1695308765540 60.0 100000
1695308782784 60.0 104000
1695308799770 60.0 108000
1695308816729 60.0 112000
1695308833805 60.0 116000
1695308850813 60.0 120000
1695308868042 60.0 124000
1695308885375 60.0 128000
1695308902927 60.0 132000
1695308920235 60.0 136000
1695308937667 60.0 140000
1695308955620 60.0 144000
1695308973226 60.0 148000
1695308991008 60.0 152000
1695309008062 60.0 156000
1695309025015 60.0 160000
1695309041882 60.0 164000
1695309058953 60.0 168000
1695309076355 60.0 172000
1695309093113 60.0 176000
1695309109801 60.0 180000
1695309126107 60.0 184000
1695309143048 60.0 188000
1695309161599 60.0 192000
1695309179106 60.0 196000
1695309196863 60.0 200000
1695309214117 60.0 204000
1695309232069 60.0 208000
1695309248781 60.0 212000
1695309265881 60.0 216000
1695309283783 60.0 220000
1695309301802 60.0 224000
1695309319336 60.0 228000
1695309336435 60.0 232000
1695309353424 60.0 236000
1695309370968 60.0 240000
1695309387750 60.0 244000
1695309404551 60.0 248000
1695309420973 60.0 252000
1695309437224 60.0 256000
1695309453729 60.0 260000
1695309470992 60.0 264000
1695309487899 60.0 268000
1695309504514 60.0 272000
1695309521822 60.0 276000
1695309538394 60.0 280000
1695309554828 60.0 284000
1695309571735 60.0 288000
1695309588316 60.0 292000
1695309604929 60.0 296000
1695309621188 60.0 300000
1695309637609 60.0 304000
1695309653961 60.0 308000
1695309670421 60.0 312000
1695309686900 60.0 316000
1695309703504 60.0 320000
1695309720110 60.0 324000
1695309736761 60.0 328000
1695309753476 60.0 332000
1695309770644 60.0 336000
1695309788433 60.0 340000
1695309806284 60.0 344000
1695309823928 60.0 348000
1695309841525 60.0 352000
1695309859442 60.0 356000
1695309877041 60.0 360000
1695309895236 60.0 364000
1695309912906 60.0 368000
1695309930512 60.0 372000
1695309948100 60.0 376000
1695309965669 60.0 380000
1695309983350 60.0 384000
1695310001815 60.0 388000
1695310019149 60.0 392000
1695310037250 60.0 396000
1695310058499 60.0 400000
1695310080095 60.0 404000
1695310099832 60.0 408000
1695310120025 60.0 412000
1695310136651 60.0 416000
1695310153351 60.0 420000
1695310170851 60.0 424000
1695310189100 60.0 428000
1695310207441 60.0 432000
1695310225695 60.0 436000
1695310244117 60.0 440000
1695310262432 60.0 444000
1695310280699 60.0 448000
1695310299193 60.0 452000
1695310318037 60.0 456000
1695310336765 60.0 460000
1695310355267 60.0 464000
1695310373932 60.0 468000
1695310392683 60.0 472000
1695310411166 60.0 476000
1695310429594 60.0 480000
1695310447999 60.0 484000
1695310466441 60.0 488000
1695310485083 60.0 492000
1695310503561 60.0 496000
1695310521974 60.0 500000
1695310540685 60.0 504000
1695310559029 60.0 508000
1695310577715 60.0 512000
1695310596059 60.0 516000
1695310614658 60.0 520000
1695310633222 60.0 524000
1695310651707 60.0 528000
1695310670059 60.0 532000
1695310688416 60.0 536000
1695310706920 60.0 540000
1695310725453 60.0 544000
1695310744059 60.0 548000
1695310762460 60.0 552000
1695310780984 60.0 556000
1695310799229 60.0 560000
1695310818183 60.0 564000
1695310836121 60.0 568000
1695310852914 60.0 572000
1695310869710 60.0 576000
1695310886312 60.0 580000
1695310903017 60.0 584000
1695310919923 60.0 588000
1695310937712 60.0 592000
1695310956101 60.0 596000
1695310974820 60.0 600000
1695310993493 60.0 604000
1695311012328 60.0 608000
1695311030821 60.0 612000
1695311049160 60.0 616000
1695311068408 60.0 620000
1695311087385 60.0 624000
1695311106038 60.0 628000
1695311124473 60.0 632000
1695311143145 60.0 636000
1695311161519 60.0 640000
1695311180110 60.0 644000
1695311198595 60.0 648000
1695311217008 60.0 652000
1695311235318 60.0 656000
1695311253719 60.0 660000
1695311272642 60.0 664000
1695311293313 60.0 668000
1695311312861 60.0 672000
1695311332584 60.0 676000
1695311352107 60.0 680000
1695311371363 60.0 684000
1695311391070 60.0 688000
1695311410779 60.0 692000
1695311430516 60.0 696000
1695311449860 60.0 700000
1695311469579 60.0 704000
1695311488993 60.0 708000
1695311507751 60.0 712000
1695311525288 60.0 716000
1695311545191 60.0 720000
1695311563432 60.0 724000
1695311580658 60.0 728000
1695311597905 60.0 732000
1695311614941 60.0 736000
1695311633143 60.0 740000
1695311651505 60.0 744000
1695311670657 60.0 748000
1695311688293 60.0 752000
1695311705521 60.0 756000
1695311723934 60.0 760000
1695311742182 60.0 764000
1695311760341 60.0 768000
1695311778437 60.0 772000
1695311796501 60.0 776000
1695311814072 60.0 780000
1695311831617 60.0 784000
