1695308366377 0.0 4000
1695308381964 0.0 8000
1695308398666 0.0 12000
1695308415475 0.0 16000
1695308433103 0.0 20000
1695308450613 0.0 24000
1695308467233 0.0 28000
1695308484562 0.0 32000
1695308501514 0.0 36000
1695308517809 0.0 40000
1695308534336 0.0 44000
1695308550399 0.0 48000
1695308566543 0.0 52000
1695308582657 0.0 56000
1695308598936 0.0 60000
1695308614885 0.0 64000
1695308630945 0.0 68000
1695308646849 0.0 72000
1695308663010 0.0 76000
1695308679294 0.0 80000
1695308696639 0.0 84000
1695308714066 0.0 88000
1695308731349 0.0 92000
1695308748414 0.0 96000
1695308765530 0.0 100000
1695308782774 0.0 104000
1695308799759 0.0 108000
1695308816720 0.0 112000
1695308833795 0.0 116000
1695308850804 0.0 120000
1695308868033 0.0 124000
1695308885366 0.0 128000
1695308902917 0.0 132000
1695308920225 0.0 136000
1695308937657 0.0 140000
1695308955610 0.0 144000
1695308973217 0.0 148000
1695308990998 0.0 152000
1695309008053 0.0 156000
1695309025006 0.0 160000
1695309041872 0.0 164000
1695309058943 0.0 168000
1695309076346 0.0 172000
1695309093104 0.0 176000
1695309109791 0.0 180000
1695309126097 0.0 184000
1695309143039 0.0 188000
1695309161588 0.0 192000
1695309179097 0.0 196000
1695309196854 0.0 200000
1695309214107 0.0 204000
1695309232059 0.0 208000
1695309248771 0.0 212000
1695309265872 0.0 216000
1695309283772 0.0 220000
1695309301791 0.0 224000
1695309319326 0.0 228000
1695309336425 0.0 232000
1695309353414 0.0 236000
1695309370959 0.0 240000
1695309387740 0.0 244000
1695309404542 0.0 248000
1695309420963 0.0 252000
1695309437215 0.0 256000
1695309453719 0.0 260000
1695309470982 0.0 264000
1695309487889 0.0 268000
1695309504505 0.0 272000
1695309521812 0.0 276000
1695309538383 0.0 280000
1695309554818 0.0 284000
1695309571725 0.0 288000
1695309588305 0.0 292000
1695309604919 0.0 296000
1695309621178 0.0 300000
1695309637600 0.0 304000
1695309653950 0.0 308000
1695309670411 0.0 312000
1695309686891 0.0 316000
1695309703494 0.0 320000
1695309720101 0.0 324000
1695309736751 0.0 328000
1695309753466 0.0 332000
1695309770635 0.0 336000
1695309788424 0.0 340000
1695309806274 0.0 344000
1695309823918 0.0 348000
1695309841515 0.0 352000
1695309859433 0.0 356000
1695309877031 0.0 360000
1695309895226 0.0 364000
1695309912897 0.0 368000
1695309930502 0.0 372000
1695309948090 0.0 376000
1695309965659 0.0 380000
1695309983340 0.0 384000
1695310001805 0.0 388000
1695310019140 0.0 392000
1695310037241 0.0 396000
1695310058487 0.0 400000
1695310080084 0.0 404000
1695310099822 0.0 408000
1695310120014 0.0 412000
1695310136641 0.0 416000
1695310153342 0.0 420000
1695310170841 0.0 424000
1695310189090 0.0 428000
1695310207432 0.0 432000
1695310225684 0.0 436000
1695310244107 0.0 440000
1695310262421 0.0 444000
1695310280688 0.0 448000
1695310299182 0.0 452000
1695310318027 0.0 456000
1695310336756 0.0 460000
1695310355258 0.0 464000
1695310373923 0.0 468000
1695310392673 0.0 472000
1695310411157 0.0 476000
1695310429585 0.0 480000
1695310447989 0.0 484000
1695310466431 0.0 488000
1695310485071 0.0 492000
1695310503552 0.0 496000
1695310521964 0.0 500000
1695310540675 0.0 504000
1695310559018 0.0 508000
1695310577706 0.0 512000
1695310596049 0.0 516000
1695310614649 0.0 520000
1695310633211 0.0 524000
1695310651697 0.0 528000
1695310670050 0.0 532000
1695310688406 0.0 536000
1695310706909 0.0 540000
1695310725443 0.0 544000
1695310744048 0.0 548000
1695310762445 0.0 552000
1695310780974 0.0 556000
1695310799220 0.0 560000
1695310818173 0.0 564000
1695310836111 0.0 568000
1695310852905 0.0 572000
1695310869700 0.0 576000
1695310886302 0.0 580000
1695310903007 0.0 584000
1695310919913 0.0 588000
1695310937702 0.0 592000
1695310956090 0.0 596000
1695310974811 0.0 600000
1695310993482 0.0 604000
1695311012318 0.0 608000
1695311030811 0.0 612000
1695311049150 0.0 616000
1695311068398 0.0 620000
1695311087375 0.0 624000
1695311106028 0.0 628000
1695311124463 0.0 632000
1695311143135 0.0 636000
1695311161509 0.0 640000
1695311180099 0.0 644000
1695311198586 0.0 648000
1695311216998 0.0 652000
1695311235308 0.0 656000
1695311253708 0.0 660000
1695311272632 0.0 664000
1695311293302 0.0 668000
1695311312851 0.0 672000
1695311332574 0.0 676000
1695311352098 0.0 680000
1695311371352 0.0 684000
1695311391060 0.0 688000
1695311410769 0.0 692000
1695311430506 0.0 696000
1695311449849 0.0 700000
1695311469569 0.0 704000
1695311488984 0.0 708000
1695311507741 0.0 712000
1695311525278 0.0 716000
1695311545181 0.0 720000
1695311563422 0.0 724000
1695311580648 0.0 728000
1695311597895 0.0 732000
1695311614932 0.0 736000
1695311633133 0.0 740000
1695311651495 0.0 744000
1695311670648 0.0 748000
1695311688283 0.0 752000
1695311705511 0.0 756000
1695311723924 0.0 760000
1695311742171 0.0 764000
1695311760331 0.0 768000
1695311778427 0.0 772000
1695311796491 0.0 776000
1695311814063 0.0 780000
1695311831607 0.0 784000
