1695308366377 20.0 4000
1695308381963 20.0 8000
1695308398665 20.0 12000
1695308415474 20.0 16000
1695308433102 20.0 20000
1695308450612 20.0 24000
1695308467232 20.0 28000
1695308484561 20.0 32000
1695308501513 20.0 36000
1695308517808 20.0 40000
1695308534336 20.0 44000
1695308550398 20.0 48000
1695308566542 20.0 52000
1695308582657 20.0 56000
1695308598935 20.0 60000
1695308614885 20.0 64000
1695308630945 20.0 68000
1695308646848 20.0 72000
1695308663009 20.0 76000
1695308679293 20.0 80000
1695308696638 20.0 84000
1695308714065 20.0 88000
1695308731348 20.0 92000
1695308748413 20.0 96000
1695308765529 20.0 100000
1695308782774 20.0 104000
1695308799758 20.0 108000
1695308816719 20.0 112000
1695308833794 20.0 116000
1695308850803 20.0 120000
1695308868032 20.0 124000
1695308885365 20.0 128000
1695308902916 20.0 132000
1695308920225 20.0 136000
1695308937656 20.0 140000
1695308955609 20.0 144000
1695308973216 20.0 148000
1695308990997 20.0 152000
1695309008052 20.0 156000
1695309025005 20.0 160000
1695309041871 20.0 164000
1695309058942 20.0 168000
1695309076345 20.0 172000
1695309093103 20.0 176000
1695309109790 20.0 180000
1695309126097 20.0 184000
1695309143038 20.0 188000
1695309161587 20.0 192000
1695309179096 20.0 196000
1695309196853 20.0 200000
1695309214106 20.0 204000
1695309232058 20.0 208000
1695309248770 20.0 212000
1695309265871 20.0 216000
1695309283771 20.0 220000
1695309301790 20.0 224000
1695309319325 20.0 228000
1695309336424 20.0 232000
1695309353413 20.0 236000
1695309370958 20.0 240000
1695309387739 20.0 244000
1695309404541 20.0 248000
1695309420962 20.0 252000
1695309437214 20.0 256000
1695309453718 20.0 260000
1695309470981 20.0 264000
1695309487888 20.0 268000
1695309504504 20.0 272000
1695309521811 20.0 276000
1695309538382 20.0 280000
1695309554817 20.0 284000
1695309571724 20.0 288000
1695309588304 20.0 292000
1695309604918 20.0 296000
1695309621177 20.0 300000
1695309637599 20.0 304000
1695309653950 20.0 308000
1695309670410 20.0 312000
1695309686890 20.0 316000
1695309703493 20.0 320000
1695309720100 20.0 324000
1695309736750 20.0 328000
1695309753465 20.0 332000
1695309770634 20.0 336000
1695309788423 20.0 340000
1695309806273 20.0 344000
1695309823917 20.0 348000
1695309841515 20.0 352000
1695309859432 20.0 356000
1695309877030 20.0 360000
1695309895225 20.0 364000
1695309912896 20.0 368000
1695309930501 20.0 372000
1695309948089 20.0 376000
1695309965658 20.0 380000
1695309983340 20.0 384000
1695310001804 20.0 388000
1695310019139 20.0 392000
1695310037240 20.0 396000
1695310058486 20.0 400000
1695310080083 20.0 404000
1695310099821 20.0 408000
1695310120014 20.0 412000
1695310136641 20.0 416000
1695310153341 20.0 420000
1695310170840 20.0 424000
1695310189089 20.0 428000
1695310207431 20.0 432000
1695310225683 20.0 436000
1695310244106 20.0 440000
1695310262421 20.0 444000
1695310280687 20.0 448000
1695310299181 20.0 452000
1695310318026 20.0 456000
1695310336755 20.0 460000
1695310355257 20.0 464000
1695310373922 20.0 468000
1695310392672 20.0 472000
1695310411156 20.0 476000
1695310429584 20.0 480000
1695310447988 20.0 484000
1695310466430 20.0 488000
1695310485070 20.0 492000
1695310503551 20.0 496000
1695310521963 20.0 500000
1695310540675 20.0 504000
1695310559018 20.0 508000
1695310577705 20.0 512000
1695310596048 20.0 516000
1695310614648 20.0 520000
1695310633210 20.0 524000
1695310651696 20.0 528000
1695310670049 20.0 532000
1695310688405 20.0 536000
1695310706908 20.0 540000
1695310725442 20.0 544000
1695310744047 20.0 548000
1695310762443 20.0 552000
1695310780973 20.0 556000
1695310799219 20.0 560000
1695310818172 20.0 564000
1695310836111 20.0 568000
1695310852904 20.0 572000
1695310869699 20.0 576000
1695310886301 20.0 580000
1695310903007 20.0 584000
1695310919912 20.0 588000
1695310937702 20.0 592000
1695310956090 20.0 596000
1695310974810 20.0 600000
1695310993482 20.0 604000
1695311012317 20.0 608000
1695311030810 20.0 612000
1695311049149 20.0 616000
1695311068397 20.0 620000
1695311087374 20.0 624000
1695311106027 20.0 628000
1695311124462 20.0 632000
1695311143134 20.0 636000
1695311161508 20.0 640000
1695311180098 20.0 644000
1695311198585 20.0 648000
1695311216997 20.0 652000
1695311235307 20.0 656000
1695311253707 20.0 660000
1695311272631 20.0 664000
1695311293302 20.0 668000
1695311312850 20.0 672000
1695311332573 20.0 676000
1695311352097 20.0 680000
1695311371351 20.0 684000
1695311391059 20.0 688000
1695311410768 20.0 692000
1695311430505 20.0 696000
1695311449848 20.0 700000
1695311469568 20.0 704000
1695311488983 20.0 708000
1695311507740 20.0 712000
1695311525277 20.0 716000
1695311545180 20.0 720000
1695311563421 20.0 724000
1695311580647 20.0 728000
1695311597894 20.0 732000
1695311614931 20.0 736000
1695311633132 20.0 740000
1695311651494 20.0 744000
1695311670647 20.0 748000
1695311688282 20.0 752000
1695311705511 20.0 756000
1695311723923 20.0 760000
1695311742170 20.0 764000
1695311760330 20.0 768000
1695311778427 20.0 772000
1695311796490 20.0 776000
1695311814062 20.0 780000
1695311831606 20.0 784000
