1695308366380 0.0 4000
1695308381966 0.0 8000
1695308398668 0.0 12000
1695308415477 0.0 16000
1695308433105 0.0 20000
1695308450616 0.0 24000
1695308467236 0.0 28000
1695308484564 0.0 32000
1695308501517 0.0 36000
1695308517811 0.0 40000
1695308534339 0.0 44000
1695308550401 0.0 48000
1695308566545 0.0 52000
1695308582660 0.0 56000
1695308598938 0.0 60000
1695308614888 0.0 64000
1695308630948 0.0 68000
1695308646851 0.0 72000
1695308663012 0.0 76000
1695308679297 0.0 80000
1695308696642 0.0 84000
1695308714068 0.0 88000
1695308731352 0.0 92000
1695308748416 0.0 96000
1695308765532 0.0 100000
1695308782777 0.0 104000
1695308799762 0.0 108000
1695308816722 0.0 112000
1695308833797 0.0 116000
1695308850806 0.0 120000
1695308868035 0.0 124000
1695308885368 0.0 128000
1695308902919 0.0 132000
1695308920228 0.0 136000
1695308937660 0.0 140000
1695308955612 0.0 144000
1695308973219 0.0 148000
1695308991000 0.0 152000
1695309008055 0.0 156000
1695309025008 0.0 160000
1695309041874 0.0 164000
1695309058945 0.0 168000
1695309076348 0.0 172000
1695309093106 0.0 176000
1695309109793 0.0 180000
1695309126100 0.0 184000
1695309143041 0.0 188000
1695309161591 0.0 192000
1695309179099 0.0 196000
1695309196856 0.0 200000
1695309214109 0.0 204000
1695309232061 0.0 208000
1695309248773 0.0 212000
1695309265874 0.0 216000
1695309283774 0.0 220000
1695309301793 0.0 224000
1695309319329 0.0 228000
1695309336427 0.0 232000
1695309353416 0.0 236000
1695309370961 0.0 240000
1695309387742 0.0 244000
1695309404544 0.0 248000
1695309420965 0.0 252000
1695309437217 0.0 256000
1695309453721 0.0 260000
1695309470984 0.0 264000
1695309487891 0.0 268000
1695309504507 0.0 272000
1695309521814 0.0 276000
1695309538387 0.0 280000
1695309554821 0.0 284000
1695309571727 0.0 288000
1695309588308 0.0 292000
1695309604921 0.0 296000
1695309621180 0.0 300000
1695309637602 0.0 304000
1695309653953 0.0 308000
1695309670413 0.0 312000
1695309686893 0.0 316000
1695309703496 0.0 320000
1695309720103 0.0 324000
1695309736753 0.0 328000
1695309753468 0.0 332000
1695309770637 0.0 336000
1695309788426 0.0 340000
1695309806276 0.0 344000
1695309823920 0.0 348000
1695309841518 0.0 352000
1695309859435 0.0 356000
1695309877033 0.0 360000
1695309895228 0.0 364000
1695309912899 0.0 368000
1695309930504 0.0 372000
1695309948092 0.0 376000
1695309965662 0.0 380000
1695309983343 0.0 384000
1695310001807 0.0 388000
1695310019142 0.0 392000
1695310037243 0.0 396000
1695310058490 0.0 400000
1695310080086 0.0 404000
1695310099824 0.0 408000
1695310120017 0.0 412000
1695310136643 0.0 416000
1695310153344 0.0 420000
1695310170843 0.0 424000
1695310189093 0.0 428000
1695310207434 0.0 432000
1695310225687 0.0 436000
1695310244109 0.0 440000
1695310262424 0.0 444000
1695310280691 0.0 448000
1695310299185 0.0 452000
1695310318030 0.0 456000
1695310336758 0.0 460000
1695310355260 0.0 464000
1695310373925 0.0 468000
1695310392675 0.0 472000
1695310411159 0.0 476000
1695310429587 0.0 480000
1695310447991 0.0 484000
1695310466433 0.0 488000
1695310485074 0.0 492000
1695310503554 0.0 496000
1695310521966 0.0 500000
1695310540678 0.0 504000
1695310559021 0.0 508000
1695310577708 0.0 512000
1695310596051 0.0 516000
1695310614651 0.0 520000
1695310633214 0.0 524000
1695310651699 0.0 528000
1695310670052 0.0 532000
1695310688408 0.0 536000
1695310706912 0.0 540000
1695310725445 0.0 544000
1695310744050 0.0 548000
1695310762449 0.0 552000
1695310780976 0.0 556000
1695310799222 0.0 560000
1695310818175 0.0 564000
1695310836114 0.0 568000
1695310852907 0.0 572000
1695310869703 0.0 576000
1695310886304 0.0 580000
1695310903009 0.0 584000
1695310919915 0.0 588000
1695310937705 0.0 592000
1695310956093 0.0 596000
1695310974813 0.0 600000
1695310993485 0.0 604000
1695311012320 0.0 608000
1695311030813 0.0 612000
1695311049153 0.0 616000
1695311068401 0.0 620000
1695311087377 0.0 624000
1695311106031 0.0 628000
1695311124465 0.0 632000
1695311143138 0.0 636000
1695311161512 0.0 640000
1695311180102 0.0 644000
1695311198588 0.0 648000
1695311217001 0.0 652000
1695311235311 0.0 656000
1695311253711 0.0 660000
1695311272634 0.0 664000
1695311293305 0.0 668000
1695311312853 0.0 672000
1695311332576 0.0 676000
1695311352100 0.0 680000
1695311371355 0.0 684000
1695311391062 0.0 688000
1695311410771 0.0 692000
1695311430508 0.0 696000
1695311449852 0.0 700000
1695311469571 0.0 704000
1695311488986 0.0 708000
1695311507743 0.0 712000
1695311525281 0.0 716000
1695311545183 0.0 720000
1695311563424 0.0 724000
1695311580650 0.0 728000
1695311597897 0.0 732000
1695311614934 0.0 736000
1695311633136 0.0 740000
1695311651498 0.0 744000
1695311670650 0.0 748000
1695311688285 0.0 752000
1695311705514 0.0 756000
1695311723927 0.0 760000
1695311742173 0.0 764000
1695311760333 0.0 768000
1695311778430 0.0 772000
1695311796494 0.0 776000
1695311814065 0.0 780000
1695311831609 0.0 784000
