1695308366392 0.001 4000
1695308381978 0.001 8000
1695308398681 0.001 12000
1695308415490 0.001 16000
1695308433117 0.001 20000
1695308450629 0.001 24000
1695308467248 0.001 28000
1695308484576 0.001 32000
1695308501529 0.001 36000
1695308517823 0.001 40000
1695308534351 0.001 44000
1695308550413 0.001 48000
1695308566557 0.001 52000
1695308582671 0.001 56000
1695308598950 0.001 60000
1695308614899 0.001 64000
1695308630959 0.001 68000
1695308646863 0.001 72000
1695308663024 0.001 76000
1695308679309 0.001 80000
1695308696653 0.001 84000
1695308714080 0.001 88000
1695308731363 0.001 92000
1695308748430 0.001 96000
1695308765544 0.001 100000
1695308782788 0.001 104000
1695308799774 0.001 108000
1695308816734 0.001 112000
1695308833809 0.001 116000
1695308850818 0.001 120000
1695308868046 0.001 124000
1695308885380 0.001 128000
1695308902931 0.001 132000
1695308920240 0.001 136000
1695308937672 0.001 140000
1695308955624 0.001 144000
1695308973231 0.001 148000
1695308991013 0.001 152000
1695309008067 0.001 156000
1695309025020 0.001 160000
1695309041886 0.001 164000
1695309058958 0.001 168000
1695309076359 0.001 172000
1695309093117 0.001 176000
1695309109805 0.001 180000
1695309126112 0.001 184000
1695309143053 0.001 188000
1695309161604 0.001 192000
1695309179111 0.001 196000
1695309196868 0.001 200000
1695309214121 0.001 204000
1695309232073 0.001 208000
1695309248786 0.001 212000
1695309265886 0.001 216000
1695309283787 0.001 220000
1695309301808 0.001 224000
1695309319341 0.001 228000
1695309336439 0.001 232000
1695309353428 0.001 236000
1695309370973 0.001 240000
1695309387754 0.001 244000
1695309404556 0.001 248000
1695309420977 0.001 252000
1695309437229 0.001 256000
1695309453733 0.001 260000
1695309470996 0.001 264000
1695309487904 0.001 268000
1695309504519 0.001 272000
1695309521826 0.001 276000
1695309538399 0.001 280000
1695309554833 0.001 284000
1695309571739 0.001 288000
1695309588321 0.001 292000
1695309604933 0.001 296000
1695309621192 0.001 300000
1695309637614 0.001 304000
1695309653965 0.001 308000
1695309670425 0.001 312000
1695309686905 0.001 316000
1695309703509 0.001 320000
1695309720115 0.001 324000
1695309736765 0.001 328000
1695309753480 0.001 332000
1695309770649 0.001 336000
1695309788438 0.001 340000
1695309806288 0.001 344000
1695309823932 0.001 348000
1695309841530 0.001 352000
1695309859447 0.001 356000
1695309877045 0.001 360000
1695309895241 0.001 364000
1695309912911 0.001 368000
1695309930516 0.001 372000
1695309948104 0.001 376000
1695309965674 0.001 380000
1695309983354 0.001 384000
1695310001819 0.001 388000
1695310019154 0.001 392000
1695310037255 0.001 396000
1695310058504 0.001 400000
1695310080100 0.001 404000
1695310099837 0.001 408000
1695310120029 0.001 412000
1695310136655 0.001 416000
1695310153356 0.001 420000
1695310170855 0.001 424000
1695310189106 0.001 428000
1695310207446 0.001 432000
1695310225700 0.001 436000
1695310244121 0.001 440000
1695310262437 0.001 444000
1695310280705 0.001 448000
1695310299198 0.001 452000
1695310318042 0.001 456000
1695310336770 0.001 460000
1695310355272 0.001 464000
1695310373937 0.001 468000
1695310392688 0.001 472000
1695310411171 0.001 476000
1695310429599 0.001 480000
1695310448004 0.001 484000
1695310466445 0.001 488000
1695310485088 0.001 492000
1695310503566 0.001 496000
1695310521979 0.001 500000
1695310540690 0.001 504000
1695310559034 0.001 508000
1695310577720 0.001 512000
1695310596064 0.001 516000
1695310614663 0.001 520000
1695310633227 0.001 524000
1695310651712 0.001 528000
1695310670064 0.001 532000
1695310688421 0.001 536000
1695310706925 0.001 540000
1695310725457 0.001 544000
1695310744064 0.001 548000
1695310762465 0.001 552000
1695310780989 0.001 556000
1695310799234 0.001 560000
1695310818187 0.001 564000
1695310836126 0.001 568000
1695310852919 0.001 572000
1695310869715 0.001 576000
1695310886317 0.001 580000
1695310903021 0.001 584000
1695310919927 0.001 588000
1695310937717 0.001 592000
1695310956106 0.001 596000
1695310974825 0.001 600000
1695310993499 0.001 604000
1695311012333 0.001 608000
1695311030826 0.001 612000
1695311049165 0.001 616000
1695311068413 0.001 620000
1695311087390 0.001 624000
1695311106044 0.001 628000
1695311124478 0.001 632000
1695311143150 0.001 636000
1695311161524 0.001 640000
1695311180115 0.001 644000
1695311198600 0.001 648000
1695311217013 0.001 652000
1695311235322 0.001 656000
1695311253724 0.001 660000
1695311272647 0.001 664000
1695311293318 0.001 668000
1695311312865 0.001 672000
1695311332588 0.001 676000
1695311352112 0.001 680000
1695311371368 0.001 684000
1695311391075 0.001 688000
1695311410784 0.001 692000
1695311430521 0.001 696000
1695311449864 0.001 700000
1695311469584 0.001 704000
1695311488998 0.001 708000
1695311507755 0.001 712000
1695311525293 0.001 716000
1695311545195 0.001 720000
1695311563436 0.001 724000
1695311580662 0.001 728000
1695311597911 0.001 732000
1695311614946 0.001 736000
1695311633148 0.001 740000
1695311651509 0.001 744000
1695311670662 0.001 748000
1695311688297 0.001 752000
1695311705526 0.001 756000
1695311723939 0.001 760000
1695311742188 0.001 764000
1695311760345 0.001 768000
1695311778442 0.001 772000
1695311796506 0.001 776000
1695311814077 0.001 780000
1695311831621 0.001 784000
