1695308366381 1.0 4000
1695308381967 1.0 8000
1695308398670 1.0 12000
1695308415478 1.0 16000
1695308433106 1.0 20000
1695308450617 1.0 24000
1695308467237 1.0 28000
1695308484565 1.0 32000
1695308501518 1.0 36000
1695308517812 1.0 40000
1695308534340 1.0 44000
1695308550402 1.0 48000
1695308566546 1.0 52000
1695308582661 1.0 56000
1695308598939 1.0 60000
1695308614889 1.0 64000
1695308630949 1.0 68000
1695308646852 1.0 72000
1695308663014 1.0 76000
1695308679298 1.0 80000
1695308696643 1.0 84000
1695308714069 1.0 88000
1695308731353 1.0 92000
1695308748418 1.0 96000
1695308765533 1.0 100000
1695308782778 1.0 104000
1695308799763 1.0 108000
1695308816723 1.0 112000
1695308833799 1.0 116000
1695308850807 1.0 120000
1695308868036 1.0 124000
1695308885369 1.0 128000
1695308902920 1.0 132000
1695308920229 1.0 136000
1695308937661 1.0 140000
1695308955613 1.0 144000
1695308973220 1.0 148000
1695308991002 1.0 152000
1695309008056 1.0 156000
1695309025009 1.0 160000
1695309041875 1.0 164000
1695309058947 1.0 168000
1695309076349 1.0 172000
1695309093107 1.0 176000
1695309109795 1.0 180000
1695309126101 1.0 184000
1695309143042 1.0 188000
1695309161592 1.0 192000
1695309179100 1.0 196000
1695309196857 1.0 200000
1695309214111 1.0 204000
1695309232062 1.0 208000
1695309248775 1.0 212000
1695309265876 1.0 216000
1695309283776 1.0 220000
1695309301795 1.0 224000
1695309319330 1.0 228000
1695309336429 1.0 232000
1695309353417 1.0 236000
1695309370962 1.0 240000
1695309387743 1.0 244000
1695309404545 1.0 248000
1695309420967 1.0 252000
1695309437218 1.0 256000
1695309453723 1.0 260000
1695309470985 1.0 264000
1695309487893 1.0 268000
1695309504509 1.0 272000
1695309521816 1.0 276000
1695309538388 1.0 280000
1695309554822 1.0 284000
1695309571729 1.0 288000
1695309588309 1.0 292000
1695309604923 1.0 296000
1695309621181 1.0 300000
1695309637603 1.0 304000
1695309653954 1.0 308000
1695309670415 1.0 312000
1695309686895 1.0 316000
1695309703498 1.0 320000
1695309720104 1.0 324000
1695309736755 1.0 328000
1695309753470 1.0 332000
1695309770638 1.0 336000
1695309788427 1.0 340000
1695309806278 1.0 344000
1695309823922 1.0 348000
1695309841519 1.0 352000
1695309859437 1.0 356000
1695309877034 1.0 360000
1695309895230 1.0 364000
1695309912900 1.0 368000
1695309930506 1.0 372000
1695309948094 1.0 376000
1695309965663 1.0 380000
1695309983344 1.0 384000
1695310001809 1.0 388000
1695310019143 1.0 392000
1695310037244 1.0 396000
1695310058491 1.0 400000
1695310080088 1.0 404000
1695310099825 1.0 408000
1695310120018 1.0 412000
1695310136645 1.0 416000
1695310153345 1.0 420000
1695310170845 1.0 424000
1695310189094 1.0 428000
1695310207435 1.0 432000
1695310225688 1.0 436000
1695310244111 1.0 440000
1695310262425 1.0 444000
1695310280692 1.0 448000
1695310299186 1.0 452000
1695310318031 1.0 456000
1695310336759 1.0 460000
1695310355261 1.0 464000
1695310373926 1.0 468000
1695310392676 1.0 472000
1695310411160 1.0 476000
1695310429588 1.0 480000
1695310447993 1.0 484000
1695310466434 1.0 488000
1695310485075 1.0 492000
1695310503555 1.0 496000
1695310521968 1.0 500000
1695310540679 1.0 504000
1695310559022 1.0 508000
1695310577709 1.0 512000
1695310596053 1.0 516000
1695310614652 1.0 520000
1695310633215 1.0 524000
1695310651701 1.0 528000
1695310670053 1.0 532000
1695310688409 1.0 536000
1695310706913 1.0 540000
1695310725447 1.0 544000
1695310744052 1.0 548000
1695310762451 1.0 552000
1695310780978 1.0 556000
1695310799223 1.0 560000
1695310818177 1.0 564000
1695310836115 1.0 568000
1695310852908 1.0 572000
1695310869704 1.0 576000
1695310886306 1.0 580000
1695310903011 1.0 584000
1695310919917 1.0 588000
1695310937706 1.0 592000
1695310956094 1.0 596000
1695310974814 1.0 600000
1695310993487 1.0 604000
1695311012321 1.0 608000
1695311030814 1.0 612000
1695311049154 1.0 616000
1695311068402 1.0 620000
1695311087379 1.0 624000
1695311106032 1.0 628000
1695311124467 1.0 632000
1695311143139 1.0 636000
1695311161513 1.0 640000
1695311180103 1.0 644000
1695311198589 1.0 648000
1695311217002 1.0 652000
1695311235312 1.0 656000
1695311253712 1.0 660000
1695311272636 1.0 664000
1695311293306 1.0 668000
1695311312854 1.0 672000
1695311332578 1.0 676000
1695311352101 1.0 680000
1695311371356 1.0 684000
1695311391064 1.0 688000
1695311410773 1.0 692000
1695311430510 1.0 696000
1695311449853 1.0 700000
1695311469573 1.0 704000
1695311488987 1.0 708000
1695311507744 1.0 712000
1695311525282 1.0 716000
1695311545184 1.0 720000
1695311563425 1.0 724000
1695311580651 1.0 728000
1695311597899 1.0 732000
1695311614935 1.0 736000
1695311633137 1.0 740000
1695311651499 1.0 744000
1695311670651 1.0 748000
1695311688287 1.0 752000
1695311705515 1.0 756000
1695311723928 1.0 760000
1695311742175 1.0 764000
1695311760334 1.0 768000
1695311778431 1.0 772000
1695311796495 1.0 776000
1695311814066 1.0 780000
1695311831611 1.0 784000
