1695308366386 0.0 4000
1695308381972 0.0 8000
1695308398675 0.0 12000
1695308415484 0.0 16000
1695308433111 0.0 20000
1695308450623 0.0 24000
1695308467242 0.0 28000
1695308484570 0.0 32000
1695308501523 0.0 36000
1695308517817 0.0 40000
1695308534345 0.0 44000
1695308550407 0.0 48000
1695308566551 0.0 52000
1695308582666 0.0 56000
1695308598944 0.0 60000
1695308614894 0.0 64000
1695308630954 0.0 68000
1695308646857 0.0 72000
1695308663019 0.0 76000
1695308679303 0.0 80000
1695308696648 0.0 84000
1695308714074 0.0 88000
1695308731358 0.0 92000
1695308748423 0.0 96000
1695308765538 0.0 100000
1695308782783 0.0 104000
1695308799769 0.0 108000
1695308816728 0.0 112000
1695308833804 0.0 116000
1695308850812 0.0 120000
1695308868041 0.0 124000
1695308885374 0.0 128000
1695308902926 0.0 132000
1695308920234 0.0 136000
1695308937666 0.0 140000
1695308955619 0.0 144000
1695308973225 0.0 148000
1695308991007 0.0 152000
1695309008061 0.0 156000
1695309025014 0.0 160000
1695309041881 0.0 164000
1695309058952 0.0 168000
1695309076354 0.0 172000
1695309093112 0.0 176000
1695309109800 0.0 180000
1695309126106 0.0 184000
1695309143047 0.0 188000
1695309161598 0.0 192000
1695309179105 0.0 196000
1695309196862 0.0 200000
1695309214116 0.0 204000
1695309232067 0.0 208000
1695309248780 0.0 212000
1695309265880 0.0 216000
1695309283781 0.0 220000
1695309301801 0.0 224000
1695309319335 0.0 228000
1695309336434 0.0 232000
1695309353423 0.0 236000
1695309370967 0.0 240000
1695309387749 0.0 244000
1695309404550 0.0 248000
1695309420972 0.0 252000
1695309437223 0.0 256000
1695309453728 0.0 260000
1695309470991 0.0 264000
1695309487898 0.0 268000
1695309504513 0.0 272000
1695309521821 0.0 276000
1695309538393 0.0 280000
1695309554827 0.0 284000
1695309571734 0.0 288000
1695309588315 0.0 292000
1695309604928 0.0 296000
1695309621187 0.0 300000
1695309637608 0.0 304000
1695309653960 0.0 308000
1695309670420 0.0 312000
1695309686899 0.0 316000
1695309703503 0.0 320000
1695309720109 0.0 324000
1695309736760 0.0 328000
1695309753475 0.0 332000
1695309770643 0.0 336000
1695309788432 0.0 340000
1695309806283 0.0 344000
1695309823927 0.0 348000
1695309841524 0.0 352000
1695309859441 0.0 356000
1695309877040 0.0 360000
1695309895235 0.0 364000
1695309912905 0.0 368000
1695309930511 0.0 372000
1695309948099 0.0 376000
1695309965668 0.0 380000
1695309983349 0.0 384000
1695310001813 0.0 388000
1695310019148 0.0 392000
1695310037249 0.0 396000
1695310058497 0.0 400000
1695310080093 0.0 404000
1695310099831 0.0 408000
1695310120023 0.0 412000
1695310136650 0.0 416000
1695310153350 0.0 420000
1695310170850 0.0 424000
1695310189099 0.0 428000
1695310207440 0.0 432000
1695310225693 0.0 436000
1695310244116 0.0 440000
1695310262431 0.0 444000
1695310280698 0.0 448000
1695310299192 0.0 452000
1695310318036 0.0 456000
1695310336764 0.0 460000
1695310355266 0.0 464000
1695310373931 0.0 468000
1695310392682 0.0 472000
1695310411165 0.0 476000
1695310429593 0.0 480000
1695310447998 0.0 484000
1695310466440 0.0 488000
1695310485082 0.0 492000
1695310503560 0.0 496000
1695310521973 0.0 500000
1695310540684 0.0 504000
1695310559028 0.0 508000
1695310577714 0.0 512000
1695310596058 0.0 516000
1695310614657 0.0 520000
1695310633221 0.0 524000
1695310651706 0.0 528000
1695310670058 0.0 532000
1695310688414 0.0 536000
1695310706919 0.0 540000
1695310725452 0.0 544000
1695310744057 0.0 548000
1695310762459 0.0 552000
1695310780983 0.0 556000
1695310799228 0.0 560000
1695310818182 0.0 564000
1695310836120 0.0 568000
1695310852913 0.0 572000
1695310869709 0.0 576000
1695310886311 0.0 580000
1695310903016 0.0 584000
1695310919922 0.0 588000
1695310937711 0.0 592000
1695310956100 0.0 596000
1695310974819 0.0 600000
1695310993492 0.0 604000
1695311012326 0.0 608000
1695311030820 0.0 612000
1695311049159 0.0 616000
1695311068407 0.0 620000
1695311087384 0.0 624000
1695311106037 0.0 628000
1695311124472 0.0 632000
1695311143144 0.0 636000
1695311161518 0.0 640000
1695311180108 0.0 644000
1695311198594 0.0 648000
1695311217007 0.0 652000
1695311235317 0.0 656000
1695311253717 0.0 660000
1695311272641 0.0 664000
1695311293312 0.0 668000
1695311312860 0.0 672000
1695311332583 0.0 676000
1695311352106 0.0 680000
1695311371362 0.0 684000
1695311391069 0.0 688000
1695311410778 0.0 692000
1695311430515 0.0 696000
1695311449858 0.0 700000
1695311469578 0.0 704000
1695311488992 0.0 708000
1695311507750 0.0 712000
1695311525287 0.0 716000
1695311545190 0.0 720000
1695311563431 0.0 724000
1695311580656 0.0 728000
1695311597904 0.0 732000
1695311614940 0.0 736000
1695311633142 0.0 740000
1695311651504 0.0 744000
1695311670656 0.0 748000
1695311688292 0.0 752000
1695311705520 0.0 756000
1695311723933 0.0 760000
1695311742180 0.0 764000
1695311760340 0.0 768000
1695311778436 0.0 772000
1695311796500 0.0 776000
1695311814071 0.0 780000
1695311831616 0.0 784000
