1695308366385 0.0 4000
1695308381971 0.0 8000
1695308398673 0.0 12000
1695308415482 0.0 16000
1695308433110 0.0 20000
1695308450621 0.0 24000
1695308467241 0.0 28000
1695308484568 0.0 32000
1695308501521 0.0 36000
1695308517816 0.0 40000
1695308534343 0.0 44000
1695308550406 0.0 48000
1695308566549 0.0 52000
1695308582664 0.0 56000
1695308598942 0.0 60000
1695308614892 0.0 64000
1695308630952 0.0 68000
1695308646855 0.0 72000
1695308663017 0.0 76000
1695308679301 0.0 80000
1695308696646 0.0 84000
1695308714072 0.0 88000
1695308731356 0.0 92000
1695308748421 0.0 96000
1695308765537 0.0 100000
1695308782781 0.0 104000
1695308799767 0.0 108000
1695308816726 0.0 112000
1695308833802 0.0 116000
1695308850810 0.0 120000
1695308868039 0.0 124000
1695308885373 0.0 128000
1695308902924 0.0 132000
1695308920232 0.0 136000
1695308937665 0.0 140000
1695308955617 0.0 144000
1695308973224 0.0 148000
1695308991005 0.0 152000
1695309008060 0.0 156000
1695309025013 0.0 160000
1695309041879 0.0 164000
1695309058950 0.0 168000
1695309076352 0.0 172000
1695309093110 0.0 176000
1695309109798 0.0 180000
1695309126104 0.0 184000
1695309143045 0.0 188000
1695309161596 0.0 192000
1695309179104 0.0 196000
1695309196861 0.0 200000
1695309214114 0.0 204000
1695309232066 0.0 208000
1695309248778 0.0 212000
1695309265879 0.0 216000
1695309283780 0.0 220000
1695309301799 0.0 224000
1695309319333 0.0 228000
1695309336432 0.0 232000
1695309353421 0.0 236000
1695309370966 0.0 240000
1695309387747 0.0 244000
1695309404549 0.0 248000
1695309420970 0.0 252000
1695309437221 0.0 256000
1695309453726 0.0 260000
1695309470989 0.0 264000
1695309487896 0.0 268000
1695309504512 0.0 272000
1695309521819 0.0 276000
1695309538391 0.0 280000
1695309554825 0.0 284000
1695309571732 0.0 288000
1695309588313 0.0 292000
1695309604926 0.0 296000
1695309621185 0.0 300000
1695309637606 0.0 304000
1695309653958 0.0 308000
1695309670418 0.0 312000
1695309686898 0.0 316000
1695309703501 0.0 320000
1695309720108 0.0 324000
1695309736758 0.0 328000
1695309753473 0.0 332000
1695309770641 0.0 336000
1695309788431 0.0 340000
1695309806281 0.0 344000
1695309823925 0.0 348000
1695309841522 0.0 352000
1695309859440 0.0 356000
1695309877038 0.0 360000
1695309895233 0.0 364000
1695309912904 0.0 368000
1695309930509 0.0 372000
1695309948097 0.0 376000
1695309965666 0.0 380000
1695309983347 0.0 384000
1695310001812 0.0 388000
1695310019146 0.0 392000
1695310037248 0.0 396000
1695310058495 0.0 400000
1695310080092 0.0 404000
1695310099829 0.0 408000
1695310120022 0.0 412000
1695310136648 0.0 416000
1695310153349 0.0 420000
1695310170848 0.0 424000
1695310189098 0.0 428000
1695310207439 0.0 432000
1695310225692 0.0 436000
1695310244114 0.0 440000
1695310262429 0.0 444000
1695310280696 0.0 448000
1695310299190 0.0 452000
1695310318034 0.0 456000
1695310336763 0.0 460000
1695310355265 0.0 464000
1695310373930 0.0 468000
1695310392680 0.0 472000
1695310411164 0.0 476000
1695310429591 0.0 480000
1695310447996 0.0 484000
1695310466438 0.0 488000
1695310485078 0.0 492000
1695310503559 0.0 496000
1695310521971 0.0 500000
1695310540682 0.0 504000
1695310559026 0.0 508000
1695310577712 0.0 512000
1695310596056 0.0 516000
1695310614656 0.0 520000
1695310633219 0.0 524000
1695310651704 0.0 528000
1695310670057 0.0 532000
1695310688412 0.0 536000
1695310706917 0.0 540000
1695310725450 0.0 544000
1695310744055 0.0 548000
1695310762457 0.0 552000
1695310780981 0.0 556000
1695310799227 0.0 560000
1695310818180 0.0 564000
1695310836118 0.0 568000
1695310852911 0.0 572000
1695310869707 0.0 576000
1695310886309 0.0 580000
1695310903014 0.0 584000
1695310919920 0.0 588000
1695310937709 0.0 592000
1695310956098 0.0 596000
1695310974818 0.0 600000
1695310993490 0.0 604000
1695311012325 0.0 608000
1695311030818 0.0 612000
1695311049157 0.0 616000
1695311068405 0.0 620000
1695311087382 0.0 624000
1695311106035 0.0 628000
1695311124470 0.0 632000
1695311143143 0.0 636000
1695311161516 0.0 640000
1695311180107 0.0 644000
1695311198592 0.0 648000
1695311217005 0.0 652000
1695311235315 0.0 656000
1695311253715 0.0 660000
1695311272639 0.0 664000
1695311293310 0.0 668000
1695311312858 0.0 672000
1695311332581 0.0 676000
1695311352105 0.0 680000
1695311371360 0.0 684000
1695311391067 0.0 688000
1695311410776 0.0 692000
1695311430513 0.0 696000
1695311449857 0.0 700000
1695311469576 0.0 704000
1695311488991 0.0 708000
1695311507748 0.0 712000
1695311525285 0.0 716000
1695311545188 0.0 720000
1695311563429 0.0 724000
1695311580655 0.0 728000
1695311597902 0.0 732000
1695311614939 0.0 736000
1695311633140 0.0 740000
1695311651502 0.0 744000
1695311670655 0.0 748000
1695311688290 0.0 752000
1695311705519 0.0 756000
1695311723931 0.0 760000
1695311742179 0.0 764000
1695311760338 0.0 768000
1695311778435 0.0 772000
1695311796498 0.0 776000
1695311814070 0.0 780000
1695311831614 0.0 784000
