1695308366392 0.01 4000
1695308381979 0.01 8000
1695308398682 0.01 12000
1695308415491 0.01 16000
1695308433117 0.01 20000
1695308450630 0.01 24000
1695308467249 0.01 28000
1695308484576 0.01 32000
1695308501530 0.01 36000
1695308517824 0.01 40000
1695308534351 0.01 44000
1695308550413 0.01 48000
1695308566557 0.01 52000
1695308582672 0.01 56000
1695308598950 0.01 60000
1695308614900 0.01 64000
1695308630960 0.01 68000
1695308646864 0.01 72000
1695308663025 0.01 76000
1695308679309 0.01 80000
1695308696654 0.01 84000
1695308714080 0.01 88000
1695308731364 0.01 92000
1695308748430 0.01 96000
1695308765545 0.01 100000
1695308782789 0.01 104000
1695308799775 0.01 108000
1695308816734 0.01 112000
1695308833810 0.01 116000
1695308850818 0.01 120000
1695308868047 0.01 124000
1695308885380 0.01 128000
1695308902932 0.01 132000
1695308920240 0.01 136000
1695308937672 0.01 140000
1695308955625 0.01 144000
1695308973231 0.01 148000
1695308991013 0.01 152000
1695309008068 0.01 156000
1695309025021 0.01 160000
1695309041887 0.01 164000
1695309058959 0.01 168000
1695309076360 0.01 172000
1695309093118 0.01 176000
1695309109806 0.01 180000
1695309126113 0.01 184000
1695309143053 0.01 188000
1695309161605 0.01 192000
1695309179111 0.01 196000
1695309196869 0.01 200000
1695309214122 0.01 204000
1695309232074 0.01 208000
1695309248787 0.01 212000
1695309265887 0.01 216000
1695309283788 0.01 220000
1695309301809 0.01 224000
1695309319341 0.01 228000
1695309336440 0.01 232000
1695309353429 0.01 236000
1695309370973 0.01 240000
1695309387755 0.01 244000
1695309404556 0.01 248000
1695309420978 0.01 252000
1695309437229 0.01 256000
1695309453734 0.01 260000
1695309470997 0.01 264000
1695309487905 0.01 268000
1695309504519 0.01 272000
1695309521827 0.01 276000
1695309538399 0.01 280000
1695309554833 0.01 284000
1695309571740 0.01 288000
1695309588322 0.01 292000
1695309604934 0.01 296000
1695309621193 0.01 300000
1695309637614 0.01 304000
1695309653966 0.01 308000
1695309670426 0.01 312000
1695309686906 0.01 316000
1695309703509 0.01 320000
1695309720116 0.01 324000
1695309736766 0.01 328000
1695309753481 0.01 332000
1695309770649 0.01 336000
1695309788439 0.01 340000
1695309806289 0.01 344000
1695309823933 0.01 348000
1695309841530 0.01 352000
1695309859447 0.01 356000
1695309877045 0.01 360000
1695309895241 0.01 364000
1695309912912 0.01 368000
1695309930517 0.01 372000
1695309948105 0.01 376000
1695309965674 0.01 380000
1695309983355 0.01 384000
1695310001820 0.01 388000
1695310019154 0.01 392000
1695310037255 0.01 396000
1695310058505 0.01 400000
1695310080101 0.01 404000
1695310099837 0.01 408000
1695310120030 0.01 412000
1695310136656 0.01 416000
1695310153357 0.01 420000
1695310170856 0.01 424000
1695310189106 0.01 428000
1695310207446 0.01 432000
1695310225700 0.01 436000
1695310244122 0.01 440000
1695310262437 0.01 444000
1695310280706 0.01 448000
1695310299198 0.01 452000
1695310318042 0.01 456000
1695310336771 0.01 460000
1695310355273 0.01 464000
1695310373938 0.01 468000
1695310392688 0.01 472000
1695310411172 0.01 476000
1695310429599 0.01 480000
1695310448005 0.01 484000
1695310466446 0.01 488000
1695310485089 0.01 492000
1695310503567 0.01 496000
1695310521980 0.01 500000
1695310540690 0.01 504000
1695310559035 0.01 508000
1695310577720 0.01 512000
1695310596065 0.01 516000
1695310614664 0.01 520000
1695310633227 0.01 524000
1695310651712 0.01 528000
1695310670065 0.01 532000
1695310688422 0.01 536000
1695310706926 0.01 540000
1695310725458 0.01 544000
1695310744064 0.01 548000
1695310762466 0.01 552000
1695310780990 0.01 556000
1695310799234 0.01 560000
1695310818188 0.01 564000
1695310836126 0.01 568000
1695310852919 0.01 572000
1695310869715 0.01 576000
1695310886317 0.01 580000
1695310903022 0.01 584000
1695310919928 0.01 588000
1695310937717 0.01 592000
1695310956106 0.01 596000
1695310974826 0.01 600000
1695310993499 0.01 604000
1695311012333 0.01 608000
1695311030827 0.01 612000
1695311049165 0.01 616000
1695311068413 0.01 620000
1695311087390 0.01 624000
1695311106044 0.01 628000
1695311124479 0.01 632000
1695311143151 0.01 636000
1695311161525 0.01 640000
1695311180115 0.01 644000
1695311198601 0.01 648000
1695311217014 0.01 652000
1695311235323 0.01 656000
1695311253724 0.01 660000
1695311272647 0.01 664000
1695311293319 0.01 668000
1695311312866 0.01 672000
1695311332589 0.01 676000
1695311352113 0.01 680000
1695311371368 0.01 684000
1695311391075 0.01 688000
1695311410784 0.01 692000
1695311430521 0.01 696000
1695311449865 0.01 700000
1695311469584 0.01 704000
1695311488999 0.01 708000
1695311507756 0.01 712000
1695311525294 0.01 716000
1695311545196 0.01 720000
1695311563437 0.01 724000
1695311580663 0.01 728000
1695311597911 0.01 732000
1695311614946 0.01 736000
1695311633148 0.01 740000
1695311651510 0.01 744000
1695311670662 0.01 748000
1695311688298 0.01 752000
1695311705527 0.01 756000
1695311723939 0.01 760000
1695311742189 0.01 764000
1695311760346 0.01 768000
1695311778443 0.01 772000
1695311796507 0.01 776000
1695311814077 0.01 780000
1695311831622 0.01 784000
