1695308366376 0.0 4000
1695308381963 0.0 8000
1695308398664 0.0 12000
1695308415473 0.0 16000
1695308433102 0.0 20000
1695308450612 0.0 24000
1695308467232 0.0 28000
1695308484560 0.0 32000
1695308501513 0.0 36000
1695308517807 0.0 40000
1695308534335 0.0 44000
1695308550398 0.0 48000
1695308566541 0.0 52000
1695308582656 0.0 56000
1695308598934 0.0 60000
1695308614884 0.0 64000
1695308630944 0.0 68000
1695308646847 0.0 72000
1695308663009 0.0 76000
1695308679293 0.0 80000
1695308696638 0.0 84000
1695308714064 0.0 88000
1695308731348 0.0 92000
1695308748413 0.0 96000
1695308765529 0.0 100000
1695308782773 0.0 104000
1695308799758 0.0 108000
1695308816719 0.0 112000
1695308833794 0.0 116000
1695308850803 0.0 120000
1695308868031 0.0 124000
1695308885365 0.0 128000
1695308902916 0.0 132000
1695308920224 0.0 136000
1695308937656 0.0 140000
1695308955608 0.0 144000
1695308973215 0.0 148000
1695308990996 0.0 152000
1695309008052 0.0 156000
1695309025004 0.0 160000
1695309041871 0.0 164000
1695309058941 0.0 168000
1695309076344 0.0 172000
1695309093102 0.0 176000
1695309109789 0.0 180000
1695309126096 0.0 184000
1695309143037 0.0 188000
1695309161587 0.0 192000
1695309179095 0.0 196000
1695309196852 0.0 200000
1695309214106 0.0 204000
1695309232057 0.0 208000
1695309248770 0.0 212000
1695309265871 0.0 216000
1695309283771 0.0 220000
1695309301789 0.0 224000
1695309319325 0.0 228000
1695309336424 0.0 232000
1695309353412 0.0 236000
1695309370957 0.0 240000
1695309387738 0.0 244000
1695309404541 0.0 248000
1695309420961 0.0 252000
1695309437213 0.0 256000
1695309453718 0.0 260000
1695309470980 0.0 264000
1695309487888 0.0 268000
1695309504504 0.0 272000
1695309521811 0.0 276000
1695309538382 0.0 280000
1695309554817 0.0 284000
1695309571724 0.0 288000
1695309588304 0.0 292000
1695309604918 0.0 296000
1695309621177 0.0 300000
1695309637598 0.0 304000
1695309653949 0.0 308000
1695309670410 0.0 312000
1695309686889 0.0 316000
1695309703493 0.0 320000
1695309720100 0.0 324000
1695309736750 0.0 328000
1695309753465 0.0 332000
1695309770633 0.0 336000
1695309788423 0.0 340000
1695309806273 0.0 344000
1695309823917 0.0 348000
1695309841514 0.0 352000
1695309859432 0.0 356000
1695309877030 0.0 360000
1695309895225 0.0 364000
1695309912895 0.0 368000
1695309930501 0.0 372000
1695309948089 0.0 376000
1695309965658 0.0 380000
1695309983339 0.0 384000
1695310001804 0.0 388000
1695310019138 0.0 392000
1695310037240 0.0 396000
1695310058486 0.0 400000
1695310080082 0.0 404000
1695310099820 0.0 408000
1695310120013 0.0 412000
1695310136640 0.0 416000
1695310153340 0.0 420000
1695310170840 0.0 424000
1695310189089 0.0 428000
1695310207431 0.0 432000
1695310225683 0.0 436000
1695310244106 0.0 440000
1695310262420 0.0 444000
1695310280687 0.0 448000
1695310299181 0.0 452000
1695310318026 0.0 456000
1695310336754 0.0 460000
1695310355256 0.0 464000
1695310373922 0.0 468000
1695310392671 0.0 472000
1695310411155 0.0 476000
1695310429583 0.0 480000
1695310447987 0.0 484000
1695310466430 0.0 488000
1695310485070 0.0 492000
1695310503551 0.0 496000
1695310521962 0.0 500000
1695310540674 0.0 504000
1695310559017 0.0 508000
1695310577704 0.0 512000
1695310596047 0.0 516000
1695310614647 0.0 520000
1695310633210 0.0 524000
1695310651696 0.0 528000
1695310670049 0.0 532000
1695310688404 0.0 536000
1695310706908 0.0 540000
1695310725442 0.0 544000
1695310744047 0.0 548000
1695310762443 0.0 552000
1695310780973 0.0 556000
1695310799218 0.0 560000
1695310818172 0.0 564000
1695310836110 0.0 568000
1695310852903 0.0 572000
1695310869699 0.0 576000
1695310886301 0.0 580000
1695310903006 0.0 584000
1695310919912 0.0 588000
1695310937701 0.0 592000
1695310956089 0.0 596000
1695310974809 0.0 600000
1695310993481 0.0 604000
1695311012316 0.0 608000
1695311030809 0.0 612000
1695311049149 0.0 616000
1695311068397 0.0 620000
1695311087373 0.0 624000
1695311106027 0.0 628000
1695311124462 0.0 632000
1695311143133 0.0 636000
1695311161508 0.0 640000
1695311180098 0.0 644000
1695311198584 0.0 648000
1695311216997 0.0 652000
1695311235307 0.0 656000
1695311253706 0.0 660000
1695311272631 0.0 664000
1695311293301 0.0 668000
1695311312849 0.0 672000
1695311332573 0.0 676000
1695311352097 0.0 680000
1695311371351 0.0 684000
1695311391059 0.0 688000
1695311410768 0.0 692000
1695311430505 0.0 696000
1695311449848 0.0 700000
1695311469567 0.0 704000
1695311488982 0.0 708000
1695311507739 0.0 712000
1695311525277 0.0 716000
1695311545180 0.0 720000
1695311563420 0.0 724000
1695311580646 0.0 728000
1695311597893 0.0 732000
1695311614931 0.0 736000
1695311633132 0.0 740000
1695311651494 0.0 744000
1695311670647 0.0 748000
1695311688282 0.0 752000
1695311705510 0.0 756000
1695311723923 0.0 760000
1695311742170 0.0 764000
1695311760329 0.0 768000
1695311778426 0.0 772000
1695311796490 0.0 776000
1695311814061 0.0 780000
1695311831606 0.0 784000
