1695308366386 1.0 4000
1695308381972 1.0 8000
1695308398675 1.0 12000
1695308415484 1.0 16000
1695308433111 1.0 20000
1695308450623 1.0 24000
1695308467242 1.0 28000
1695308484570 1.0 32000
1695308501523 1.0 36000
1695308517817 1.0 40000
1695308534345 1.0 44000
1695308550407 1.0 48000
1695308566551 1.0 52000
1695308582666 1.0 56000
1695308598944 1.0 60000
1695308614893 1.0 64000
1695308630954 1.0 68000
1695308646857 1.0 72000
1695308663019 1.0 76000
1695308679303 1.0 80000
1695308696648 1.0 84000
1695308714074 1.0 88000
1695308731357 1.0 92000
1695308748423 1.0 96000
1695308765538 1.0 100000
1695308782783 1.0 104000
1695308799768 1.0 108000
1695308816728 1.0 112000
1695308833803 1.0 116000
1695308850812 1.0 120000
1695308868040 1.0 124000
1695308885374 1.0 128000
1695308902926 1.0 132000
1695308920234 1.0 136000
1695308937666 1.0 140000
1695308955619 1.0 144000
1695308973225 1.0 148000
1695308991006 1.0 152000
1695309008061 1.0 156000
1695309025014 1.0 160000
1695309041880 1.0 164000
1695309058952 1.0 168000
1695309076354 1.0 172000
1695309093112 1.0 176000
1695309109799 1.0 180000
1695309126106 1.0 184000
1695309143047 1.0 188000
1695309161598 1.0 192000
1695309179105 1.0 196000
1695309196862 1.0 200000
1695309214116 1.0 204000
1695309232067 1.0 208000
1695309248780 1.0 212000
1695309265880 1.0 216000
1695309283781 1.0 220000
1695309301801 1.0 224000
1695309319335 1.0 228000
1695309336434 1.0 232000
1695309353423 1.0 236000
1695309370967 1.0 240000
1695309387748 1.0 244000
1695309404550 1.0 248000
1695309420971 1.0 252000
1695309437223 1.0 256000
1695309453727 1.0 260000
1695309470990 1.0 264000
1695309487898 1.0 268000
1695309504513 1.0 272000
1695309521820 1.0 276000
1695309538393 1.0 280000
1695309554827 1.0 284000
1695309571733 1.0 288000
1695309588315 1.0 292000
1695309604927 1.0 296000
1695309621186 1.0 300000
1695309637608 1.0 304000
1695309653959 1.0 308000
1695309670419 1.0 312000
1695309686899 1.0 316000
1695309703503 1.0 320000
1695309720109 1.0 324000
1695309736759 1.0 328000
1695309753474 1.0 332000
1695309770643 1.0 336000
1695309788432 1.0 340000
1695309806282 1.0 344000
1695309823926 1.0 348000
1695309841524 1.0 352000
1695309859441 1.0 356000
1695309877039 1.0 360000
1695309895235 1.0 364000
1695309912905 1.0 368000
1695309930511 1.0 372000
1695309948099 1.0 376000
1695309965668 1.0 380000
1695309983349 1.0 384000
1695310001813 1.0 388000
1695310019148 1.0 392000
1695310037249 1.0 396000
1695310058497 1.0 400000
1695310080093 1.0 404000
1695310099830 1.0 408000
1695310120023 1.0 412000
1695310136650 1.0 416000
1695310153350 1.0 420000
1695310170849 1.0 424000
1695310189099 1.0 428000
1695310207440 1.0 432000
1695310225693 1.0 436000
1695310244115 1.0 440000
1695310262431 1.0 444000
1695310280698 1.0 448000
1695310299191 1.0 452000
1695310318036 1.0 456000
1695310336764 1.0 460000
1695310355266 1.0 464000
1695310373931 1.0 468000
1695310392681 1.0 472000
1695310411165 1.0 476000
1695310429593 1.0 480000
1695310447998 1.0 484000
1695310466439 1.0 488000
1695310485080 1.0 492000
1695310503560 1.0 496000
1695310521973 1.0 500000
1695310540684 1.0 504000
1695310559028 1.0 508000
1695310577714 1.0 512000
1695310596058 1.0 516000
1695310614657 1.0 520000
1695310633220 1.0 524000
1695310651706 1.0 528000
1695310670058 1.0 532000
1695310688414 1.0 536000
1695310706919 1.0 540000
1695310725452 1.0 544000
1695310744057 1.0 548000
1695310762459 1.0 552000
1695310780983 1.0 556000
1695310799228 1.0 560000
1695310818181 1.0 564000
1695310836120 1.0 568000
1695310852913 1.0 572000
1695310869709 1.0 576000
1695310886311 1.0 580000
1695310903015 1.0 584000
1695310919921 1.0 588000
1695310937711 1.0 592000
1695310956099 1.0 596000
1695310974819 1.0 600000
1695310993492 1.0 604000
1695311012326 1.0 608000
1695311030820 1.0 612000
1695311049159 1.0 616000
1695311068407 1.0 620000
1695311087384 1.0 624000
1695311106037 1.0 628000
1695311124472 1.0 632000
1695311143144 1.0 636000
1695311161518 1.0 640000
1695311180108 1.0 644000
1695311198594 1.0 648000
1695311217007 1.0 652000
1695311235317 1.0 656000
1695311253717 1.0 660000
1695311272641 1.0 664000
1695311293312 1.0 668000
1695311312859 1.0 672000
1695311332583 1.0 676000
1695311352106 1.0 680000
1695311371361 1.0 684000
1695311391069 1.0 688000
1695311410777 1.0 692000
1695311430515 1.0 696000
1695311449858 1.0 700000
1695311469578 1.0 704000
1695311488992 1.0 708000
1695311507750 1.0 712000
1695311525287 1.0 716000
1695311545189 1.0 720000
1695311563430 1.0 724000
1695311580656 1.0 728000
1695311597904 1.0 732000
1695311614940 1.0 736000
1695311633142 1.0 740000
1695311651504 1.0 744000
1695311670656 1.0 748000
1695311688291 1.0 752000
1695311705520 1.0 756000
1695311723933 1.0 760000
1695311742180 1.0 764000
1695311760339 1.0 768000
1695311778436 1.0 772000
1695311796500 1.0 776000
1695311814071 1.0 780000
1695311831616 1.0 784000
