1695308366380 5e-05 4000
1695308381967 5e-05 8000
1695308398669 5e-05 12000
1695308415478 5e-05 16000
1695308433106 5e-05 20000
1695308450616 5e-05 24000
1695308467236 5e-05 28000
1695308484564 5e-05 32000
1695308501517 5e-05 36000
1695308517811 5e-05 40000
1695308534339 5e-05 44000
1695308550402 5e-05 48000
1695308566545 5e-05 52000
1695308582660 5e-05 56000
1695308598938 5e-05 60000
1695308614888 5e-05 64000
1695308630948 5e-05 68000
1695308646851 5e-05 72000
1695308663013 5e-05 76000
1695308679297 5e-05 80000
1695308696642 5e-05 84000
1695308714068 5e-05 88000
1695308731352 5e-05 92000
1695308748417 5e-05 96000
1695308765533 5e-05 100000
1695308782777 5e-05 104000
1695308799762 5e-05 108000
1695308816722 5e-05 112000
1695308833798 5e-05 116000
1695308850806 5e-05 120000
1695308868035 5e-05 124000
1695308885369 5e-05 128000
1695308902919 5e-05 132000
1695308920228 5e-05 136000
1695308937660 5e-05 140000
1695308955613 5e-05 144000
1695308973219 5e-05 148000
1695308991001 5e-05 152000
1695309008056 5e-05 156000
1695309025008 5e-05 160000
1695309041875 5e-05 164000
1695309058946 5e-05 168000
1695309076348 5e-05 172000
1695309093106 5e-05 176000
1695309109794 5e-05 180000
1695309126100 5e-05 184000
1695309143041 5e-05 188000
1695309161591 5e-05 192000
1695309179099 5e-05 196000
1695309196856 5e-05 200000
1695309214110 5e-05 204000
1695309232061 5e-05 208000
1695309248774 5e-05 212000
1695309265875 5e-05 216000
1695309283775 5e-05 220000
1695309301794 5e-05 224000
1695309319329 5e-05 228000
1695309336428 5e-05 232000
1695309353417 5e-05 236000
1695309370961 5e-05 240000
1695309387743 5e-05 244000
1695309404544 5e-05 248000
1695309420966 5e-05 252000
1695309437217 5e-05 256000
1695309453722 5e-05 260000
1695309470985 5e-05 264000
1695309487892 5e-05 268000
1695309504508 5e-05 272000
1695309521815 5e-05 276000
1695309538387 5e-05 280000
1695309554821 5e-05 284000
1695309571728 5e-05 288000
1695309588308 5e-05 292000
1695309604922 5e-05 296000
1695309621181 5e-05 300000
1695309637602 5e-05 304000
1695309653953 5e-05 308000
1695309670414 5e-05 312000
1695309686894 5e-05 316000
1695309703497 5e-05 320000
1695309720104 5e-05 324000
1695309736754 5e-05 328000
1695309753469 5e-05 332000
1695309770637 5e-05 336000
1695309788427 5e-05 340000
1695309806277 5e-05 344000
1695309823921 5e-05 348000
1695309841518 5e-05 352000
1695309859436 5e-05 356000
1695309877033 5e-05 360000
1695309895229 5e-05 364000
1695309912900 5e-05 368000
1695309930505 5e-05 372000
1695309948093 5e-05 376000
1695309965662 5e-05 380000
1695309983343 5e-05 384000
1695310001808 5e-05 388000
1695310019142 5e-05 392000
1695310037244 5e-05 396000
1695310058490 5e-05 400000
1695310080087 5e-05 404000
1695310099824 5e-05 408000
1695310120017 5e-05 412000
1695310136644 5e-05 416000
1695310153344 5e-05 420000
1695310170844 5e-05 424000
1695310189093 5e-05 428000
1695310207434 5e-05 432000
1695310225687 5e-05 436000
1695310244110 5e-05 440000
1695310262424 5e-05 444000
1695310280691 5e-05 448000
1695310299185 5e-05 452000
1695310318030 5e-05 456000
1695310336758 5e-05 460000
1695310355260 5e-05 464000
1695310373925 5e-05 468000
1695310392676 5e-05 472000
1695310411159 5e-05 476000
1695310429587 5e-05 480000
1695310447992 5e-05 484000
1695310466434 5e-05 488000
1695310485074 5e-05 492000
1695310503554 5e-05 496000
1695310521967 5e-05 500000
1695310540678 5e-05 504000
1695310559021 5e-05 508000
1695310577708 5e-05 512000
1695310596052 5e-05 516000
1695310614651 5e-05 520000
1695310633214 5e-05 524000
1695310651700 5e-05 528000
1695310670053 5e-05 532000
1695310688408 5e-05 536000
1695310706912 5e-05 540000
1695310725446 5e-05 544000
1695310744051 5e-05 548000
1695310762450 5e-05 552000
1695310780977 5e-05 556000
1695310799222 5e-05 560000
1695310818176 5e-05 564000
1695310836114 5e-05 568000
1695310852907 5e-05 572000
1695310869703 5e-05 576000
1695310886305 5e-05 580000
1695310903010 5e-05 584000
1695310919916 5e-05 588000
1695310937705 5e-05 592000
1695310956093 5e-05 596000
1695310974813 5e-05 600000
1695310993485 5e-05 604000
1695311012320 5e-05 608000
1695311030814 5e-05 612000
1695311049153 5e-05 616000
1695311068401 5e-05 620000
1695311087378 5e-05 624000
1695311106031 5e-05 628000
1695311124466 5e-05 632000
1695311143138 5e-05 636000
1695311161512 5e-05 640000
1695311180102 5e-05 644000
1695311198588 5e-05 648000
1695311217001 5e-05 652000
1695311235311 5e-05 656000
1695311253711 5e-05 660000
1695311272635 5e-05 664000
1695311293305 5e-05 668000
1695311312854 5e-05 672000
1695311332577 5e-05 676000
1695311352101 5e-05 680000
1695311371355 5e-05 684000
1695311391063 5e-05 688000
1695311410772 5e-05 692000
1695311430509 5e-05 696000
1695311449852 5e-05 700000
1695311469572 5e-05 704000
1695311488986 5e-05 708000
1695311507743 5e-05 712000
1695311525281 5e-05 716000
1695311545184 5e-05 720000
1695311563424 5e-05 724000
1695311580651 5e-05 728000
1695311597898 5e-05 732000
1695311614934 5e-05 736000
1695311633136 5e-05 740000
1695311651498 5e-05 744000
1695311670650 5e-05 748000
1695311688286 5e-05 752000
1695311705514 5e-05 756000
1695311723927 5e-05 760000
1695311742174 5e-05 764000
1695311760333 5e-05 768000
1695311778430 5e-05 772000
1695311796494 5e-05 776000
1695311814065 5e-05 780000
1695311831610 5e-05 784000
