1695308366381 2.0 4000
1695308381967 2.0 8000
1695308398669 2.0 12000
1695308415478 2.0 16000
1695308433106 2.0 20000
1695308450617 2.0 24000
1695308467237 2.0 28000
1695308484565 2.0 32000
1695308501517 2.0 36000
1695308517812 2.0 40000
1695308534340 2.0 44000
1695308550402 2.0 48000
1695308566546 2.0 52000
1695308582660 2.0 56000
1695308598939 2.0 60000
1695308614888 2.0 64000
1695308630949 2.0 68000
1695308646852 2.0 72000
1695308663013 2.0 76000
1695308679297 2.0 80000
1695308696643 2.0 84000
1695308714069 2.0 88000
1695308731352 2.0 92000
1695308748417 2.0 96000
1695308765533 2.0 100000
1695308782778 2.0 104000
1695308799762 2.0 108000
1695308816723 2.0 112000
1695308833798 2.0 116000
1695308850807 2.0 120000
1695308868036 2.0 124000
1695308885369 2.0 128000
1695308902920 2.0 132000
1695308920228 2.0 136000
1695308937661 2.0 140000
1695308955613 2.0 144000
1695308973220 2.0 148000
1695308991001 2.0 152000
1695309008056 2.0 156000
1695309025009 2.0 160000
1695309041875 2.0 164000
1695309058946 2.0 168000
1695309076349 2.0 172000
1695309093107 2.0 176000
1695309109794 2.0 180000
1695309126101 2.0 184000
1695309143042 2.0 188000
1695309161592 2.0 192000
1695309179100 2.0 196000
1695309196857 2.0 200000
1695309214110 2.0 204000
1695309232062 2.0 208000
1695309248774 2.0 212000
1695309265875 2.0 216000
1695309283775 2.0 220000
1695309301795 2.0 224000
1695309319330 2.0 228000
1695309336428 2.0 232000
1695309353417 2.0 236000
1695309370962 2.0 240000
1695309387743 2.0 244000
1695309404545 2.0 248000
1695309420966 2.0 252000
1695309437218 2.0 256000
1695309453722 2.0 260000
1695309470985 2.0 264000
1695309487892 2.0 268000
1695309504508 2.0 272000
1695309521815 2.0 276000
1695309538388 2.0 280000
1695309554821 2.0 284000
1695309571728 2.0 288000
1695309588309 2.0 292000
1695309604922 2.0 296000
1695309621181 2.0 300000
1695309637603 2.0 304000
1695309653954 2.0 308000
1695309670414 2.0 312000
1695309686894 2.0 316000
1695309703497 2.0 320000
1695309720104 2.0 324000
1695309736754 2.0 328000
1695309753469 2.0 332000
1695309770638 2.0 336000
1695309788427 2.0 340000
1695309806277 2.0 344000
1695309823921 2.0 348000
1695309841519 2.0 352000
1695309859436 2.0 356000
1695309877034 2.0 360000
1695309895229 2.0 364000
1695309912900 2.0 368000
1695309930505 2.0 372000
1695309948093 2.0 376000
1695309965663 2.0 380000
1695309983343 2.0 384000
1695310001808 2.0 388000
1695310019143 2.0 392000
1695310037244 2.0 396000
1695310058491 2.0 400000
1695310080087 2.0 404000
1695310099825 2.0 408000
1695310120018 2.0 412000
1695310136644 2.0 416000
1695310153345 2.0 420000
1695310170844 2.0 424000
1695310189093 2.0 428000
1695310207435 2.0 432000
1695310225688 2.0 436000
1695310244110 2.0 440000
1695310262425 2.0 444000
1695310280692 2.0 448000
1695310299185 2.0 452000
1695310318030 2.0 456000
1695310336759 2.0 460000
1695310355261 2.0 464000
1695310373926 2.0 468000
1695310392676 2.0 472000
1695310411160 2.0 476000
1695310429588 2.0 480000
1695310447992 2.0 484000
1695310466434 2.0 488000
1695310485074 2.0 492000
1695310503555 2.0 496000
1695310521967 2.0 500000
1695310540679 2.0 504000
1695310559022 2.0 508000
1695310577709 2.0 512000
1695310596052 2.0 516000
1695310614652 2.0 520000
1695310633215 2.0 524000
1695310651700 2.0 528000
1695310670053 2.0 532000
1695310688409 2.0 536000
1695310706913 2.0 540000
1695310725446 2.0 544000
1695310744051 2.0 548000
1695310762451 2.0 552000
1695310780977 2.0 556000
1695310799223 2.0 560000
1695310818176 2.0 564000
1695310836115 2.0 568000
1695310852908 2.0 572000
1695310869703 2.0 576000
1695310886305 2.0 580000
1695310903010 2.0 584000
1695310919916 2.0 588000
1695310937706 2.0 592000
1695310956094 2.0 596000
1695310974814 2.0 600000
1695310993486 2.0 604000
1695311012321 2.0 608000
1695311030814 2.0 612000
1695311049153 2.0 616000
1695311068401 2.0 620000
1695311087378 2.0 624000
1695311106031 2.0 628000
1695311124466 2.0 632000
1695311143139 2.0 636000
1695311161512 2.0 640000
1695311180102 2.0 644000
1695311198589 2.0 648000
1695311217001 2.0 652000
1695311235311 2.0 656000
1695311253711 2.0 660000
1695311272635 2.0 664000
1695311293306 2.0 668000
1695311312854 2.0 672000
1695311332577 2.0 676000
1695311352101 2.0 680000
1695311371356 2.0 684000
1695311391063 2.0 688000
1695311410772 2.0 692000
1695311430509 2.0 696000
1695311449853 2.0 700000
1695311469572 2.0 704000
1695311488987 2.0 708000
1695311507744 2.0 712000
1695311525281 2.0 716000
1695311545184 2.0 720000
1695311563425 2.0 724000
1695311580651 2.0 728000
1695311597898 2.0 732000
1695311614935 2.0 736000
1695311633136 2.0 740000
1695311651498 2.0 744000
1695311670651 2.0 748000
1695311688286 2.0 752000
1695311705515 2.0 756000
1695311723927 2.0 760000
1695311742174 2.0 764000
1695311760334 2.0 768000
1695311778431 2.0 772000
1695311796494 2.0 776000
1695311814066 2.0 780000
1695311831610 2.0 784000
