1695308366387 1000.0 4000
1695308381973 1000.0 8000
1695308398676 1000.0 12000
1695308415485 1000.0 16000
1695308433112 1000.0 20000
1695308450624 1000.0 24000
1695308467243 1000.0 28000
1695308484571 1000.0 32000
1695308501524 1000.0 36000
1695308517818 1000.0 40000
1695308534346 1000.0 44000
1695308550408 1000.0 48000
1695308566552 1000.0 52000
1695308582667 1000.0 56000
1695308598945 1000.0 60000
1695308614894 1000.0 64000
1695308630955 1000.0 68000
1695308646858 1000.0 72000
1695308663020 1000.0 76000
1695308679304 1000.0 80000
1695308696649 1000.0 84000
1695308714075 1000.0 88000
1695308731358 1000.0 92000
1695308748424 1000.0 96000
1695308765539 1000.0 100000
1695308782784 1000.0 104000
1695308799769 1000.0 108000
1695308816729 1000.0 112000
1695308833805 1000.0 116000
1695308850813 1000.0 120000
1695308868042 1000.0 124000
1695308885375 1000.0 128000
1695308902927 1000.0 132000
1695308920235 1000.0 136000
1695308937667 1000.0 140000
1695308955620 1000.0 144000
1695308973226 1000.0 148000
1695308991007 1000.0 152000
1695309008062 1000.0 156000
1695309025015 1000.0 160000
1695309041881 1000.0 164000
1695309058953 1000.0 168000
1695309076355 1000.0 172000
1695309093113 1000.0 176000
1695309109800 1000.0 180000
1695309126107 1000.0 184000
1695309143048 1000.0 188000
1695309161599 1000.0 192000
1695309179106 1000.0 196000
1695309196863 1000.0 200000
1695309214117 1000.0 204000
1695309232068 1000.0 208000
1695309248781 1000.0 212000
1695309265881 1000.0 216000
1695309283782 1000.0 220000
1695309301802 1000.0 224000
1695309319336 1000.0 228000
1695309336435 1000.0 232000
1695309353424 1000.0 236000
1695309370968 1000.0 240000
1695309387749 1000.0 244000
1695309404551 1000.0 248000
1695309420973 1000.0 252000
1695309437224 1000.0 256000
1695309453728 1000.0 260000
1695309470991 1000.0 264000
1695309487899 1000.0 268000
1695309504514 1000.0 272000
1695309521821 1000.0 276000
1695309538394 1000.0 280000
1695309554828 1000.0 284000
1695309571734 1000.0 288000
1695309588316 1000.0 292000
1695309604928 1000.0 296000
1695309621187 1000.0 300000
1695309637609 1000.0 304000
1695309653960 1000.0 308000
1695309670420 1000.0 312000
1695309686900 1000.0 316000
1695309703504 1000.0 320000
1695309720110 1000.0 324000
1695309736760 1000.0 328000
1695309753475 1000.0 332000
1695309770644 1000.0 336000
1695309788433 1000.0 340000
1695309806283 1000.0 344000
1695309823927 1000.0 348000
1695309841525 1000.0 352000
1695309859442 1000.0 356000
1695309877040 1000.0 360000
1695309895236 1000.0 364000
1695309912906 1000.0 368000
1695309930512 1000.0 372000
1695309948100 1000.0 376000
1695309965669 1000.0 380000
1695309983350 1000.0 384000
1695310001814 1000.0 388000
1695310019149 1000.0 392000
1695310037250 1000.0 396000
1695310058498 1000.0 400000
1695310080094 1000.0 404000
1695310099832 1000.0 408000
1695310120024 1000.0 412000
1695310136651 1000.0 416000
1695310153351 1000.0 420000
1695310170850 1000.0 424000
1695310189100 1000.0 428000
1695310207441 1000.0 432000
1695310225694 1000.0 436000
1695310244116 1000.0 440000
1695310262432 1000.0 444000
1695310280699 1000.0 448000
1695310299192 1000.0 452000
1695310318037 1000.0 456000
1695310336765 1000.0 460000
1695310355267 1000.0 464000
1695310373932 1000.0 468000
1695310392683 1000.0 472000
1695310411166 1000.0 476000
1695310429594 1000.0 480000
1695310447999 1000.0 484000
1695310466440 1000.0 488000
1695310485083 1000.0 492000
1695310503561 1000.0 496000
1695310521974 1000.0 500000
1695310540685 1000.0 504000
1695310559029 1000.0 508000
1695310577715 1000.0 512000
1695310596059 1000.0 516000
1695310614658 1000.0 520000
1695310633222 1000.0 524000
1695310651707 1000.0 528000
1695310670059 1000.0 532000
1695310688415 1000.0 536000
1695310706920 1000.0 540000
1695310725453 1000.0 544000
1695310744058 1000.0 548000
1695310762460 1000.0 552000
1695310780984 1000.0 556000
1695310799229 1000.0 560000
1695310818183 1000.0 564000
1695310836121 1000.0 568000
1695310852914 1000.0 572000
1695310869710 1000.0 576000
1695310886312 1000.0 580000
1695310903016 1000.0 584000
1695310919922 1000.0 588000
1695310937712 1000.0 592000
1695310956101 1000.0 596000
1695310974820 1000.0 600000
1695310993493 1000.0 604000
1695311012327 1000.0 608000
1695311030821 1000.0 612000
1695311049160 1000.0 616000
1695311068408 1000.0 620000
1695311087385 1000.0 624000
1695311106038 1000.0 628000
1695311124473 1000.0 632000
1695311143145 1000.0 636000
1695311161519 1000.0 640000
1695311180109 1000.0 644000
1695311198595 1000.0 648000
1695311217008 1000.0 652000
1695311235318 1000.0 656000
1695311253718 1000.0 660000
1695311272642 1000.0 664000
1695311293313 1000.0 668000
1695311312860 1000.0 672000
1695311332584 1000.0 676000
1695311352107 1000.0 680000
1695311371362 1000.0 684000
1695311391070 1000.0 688000
1695311410778 1000.0 692000
1695311430516 1000.0 696000
1695311449859 1000.0 700000
1695311469579 1000.0 704000
1695311488993 1000.0 708000
1695311507751 1000.0 712000
1695311525288 1000.0 716000
1695311545190 1000.0 720000
1695311563431 1000.0 724000
1695311580657 1000.0 728000
1695311597905 1000.0 732000
1695311614941 1000.0 736000
1695311633143 1000.0 740000
1695311651505 1000.0 744000
1695311670657 1000.0 748000
1695311688292 1000.0 752000
1695311705521 1000.0 756000
1695311723934 1000.0 760000
1695311742181 1000.0 764000
1695311760340 1000.0 768000
1695311778437 1000.0 772000
1695311796501 1000.0 776000
1695311814072 1000.0 780000
1695311831617 1000.0 784000
