1695308366385 60.0 4000
1695308381971 60.0 8000
1695308398674 60.0 12000
1695308415482 60.0 16000
1695308433110 60.0 20000
1695308450621 60.0 24000
1695308467241 60.0 28000
1695308484569 60.0 32000
1695308501522 60.0 36000
1695308517816 60.0 40000
1695308534344 60.0 44000
1695308550406 60.0 48000
1695308566550 60.0 52000
1695308582664 60.0 56000
1695308598943 60.0 60000
1695308614892 60.0 64000
1695308630953 60.0 68000
1695308646856 60.0 72000
1695308663017 60.0 76000
1695308679301 60.0 80000
1695308696646 60.0 84000
1695308714073 60.0 88000
1695308731356 60.0 92000
1695308748422 60.0 96000
1695308765537 60.0 100000
1695308782782 60.0 104000
1695308799767 60.0 108000
1695308816726 60.0 112000
1695308833802 60.0 116000
1695308850811 60.0 120000
1695308868039 60.0 124000
1695308885373 60.0 128000
1695308902924 60.0 132000
1695308920232 60.0 136000
1695308937665 60.0 140000
1695308955617 60.0 144000
1695308973224 60.0 148000
1695308991005 60.0 152000
1695309008060 60.0 156000
1695309025013 60.0 160000
1695309041879 60.0 164000
1695309058950 60.0 168000
1695309076352 60.0 172000
1695309093110 60.0 176000
1695309109798 60.0 180000
1695309126105 60.0 184000
1695309143046 60.0 188000
1695309161596 60.0 192000
1695309179104 60.0 196000
1695309196861 60.0 200000
1695309214114 60.0 204000
1695309232066 60.0 208000
1695309248779 60.0 212000
1695309265879 60.0 216000
1695309283780 60.0 220000
1695309301799 60.0 224000
1695309319334 60.0 228000
1695309336432 60.0 232000
1695309353421 60.0 236000
1695309370966 60.0 240000
1695309387747 60.0 244000
1695309404549 60.0 248000
1695309420970 60.0 252000
1695309437222 60.0 256000
1695309453726 60.0 260000
1695309470989 60.0 264000
1695309487897 60.0 268000
1695309504512 60.0 272000
1695309521819 60.0 276000
1695309538392 60.0 280000
1695309554825 60.0 284000
1695309571732 60.0 288000
1695309588313 60.0 292000
1695309604926 60.0 296000
1695309621185 60.0 300000
1695309637607 60.0 304000
1695309653958 60.0 308000
1695309670418 60.0 312000
1695309686898 60.0 316000
1695309703501 60.0 320000
1695309720108 60.0 324000
1695309736758 60.0 328000
1695309753473 60.0 332000
1695309770641 60.0 336000
1695309788431 60.0 340000
1695309806281 60.0 344000
1695309823925 60.0 348000
1695309841523 60.0 352000
1695309859440 60.0 356000
1695309877038 60.0 360000
1695309895233 60.0 364000
1695309912904 60.0 368000
1695309930510 60.0 372000
1695309948097 60.0 376000
1695309965667 60.0 380000
1695309983347 60.0 384000
1695310001812 60.0 388000
1695310019147 60.0 392000
1695310037248 60.0 396000
1695310058496 60.0 400000
1695310080092 60.0 404000
1695310099829 60.0 408000
1695310120022 60.0 412000
1695310136648 60.0 416000
1695310153349 60.0 420000
1695310170848 60.0 424000
1695310189098 60.0 428000
1695310207439 60.0 432000
1695310225692 60.0 436000
1695310244114 60.0 440000
1695310262429 60.0 444000
1695310280696 60.0 448000
1695310299190 60.0 452000
1695310318034 60.0 456000
1695310336763 60.0 460000
1695310355265 60.0 464000
1695310373930 60.0 468000
1695310392680 60.0 472000
1695310411164 60.0 476000
1695310429592 60.0 480000
1695310447996 60.0 484000
1695310466438 60.0 488000
1695310485079 60.0 492000
1695310503559 60.0 496000
1695310521972 60.0 500000
1695310540683 60.0 504000
1695310559026 60.0 508000
1695310577713 60.0 512000
1695310596057 60.0 516000
1695310614656 60.0 520000
1695310633219 60.0 524000
1695310651704 60.0 528000
1695310670057 60.0 532000
1695310688413 60.0 536000
1695310706917 60.0 540000
1695310725450 60.0 544000
1695310744056 60.0 548000
1695310762457 60.0 552000
1695310780982 60.0 556000
1695310799227 60.0 560000
1695310818180 60.0 564000
1695310836119 60.0 568000
1695310852912 60.0 572000
1695310869708 60.0 576000
1695310886309 60.0 580000
1695310903014 60.0 584000
1695310919920 60.0 588000
1695310937709 60.0 592000
1695310956098 60.0 596000
1695310974818 60.0 600000
1695310993491 60.0 604000
1695311012325 60.0 608000
1695311030818 60.0 612000
1695311049157 60.0 616000
1695311068406 60.0 620000
1695311087383 60.0 624000
1695311106036 60.0 628000
1695311124471 60.0 632000
1695311143143 60.0 636000
1695311161517 60.0 640000
1695311180107 60.0 644000
1695311198593 60.0 648000
1695311217006 60.0 652000
1695311235315 60.0 656000
1695311253716 60.0 660000
1695311272639 60.0 664000
1695311293310 60.0 668000
1695311312858 60.0 672000
1695311332581 60.0 676000
1695311352105 60.0 680000
1695311371360 60.0 684000
1695311391067 60.0 688000
1695311410776 60.0 692000
1695311430513 60.0 696000
1695311449857 60.0 700000
1695311469576 60.0 704000
1695311488991 60.0 708000
1695311507748 60.0 712000
1695311525286 60.0 716000
1695311545188 60.0 720000
1695311563429 60.0 724000
1695311580655 60.0 728000
1695311597903 60.0 732000
1695311614939 60.0 736000
1695311633140 60.0 740000
1695311651502 60.0 744000
1695311670655 60.0 748000
1695311688290 60.0 752000
1695311705519 60.0 756000
1695311723931 60.0 760000
1695311742179 60.0 764000
1695311760338 60.0 768000
1695311778435 60.0 772000
1695311796498 60.0 776000
1695311814070 60.0 780000
1695311831614 60.0 784000
