1695308366385 100.0 4000
1695308381971 100.0 8000
1695308398674 100.0 12000
1695308415482 100.0 16000
1695308433110 100.0 20000
1695308450622 100.0 24000
1695308467241 100.0 28000
1695308484569 100.0 32000
1695308501522 100.0 36000
1695308517816 100.0 40000
1695308534344 100.0 44000
1695308550406 100.0 48000
1695308566550 100.0 52000
1695308582665 100.0 56000
1695308598943 100.0 60000
1695308614892 100.0 64000
1695308630953 100.0 68000
1695308646856 100.0 72000
1695308663018 100.0 76000
1695308679302 100.0 80000
1695308696647 100.0 84000
1695308714073 100.0 88000
1695308731356 100.0 92000
1695308748422 100.0 96000
1695308765537 100.0 100000
1695308782782 100.0 104000
1695308799767 100.0 108000
1695308816727 100.0 112000
1695308833802 100.0 116000
1695308850811 100.0 120000
1695308868040 100.0 124000
1695308885373 100.0 128000
1695308902924 100.0 132000
1695308920233 100.0 136000
1695308937665 100.0 140000
1695308955617 100.0 144000
1695308973224 100.0 148000
1695308991005 100.0 152000
1695309008060 100.0 156000
1695309025013 100.0 160000
1695309041879 100.0 164000
1695309058951 100.0 168000
1695309076353 100.0 172000
1695309093111 100.0 176000
1695309109798 100.0 180000
1695309126105 100.0 184000
1695309143046 100.0 188000
1695309161597 100.0 192000
1695309179104 100.0 196000
1695309196861 100.0 200000
1695309214114 100.0 204000
1695309232066 100.0 208000
1695309248779 100.0 212000
1695309265879 100.0 216000
1695309283780 100.0 220000
1695309301799 100.0 224000
1695309319334 100.0 228000
1695309336432 100.0 232000
1695309353421 100.0 236000
1695309370966 100.0 240000
1695309387747 100.0 244000
1695309404549 100.0 248000
1695309420970 100.0 252000
1695309437222 100.0 256000
1695309453726 100.0 260000
1695309470989 100.0 264000
1695309487897 100.0 268000
1695309504512 100.0 272000
1695309521819 100.0 276000
1695309538392 100.0 280000
1695309554826 100.0 284000
1695309571732 100.0 288000
1695309588314 100.0 292000
1695309604926 100.0 296000
1695309621185 100.0 300000
1695309637607 100.0 304000
1695309653958 100.0 308000
1695309670418 100.0 312000
1695309686898 100.0 316000
1695309703501 100.0 320000
1695309720108 100.0 324000
1695309736758 100.0 328000
1695309753473 100.0 332000
1695309770642 100.0 336000
1695309788431 100.0 340000
1695309806281 100.0 344000
1695309823925 100.0 348000
1695309841523 100.0 352000
1695309859440 100.0 356000
1695309877038 100.0 360000
1695309895233 100.0 364000
1695309912904 100.0 368000
1695309930510 100.0 372000
1695309948098 100.0 376000
1695309965667 100.0 380000
1695309983348 100.0 384000
1695310001812 100.0 388000
1695310019147 100.0 392000
1695310037248 100.0 396000
1695310058496 100.0 400000
1695310080092 100.0 404000
1695310099829 100.0 408000
1695310120022 100.0 412000
1695310136649 100.0 416000
1695310153349 100.0 420000
1695310170848 100.0 424000
1695310189098 100.0 428000
1695310207439 100.0 432000
1695310225692 100.0 436000
1695310244114 100.0 440000
1695310262429 100.0 444000
1695310280697 100.0 448000
1695310299190 100.0 452000
1695310318035 100.0 456000
1695310336763 100.0 460000
1695310355265 100.0 464000
1695310373930 100.0 468000
1695310392680 100.0 472000
1695310411164 100.0 476000
1695310429592 100.0 480000
1695310447996 100.0 484000
1695310466438 100.0 488000
1695310485079 100.0 492000
1695310503559 100.0 496000
1695310521972 100.0 500000
1695310540683 100.0 504000
1695310559027 100.0 508000
1695310577713 100.0 512000
1695310596057 100.0 516000
1695310614656 100.0 520000
1695310633219 100.0 524000
1695310651705 100.0 528000
1695310670057 100.0 532000
1695310688413 100.0 536000
1695310706917 100.0 540000
1695310725451 100.0 544000
1695310744056 100.0 548000
1695310762457 100.0 552000
1695310780982 100.0 556000
1695310799227 100.0 560000
1695310818180 100.0 564000
1695310836119 100.0 568000
1695310852912 100.0 572000
1695310869708 100.0 576000
1695310886310 100.0 580000
1695310903014 100.0 584000
1695310919920 100.0 588000
1695310937710 100.0 592000
1695310956098 100.0 596000
1695310974818 100.0 600000
1695310993491 100.0 604000
1695311012325 100.0 608000
1695311030819 100.0 612000
1695311049158 100.0 616000
1695311068406 100.0 620000
1695311087383 100.0 624000
1695311106036 100.0 628000
1695311124471 100.0 632000
1695311143143 100.0 636000
1695311161517 100.0 640000
1695311180107 100.0 644000
1695311198593 100.0 648000
1695311217006 100.0 652000
1695311235316 100.0 656000
1695311253716 100.0 660000
1695311272640 100.0 664000
1695311293311 100.0 668000
1695311312858 100.0 672000
1695311332581 100.0 676000
1695311352105 100.0 680000
1695311371360 100.0 684000
1695311391068 100.0 688000
1695311410776 100.0 692000
1695311430514 100.0 696000
1695311449857 100.0 700000
1695311469576 100.0 704000
1695311488991 100.0 708000
1695311507748 100.0 712000
1695311525286 100.0 716000
1695311545188 100.0 720000
1695311563429 100.0 724000
1695311580655 100.0 728000
1695311597903 100.0 732000
1695311614939 100.0 736000
1695311633141 100.0 740000
1695311651503 100.0 744000
1695311670655 100.0 748000
1695311688290 100.0 752000
1695311705519 100.0 756000
1695311723932 100.0 760000
1695311742179 100.0 764000
1695311760338 100.0 768000
1695311778435 100.0 772000
1695311796499 100.0 776000
1695311814070 100.0 780000
1695311831614 100.0 784000
