1695308366377 1.0 4000
1695308381963 1.0 8000
1695308398665 1.0 12000
1695308415474 1.0 16000
1695308433103 1.0 20000
1695308450613 1.0 24000
1695308467233 1.0 28000
1695308484561 1.0 32000
1695308501514 1.0 36000
1695308517808 1.0 40000
1695308534336 1.0 44000
1695308550399 1.0 48000
1695308566542 1.0 52000
1695308582657 1.0 56000
1695308598935 1.0 60000
1695308614885 1.0 64000
1695308630945 1.0 68000
1695308646848 1.0 72000
1695308663010 1.0 76000
1695308679294 1.0 80000
1695308696639 1.0 84000
1695308714065 1.0 88000
1695308731349 1.0 92000
1695308748413 1.0 96000
1695308765530 1.0 100000
1695308782774 1.0 104000
1695308799759 1.0 108000
1695308816719 1.0 112000
1695308833795 1.0 116000
1695308850803 1.0 120000
1695308868032 1.0 124000
1695308885366 1.0 128000
1695308902916 1.0 132000
1695308920225 1.0 136000
1695308937657 1.0 140000
1695308955609 1.0 144000
1695308973216 1.0 148000
1695308990998 1.0 152000
1695309008052 1.0 156000
1695309025005 1.0 160000
1695309041871 1.0 164000
1695309058942 1.0 168000
1695309076345 1.0 172000
1695309093103 1.0 176000
1695309109790 1.0 180000
1695309126097 1.0 184000
1695309143038 1.0 188000
1695309161588 1.0 192000
1695309179096 1.0 196000
1695309196853 1.0 200000
1695309214107 1.0 204000
1695309232058 1.0 208000
1695309248771 1.0 212000
1695309265872 1.0 216000
1695309283771 1.0 220000
1695309301790 1.0 224000
1695309319326 1.0 228000
1695309336425 1.0 232000
1695309353413 1.0 236000
1695309370958 1.0 240000
1695309387739 1.0 244000
1695309404541 1.0 248000
1695309420962 1.0 252000
1695309437214 1.0 256000
1695309453719 1.0 260000
1695309470981 1.0 264000
1695309487888 1.0 268000
1695309504504 1.0 272000
1695309521811 1.0 276000
1695309538383 1.0 280000
1695309554818 1.0 284000
1695309571725 1.0 288000
1695309588305 1.0 292000
1695309604919 1.0 296000
1695309621177 1.0 300000
1695309637599 1.0 304000
1695309653950 1.0 308000
1695309670411 1.0 312000
1695309686890 1.0 316000
1695309703494 1.0 320000
1695309720100 1.0 324000
1695309736751 1.0 328000
1695309753466 1.0 332000
1695309770634 1.0 336000
1695309788423 1.0 340000
1695309806274 1.0 344000
1695309823918 1.0 348000
1695309841515 1.0 352000
1695309859433 1.0 356000
1695309877030 1.0 360000
1695309895226 1.0 364000
1695309912896 1.0 368000
1695309930502 1.0 372000
1695309948090 1.0 376000
1695309965659 1.0 380000
1695309983340 1.0 384000
1695310001805 1.0 388000
1695310019139 1.0 392000
1695310037241 1.0 396000
1695310058487 1.0 400000
1695310080083 1.0 404000
1695310099821 1.0 408000
1695310120014 1.0 412000
1695310136641 1.0 416000
1695310153341 1.0 420000
1695310170841 1.0 424000
1695310189090 1.0 428000
1695310207431 1.0 432000
1695310225684 1.0 436000
1695310244107 1.0 440000
1695310262421 1.0 444000
1695310280688 1.0 448000
1695310299181 1.0 452000
1695310318027 1.0 456000
1695310336755 1.0 460000
1695310355257 1.0 464000
1695310373922 1.0 468000
1695310392672 1.0 472000
1695310411156 1.0 476000
1695310429584 1.0 480000
1695310447988 1.0 484000
1695310466430 1.0 488000
1695310485071 1.0 492000
1695310503551 1.0 496000
1695310521963 1.0 500000
1695310540675 1.0 504000
1695310559018 1.0 508000
1695310577705 1.0 512000
1695310596048 1.0 516000
1695310614648 1.0 520000
1695310633211 1.0 524000
1695310651697 1.0 528000
1695310670049 1.0 532000
1695310688405 1.0 536000
1695310706909 1.0 540000
1695310725443 1.0 544000
1695310744048 1.0 548000
1695310762444 1.0 552000
1695310780973 1.0 556000
1695310799219 1.0 560000
1695310818173 1.0 564000
1695310836111 1.0 568000
1695310852904 1.0 572000
1695310869700 1.0 576000
1695310886301 1.0 580000
1695310903007 1.0 584000
1695310919913 1.0 588000
1695310937702 1.0 592000
1695310956090 1.0 596000
1695310974810 1.0 600000
1695310993482 1.0 604000
1695311012317 1.0 608000
1695311030810 1.0 612000
1695311049150 1.0 616000
1695311068398 1.0 620000
1695311087374 1.0 624000
1695311106027 1.0 628000
1695311124463 1.0 632000
1695311143134 1.0 636000
1695311161509 1.0 640000
1695311180099 1.0 644000
1695311198585 1.0 648000
1695311216998 1.0 652000
1695311235308 1.0 656000
1695311253708 1.0 660000
1695311272632 1.0 664000
1695311293302 1.0 668000
1695311312850 1.0 672000
1695311332574 1.0 676000
1695311352097 1.0 680000
1695311371352 1.0 684000
1695311391060 1.0 688000
1695311410768 1.0 692000
1695311430505 1.0 696000
1695311449849 1.0 700000
1695311469568 1.0 704000
1695311488983 1.0 708000
1695311507740 1.0 712000
1695311525278 1.0 716000
1695311545180 1.0 720000
1695311563421 1.0 724000
1695311580647 1.0 728000
1695311597894 1.0 732000
1695311614931 1.0 736000
1695311633133 1.0 740000
1695311651495 1.0 744000
1695311670647 1.0 748000
1695311688283 1.0 752000
1695311705511 1.0 756000
1695311723924 1.0 760000
1695311742170 1.0 764000
1695311760330 1.0 768000
1695311778427 1.0 772000
1695311796491 1.0 776000
1695311814062 1.0 780000
1695311831607 1.0 784000
