1695308366375 1.0 4000
1695308381961 1.0 8000
1695308398663 1.0 12000
1695308415472 1.0 16000
1695308433100 1.0 20000
1695308450611 1.0 24000
1695308467231 1.0 28000
1695308484559 1.0 32000
1695308501511 1.0 36000
1695308517806 1.0 40000
1695308534334 1.0 44000
1695308550397 1.0 48000
1695308566540 1.0 52000
1695308582655 1.0 56000
1695308598933 1.0 60000
1695308614883 1.0 64000
1695308630943 1.0 68000
1695308646846 1.0 72000
1695308663008 1.0 76000
1695308679292 1.0 80000
1695308696637 1.0 84000
1695308714063 1.0 88000
1695308731347 1.0 92000
1695308748411 1.0 96000
1695308765527 1.0 100000
1695308782772 1.0 104000
1695308799756 1.0 108000
1695308816717 1.0 112000
1695308833793 1.0 116000
1695308850801 1.0 120000
1695308868030 1.0 124000
1695308885364 1.0 128000
1695308902914 1.0 132000
1695308920223 1.0 136000
1695308937655 1.0 140000
1695308955607 1.0 144000
1695308973214 1.0 148000
1695308990995 1.0 152000
1695309008050 1.0 156000
1695309025003 1.0 160000
1695309041869 1.0 164000
1695309058940 1.0 168000
1695309076343 1.0 172000
1695309093101 1.0 176000
1695309109788 1.0 180000
1695309126095 1.0 184000
1695309143036 1.0 188000
1695309161585 1.0 192000
1695309179094 1.0 196000
1695309196851 1.0 200000
1695309214104 1.0 204000
1695309232056 1.0 208000
1695309248768 1.0 212000
1695309265870 1.0 216000
1695309283769 1.0 220000
1695309301788 1.0 224000
1695309319324 1.0 228000
1695309336423 1.0 232000
1695309353411 1.0 236000
1695309370956 1.0 240000
1695309387737 1.0 244000
1695309404539 1.0 248000
1695309420960 1.0 252000
1695309437212 1.0 256000
1695309453716 1.0 260000
1695309470979 1.0 264000
1695309487886 1.0 268000
1695309504502 1.0 272000
1695309521809 1.0 276000
1695309538380 1.0 280000
1695309554816 1.0 284000
1695309571722 1.0 288000
1695309588302 1.0 292000
1695309604917 1.0 296000
1695309621175 1.0 300000
1695309637597 1.0 304000
1695309653948 1.0 308000
1695309670409 1.0 312000
1695309686888 1.0 316000
1695309703492 1.0 320000
1695309720098 1.0 324000
1695309736749 1.0 328000
1695309753464 1.0 332000
1695309770632 1.0 336000
1695309788421 1.0 340000
1695309806272 1.0 344000
1695309823916 1.0 348000
1695309841513 1.0 352000
1695309859431 1.0 356000
1695309877028 1.0 360000
1695309895224 1.0 364000
1695309912894 1.0 368000
1695309930500 1.0 372000
1695309948088 1.0 376000
1695309965657 1.0 380000
1695309983338 1.0 384000
1695310001803 1.0 388000
1695310019137 1.0 392000
1695310037239 1.0 396000
1695310058484 1.0 400000
1695310080081 1.0 404000
1695310099819 1.0 408000
1695310120012 1.0 412000
1695310136639 1.0 416000
1695310153339 1.0 420000
1695310170839 1.0 424000
1695310189087 1.0 428000
1695310207429 1.0 432000
1695310225682 1.0 436000
1695310244105 1.0 440000
1695310262419 1.0 444000
1695310280685 1.0 448000
1695310299179 1.0 452000
1695310318025 1.0 456000
1695310336753 1.0 460000
1695310355255 1.0 464000
1695310373920 1.0 468000
1695310392670 1.0 472000
1695310411154 1.0 476000
1695310429582 1.0 480000
1695310447986 1.0 484000
1695310466428 1.0 488000
1695310485068 1.0 492000
1695310503549 1.0 496000
1695310521961 1.0 500000
1695310540673 1.0 504000
1695310559016 1.0 508000
1695310577703 1.0 512000
1695310596046 1.0 516000
1695310614646 1.0 520000
1695310633209 1.0 524000
1695310651694 1.0 528000
1695310670047 1.0 532000
1695310688403 1.0 536000
1695310706907 1.0 540000
1695310725440 1.0 544000
1695310744045 1.0 548000
1695310762441 1.0 552000
1695310780971 1.0 556000
1695310799217 1.0 560000
1695310818171 1.0 564000
1695310836109 1.0 568000
1695310852902 1.0 572000
1695310869698 1.0 576000
1695310886299 1.0 580000
1695310903005 1.0 584000
1695310919910 1.0 588000
1695310937700 1.0 592000
1695310956088 1.0 596000
1695310974808 1.0 600000
1695310993480 1.0 604000
1695311012315 1.0 608000
1695311030808 1.0 612000
1695311049148 1.0 616000
1695311068396 1.0 620000
1695311087372 1.0 624000
1695311106025 1.0 628000
1695311124460 1.0 632000
1695311143131 1.0 636000
1695311161506 1.0 640000
1695311180096 1.0 644000
1695311198583 1.0 648000
1695311216995 1.0 652000
1695311235305 1.0 656000
1695311253705 1.0 660000
1695311272629 1.0 664000
1695311293300 1.0 668000
1695311312847 1.0 672000
1695311332571 1.0 676000
1695311352095 1.0 680000
1695311371349 1.0 684000
1695311391058 1.0 688000
1695311410766 1.0 692000
1695311430503 1.0 696000
1695311449847 1.0 700000
1695311469566 1.0 704000
1695311488981 1.0 708000
1695311507738 1.0 712000
1695311525276 1.0 716000
1695311545178 1.0 720000
1695311563419 1.0 724000
1695311580645 1.0 728000
1695311597892 1.0 732000
1695311614929 1.0 736000
1695311633131 1.0 740000
1695311651493 1.0 744000
1695311670645 1.0 748000
1695311688281 1.0 752000
1695311705509 1.0 756000
1695311723922 1.0 760000
1695311742168 1.0 764000
1695311760328 1.0 768000
1695311778425 1.0 772000
1695311796489 1.0 776000
1695311814060 1.0 780000
1695311831604 1.0 784000
