1695308366391 30.0 4000
1695308381978 30.0 8000
1695308398681 30.0 12000
1695308415489 30.0 16000
1695308433116 30.0 20000
1695308450629 30.0 24000
1695308467248 30.0 28000
1695308484575 30.0 32000
1695308501528 30.0 36000
1695308517822 30.0 40000
1695308534350 30.0 44000
1695308550412 30.0 48000
1695308566556 30.0 52000
1695308582671 30.0 56000
1695308598949 30.0 60000
1695308614898 30.0 64000
1695308630959 30.0 68000
1695308646862 30.0 72000
1695308663024 30.0 76000
1695308679308 30.0 80000
1695308696653 30.0 84000
1695308714079 30.0 88000
1695308731362 30.0 92000
1695308748429 30.0 96000
1695308765543 30.0 100000
1695308782788 30.0 104000
1695308799774 30.0 108000
1695308816733 30.0 112000
1695308833808 30.0 116000
1695308850817 30.0 120000
1695308868046 30.0 124000
1695308885379 30.0 128000
1695308902931 30.0 132000
1695308920239 30.0 136000
1695308937671 30.0 140000
1695308955624 30.0 144000
1695308973230 30.0 148000
1695308991012 30.0 152000
1695309008066 30.0 156000
1695309025019 30.0 160000
1695309041886 30.0 164000
1695309058957 30.0 168000
1695309076359 30.0 172000
1695309093117 30.0 176000
1695309109805 30.0 180000
1695309126111 30.0 184000
1695309143052 30.0 188000
1695309161603 30.0 192000
1695309179110 30.0 196000
1695309196867 30.0 200000
1695309214121 30.0 204000
1695309232072 30.0 208000
1695309248786 30.0 212000
1695309265885 30.0 216000
1695309283787 30.0 220000
1695309301807 30.0 224000
1695309319340 30.0 228000
1695309336439 30.0 232000
1695309353428 30.0 236000
1695309370972 30.0 240000
1695309387754 30.0 244000
1695309404555 30.0 248000
1695309420977 30.0 252000
1695309437228 30.0 256000
1695309453733 30.0 260000
1695309470996 30.0 264000
1695309487903 30.0 268000
1695309504518 30.0 272000
1695309521826 30.0 276000
1695309538398 30.0 280000
1695309554832 30.0 284000
1695309571739 30.0 288000
1695309588320 30.0 292000
1695309604933 30.0 296000
1695309621192 30.0 300000
1695309637613 30.0 304000
1695309653964 30.0 308000
1695309670425 30.0 312000
1695309686904 30.0 316000
1695309703508 30.0 320000
1695309720114 30.0 324000
1695309736765 30.0 328000
1695309753480 30.0 332000
1695309770648 30.0 336000
1695309788437 30.0 340000
1695309806288 30.0 344000
1695309823932 30.0 348000
1695309841529 30.0 352000
1695309859446 30.0 356000
1695309877044 30.0 360000
1695309895240 30.0 364000
1695309912910 30.0 368000
1695309930516 30.0 372000
1695309948104 30.0 376000
1695309965673 30.0 380000
1695309983354 30.0 384000
1695310001819 30.0 388000
1695310019153 30.0 392000
1695310037254 30.0 396000
1695310058503 30.0 400000
1695310080099 30.0 404000
1695310099836 30.0 408000
1695310120029 30.0 412000
1695310136655 30.0 416000
1695310153355 30.0 420000
1695310170855 30.0 424000
1695310189105 30.0 428000
1695310207445 30.0 432000
1695310225699 30.0 436000
1695310244121 30.0 440000
1695310262436 30.0 444000
1695310280704 30.0 448000
1695310299197 30.0 452000
1695310318041 30.0 456000
1695310336770 30.0 460000
1695310355271 30.0 464000
1695310373936 30.0 468000
1695310392687 30.0 472000
1695310411170 30.0 476000
1695310429598 30.0 480000
1695310448003 30.0 484000
1695310466445 30.0 488000
1695310485088 30.0 492000
1695310503565 30.0 496000
1695310521979 30.0 500000
1695310540689 30.0 504000
1695310559034 30.0 508000
1695310577719 30.0 512000
1695310596063 30.0 516000
1695310614662 30.0 520000
1695310633226 30.0 524000
1695310651711 30.0 528000
1695310670064 30.0 532000
1695310688420 30.0 536000
1695310706925 30.0 540000
1695310725457 30.0 544000
1695310744063 30.0 548000
1695310762464 30.0 552000
1695310780989 30.0 556000
1695310799233 30.0 560000
1695310818187 30.0 564000
1695310836125 30.0 568000
1695310852918 30.0 572000
1695310869714 30.0 576000
1695310886316 30.0 580000
1695310903021 30.0 584000
1695310919927 30.0 588000
1695310937716 30.0 592000
1695310956105 30.0 596000
1695310974824 30.0 600000
1695310993498 30.0 604000
1695311012332 30.0 608000
1695311030825 30.0 612000
1695311049164 30.0 616000
1695311068412 30.0 620000
1695311087389 30.0 624000
1695311106043 30.0 628000
1695311124478 30.0 632000
1695311143149 30.0 636000
1695311161524 30.0 640000
1695311180114 30.0 644000
1695311198599 30.0 648000
1695311217013 30.0 652000
1695311235322 30.0 656000
1695311253723 30.0 660000
1695311272646 30.0 664000
1695311293318 30.0 668000
1695311312865 30.0 672000
1695311332588 30.0 676000
1695311352112 30.0 680000
1695311371367 30.0 684000
1695311391074 30.0 688000
1695311410783 30.0 692000
1695311430520 30.0 696000
1695311449864 30.0 700000
1695311469583 30.0 704000
1695311488998 30.0 708000
1695311507755 30.0 712000
1695311525292 30.0 716000
1695311545195 30.0 720000
1695311563436 30.0 724000
1695311580661 30.0 728000
1695311597910 30.0 732000
1695311614945 30.0 736000
1695311633147 30.0 740000
1695311651509 30.0 744000
1695311670661 30.0 748000
1695311688296 30.0 752000
1695311705525 30.0 756000
1695311723938 30.0 760000
1695311742187 30.0 764000
1695311760345 30.0 768000
1695311778441 30.0 772000
1695311796505 30.0 776000
1695311814076 30.0 780000
1695311831621 30.0 784000
