1695308366393 10.0 4000
1695308381980 10.0 8000
1695308398683 10.0 12000
1695308415492 10.0 16000
1695308433118 10.0 20000
1695308450631 10.0 24000
1695308467250 10.0 28000
1695308484577 10.0 32000
1695308501531 10.0 36000
1695308517825 10.0 40000
1695308534352 10.0 44000
1695308550414 10.0 48000
1695308566558 10.0 52000
1695308582673 10.0 56000
1695308598951 10.0 60000
1695308614901 10.0 64000
1695308630961 10.0 68000
1695308646865 10.0 72000
1695308663026 10.0 76000
1695308679310 10.0 80000
1695308696655 10.0 84000
1695308714081 10.0 88000
1695308731365 10.0 92000
1695308748431 10.0 96000
1695308765546 10.0 100000
1695308782790 10.0 104000
1695308799776 10.0 108000
1695308816735 10.0 112000
1695308833811 10.0 116000
1695308850819 10.0 120000
1695308868048 10.0 124000
1695308885381 10.0 128000
1695308902933 10.0 132000
1695308920241 10.0 136000
1695308937673 10.0 140000
1695308955626 10.0 144000
1695308973232 10.0 148000
1695308991014 10.0 152000
1695309008069 10.0 156000
1695309025022 10.0 160000
1695309041888 10.0 164000
1695309058960 10.0 168000
1695309076361 10.0 172000
1695309093119 10.0 176000
1695309109807 10.0 180000
1695309126114 10.0 184000
1695309143054 10.0 188000
1695309161606 10.0 192000
1695309179112 10.0 196000
1695309196870 10.0 200000
1695309214123 10.0 204000
1695309232075 10.0 208000
1695309248788 10.0 212000
1695309265888 10.0 216000
1695309283789 10.0 220000
1695309301810 10.0 224000
1695309319343 10.0 228000
1695309336441 10.0 232000
1695309353430 10.0 236000
1695309370974 10.0 240000
1695309387756 10.0 244000
1695309404558 10.0 248000
1695309420979 10.0 252000
1695309437230 10.0 256000
1695309453735 10.0 260000
1695309470998 10.0 264000
1695309487906 10.0 268000
1695309504520 10.0 272000
1695309521828 10.0 276000
1695309538401 10.0 280000
1695309554834 10.0 284000
1695309571741 10.0 288000
1695309588323 10.0 292000
1695309604935 10.0 296000
1695309621194 10.0 300000
1695309637615 10.0 304000
1695309653967 10.0 308000
1695309670427 10.0 312000
1695309686907 10.0 316000
1695309703510 10.0 320000
1695309720117 10.0 324000
1695309736767 10.0 328000
1695309753482 10.0 332000
1695309770650 10.0 336000
1695309788440 10.0 340000
1695309806290 10.0 344000
1695309823934 10.0 348000
1695309841531 10.0 352000
1695309859448 10.0 356000
1695309877046 10.0 360000
1695309895243 10.0 364000
1695309912913 10.0 368000
1695309930518 10.0 372000
1695309948106 10.0 376000
1695309965675 10.0 380000
1695309983356 10.0 384000
1695310001821 10.0 388000
1695310019155 10.0 392000
1695310037256 10.0 396000
1695310058506 10.0 400000
1695310080102 10.0 404000
1695310099838 10.0 408000
1695310120031 10.0 412000
1695310136657 10.0 416000
1695310153358 10.0 420000
1695310170857 10.0 424000
1695310189107 10.0 428000
1695310207447 10.0 432000
1695310225701 10.0 436000
1695310244123 10.0 440000
1695310262438 10.0 444000
1695310280707 10.0 448000
1695310299200 10.0 452000
1695310318043 10.0 456000
1695310336772 10.0 460000
1695310355274 10.0 464000
1695310373939 10.0 468000
1695310392689 10.0 472000
1695310411173 10.0 476000
1695310429600 10.0 480000
1695310448006 10.0 484000
1695310466447 10.0 488000
1695310485090 10.0 492000
1695310503568 10.0 496000
1695310521981 10.0 500000
1695310540691 10.0 504000
1695310559036 10.0 508000
1695310577721 10.0 512000
1695310596066 10.0 516000
1695310614665 10.0 520000
1695310633228 10.0 524000
1695310651714 10.0 528000
1695310670066 10.0 532000
1695310688423 10.0 536000
1695310706927 10.0 540000
1695310725459 10.0 544000
1695310744065 10.0 548000
1695310762467 10.0 552000
1695310780991 10.0 556000
1695310799235 10.0 560000
1695310818189 10.0 564000
1695310836127 10.0 568000
1695310852920 10.0 572000
1695310869717 10.0 576000
1695310886319 10.0 580000
1695310903023 10.0 584000
1695310919929 10.0 588000
1695310937719 10.0 592000
1695310956107 10.0 596000
1695310974827 10.0 600000
1695310993500 10.0 604000
1695311012334 10.0 608000
1695311030828 10.0 612000
1695311049166 10.0 616000
1695311068414 10.0 620000
1695311087392 10.0 624000
1695311106046 10.0 628000
1695311124480 10.0 632000
1695311143152 10.0 636000
1695311161526 10.0 640000
1695311180116 10.0 644000
1695311198602 10.0 648000
1695311217015 10.0 652000
1695311235324 10.0 656000
1695311253725 10.0 660000
1695311272648 10.0 664000
1695311293320 10.0 668000
1695311312867 10.0 672000
1695311332590 10.0 676000
1695311352114 10.0 680000
1695311371369 10.0 684000
1695311391076 10.0 688000
1695311410785 10.0 692000
1695311430523 10.0 696000
1695311449866 10.0 700000
1695311469585 10.0 704000
1695311489000 10.0 708000
1695311507757 10.0 712000
1695311525295 10.0 716000
1695311545197 10.0 720000
1695311563438 10.0 724000
1695311580664 10.0 728000
1695311597913 10.0 732000
1695311614947 10.0 736000
1695311633149 10.0 740000
1695311651511 10.0 744000
1695311670663 10.0 748000
1695311688299 10.0 752000
1695311705528 10.0 756000
1695311723940 10.0 760000
1695311742190 10.0 764000
1695311760347 10.0 768000
1695311778444 10.0 772000
1695311796508 10.0 776000
1695311814078 10.0 780000
1695311831623 10.0 784000
