1695308366388 100.0 4000
1695308381974 100.0 8000
1695308398677 100.0 12000
1695308415485 100.0 16000
1695308433113 100.0 20000
1695308450625 100.0 24000
1695308467244 100.0 28000
1695308484572 100.0 32000
1695308501525 100.0 36000
1695308517819 100.0 40000
1695308534346 100.0 44000
1695308550409 100.0 48000
1695308566552 100.0 52000
1695308582667 100.0 56000
1695308598946 100.0 60000
1695308614895 100.0 64000
1695308630955 100.0 68000
1695308646858 100.0 72000
1695308663020 100.0 76000
1695308679304 100.0 80000
1695308696649 100.0 84000
1695308714075 100.0 88000
1695308731359 100.0 92000
1695308748425 100.0 96000
1695308765540 100.0 100000
1695308782784 100.0 104000
1695308799770 100.0 108000
1695308816729 100.0 112000
1695308833805 100.0 116000
1695308850813 100.0 120000
1695308868042 100.0 124000
1695308885376 100.0 128000
1695308902927 100.0 132000
1695308920235 100.0 136000
1695308937668 100.0 140000
1695308955620 100.0 144000
1695308973227 100.0 148000
1695308991008 100.0 152000
1695309008063 100.0 156000
1695309025016 100.0 160000
1695309041882 100.0 164000
1695309058954 100.0 168000
1695309076355 100.0 172000
1695309093113 100.0 176000
1695309109801 100.0 180000
1695309126108 100.0 184000
1695309143049 100.0 188000
1695309161600 100.0 192000
1695309179107 100.0 196000
1695309196864 100.0 200000
1695309214117 100.0 204000
1695309232069 100.0 208000
1695309248782 100.0 212000
1695309265882 100.0 216000
1695309283783 100.0 220000
1695309301803 100.0 224000
1695309319337 100.0 228000
1695309336435 100.0 232000
1695309353424 100.0 236000
1695309370969 100.0 240000
1695309387750 100.0 244000
1695309404552 100.0 248000
1695309420973 100.0 252000
1695309437224 100.0 256000
1695309453729 100.0 260000
1695309470992 100.0 264000
1695309487900 100.0 268000
1695309504515 100.0 272000
1695309521822 100.0 276000
1695309538395 100.0 280000
1695309554828 100.0 284000
1695309571735 100.0 288000
1695309588317 100.0 292000
1695309604929 100.0 296000
1695309621188 100.0 300000
1695309637610 100.0 304000
1695309653961 100.0 308000
1695309670421 100.0 312000
1695309686901 100.0 316000
1695309703504 100.0 320000
1695309720111 100.0 324000
1695309736761 100.0 328000
1695309753476 100.0 332000
1695309770644 100.0 336000
1695309788434 100.0 340000
1695309806284 100.0 344000
1695309823928 100.0 348000
1695309841525 100.0 352000
1695309859443 100.0 356000
1695309877041 100.0 360000
1695309895236 100.0 364000
1695309912907 100.0 368000
1695309930512 100.0 372000
1695309948100 100.0 376000
1695309965670 100.0 380000
1695309983350 100.0 384000
1695310001815 100.0 388000
1695310019149 100.0 392000
1695310037251 100.0 396000
1695310058499 100.0 400000
1695310080095 100.0 404000
1695310099832 100.0 408000
1695310120025 100.0 412000
1695310136651 100.0 416000
1695310153352 100.0 420000
1695310170851 100.0 424000
1695310189101 100.0 428000
1695310207442 100.0 432000
1695310225695 100.0 436000
1695310244117 100.0 440000
1695310262432 100.0 444000
1695310280700 100.0 448000
1695310299193 100.0 452000
1695310318037 100.0 456000
1695310336766 100.0 460000
1695310355268 100.0 464000
1695310373933 100.0 468000
1695310392683 100.0 472000
1695310411167 100.0 476000
1695310429595 100.0 480000
1695310447999 100.0 484000
1695310466441 100.0 488000
1695310485084 100.0 492000
1695310503562 100.0 496000
1695310521975 100.0 500000
1695310540685 100.0 504000
1695310559030 100.0 508000
1695310577715 100.0 512000
1695310596060 100.0 516000
1695310614659 100.0 520000
1695310633222 100.0 524000
1695310651708 100.0 528000
1695310670060 100.0 532000
1695310688416 100.0 536000
1695310706920 100.0 540000
1695310725453 100.0 544000
1695310744059 100.0 548000
1695310762460 100.0 552000
1695310780985 100.0 556000
1695310799230 100.0 560000
1695310818183 100.0 564000
1695310836122 100.0 568000
1695310852915 100.0 572000
1695310869711 100.0 576000
1695310886312 100.0 580000
1695310903017 100.0 584000
1695310919923 100.0 588000
1695310937712 100.0 592000
1695310956101 100.0 596000
1695310974821 100.0 600000
1695310993494 100.0 604000
1695311012328 100.0 608000
1695311030822 100.0 612000
1695311049160 100.0 616000
1695311068408 100.0 620000
1695311087386 100.0 624000
1695311106039 100.0 628000
1695311124474 100.0 632000
1695311143146 100.0 636000
1695311161520 100.0 640000
1695311180110 100.0 644000
1695311198596 100.0 648000
1695311217009 100.0 652000
1695311235318 100.0 656000
1695311253719 100.0 660000
1695311272642 100.0 664000
1695311293313 100.0 668000
1695311312861 100.0 672000
1695311332584 100.0 676000
1695311352108 100.0 680000
1695311371363 100.0 684000
1695311391070 100.0 688000
1695311410779 100.0 692000
1695311430516 100.0 696000
1695311449860 100.0 700000
1695311469579 100.0 704000
1695311488994 100.0 708000
1695311507751 100.0 712000
1695311525289 100.0 716000
1695311545191 100.0 720000
1695311563432 100.0 724000
1695311580658 100.0 728000
1695311597906 100.0 732000
1695311614942 100.0 736000
1695311633143 100.0 740000
1695311651505 100.0 744000
1695311670658 100.0 748000
1695311688293 100.0 752000
1695311705522 100.0 756000
1695311723934 100.0 760000
1695311742182 100.0 764000
1695311760341 100.0 768000
1695311778438 100.0 772000
1695311796502 100.0 776000
1695311814073 100.0 780000
1695311831617 100.0 784000
