1695308366376 1.0 4000
1695308381962 1.0 8000
1695308398664 1.0 12000
1695308415473 1.0 16000
1695308433101 1.0 20000
1695308450612 1.0 24000
1695308467232 1.0 28000
1695308484560 1.0 32000
1695308501512 1.0 36000
1695308517807 1.0 40000
1695308534335 1.0 44000
1695308550398 1.0 48000
1695308566541 1.0 52000
1695308582656 1.0 56000
1695308598934 1.0 60000
1695308614884 1.0 64000
1695308630944 1.0 68000
1695308646847 1.0 72000
1695308663009 1.0 76000
1695308679293 1.0 80000
1695308696638 1.0 84000
1695308714064 1.0 88000
1695308731348 1.0 92000
1695308748412 1.0 96000
1695308765528 1.0 100000
1695308782773 1.0 104000
1695308799758 1.0 108000
1695308816718 1.0 112000
1695308833794 1.0 116000
1695308850802 1.0 120000
1695308868031 1.0 124000
1695308885365 1.0 128000
1695308902915 1.0 132000
1695308920224 1.0 136000
1695308937656 1.0 140000
1695308955608 1.0 144000
1695308973215 1.0 148000
1695308990996 1.0 152000
1695309008051 1.0 156000
1695309025004 1.0 160000
1695309041870 1.0 164000
1695309058941 1.0 168000
1695309076344 1.0 172000
1695309093102 1.0 176000
1695309109789 1.0 180000
1695309126096 1.0 184000
1695309143037 1.0 188000
1695309161587 1.0 192000
1695309179095 1.0 196000
1695309196852 1.0 200000
1695309214105 1.0 204000
1695309232057 1.0 208000
1695309248769 1.0 212000
1695309265871 1.0 216000
1695309283770 1.0 220000
1695309301789 1.0 224000
1695309319325 1.0 228000
1695309336424 1.0 232000
1695309353412 1.0 236000
1695309370957 1.0 240000
1695309387738 1.0 244000
1695309404540 1.0 248000
1695309420961 1.0 252000
1695309437213 1.0 256000
1695309453717 1.0 260000
1695309470980 1.0 264000
1695309487887 1.0 268000
1695309504503 1.0 272000
1695309521810 1.0 276000
1695309538381 1.0 280000
1695309554817 1.0 284000
1695309571724 1.0 288000
1695309588303 1.0 292000
1695309604918 1.0 296000
1695309621176 1.0 300000
1695309637598 1.0 304000
1695309653949 1.0 308000
1695309670410 1.0 312000
1695309686889 1.0 316000
1695309703493 1.0 320000
1695309720099 1.0 324000
1695309736750 1.0 328000
1695309753465 1.0 332000
1695309770633 1.0 336000
1695309788422 1.0 340000
1695309806273 1.0 344000
1695309823917 1.0 348000
1695309841514 1.0 352000
1695309859432 1.0 356000
1695309877029 1.0 360000
1695309895225 1.0 364000
1695309912895 1.0 368000
1695309930501 1.0 372000
1695309948089 1.0 376000
1695309965658 1.0 380000
1695309983339 1.0 384000
1695310001804 1.0 388000
1695310019138 1.0 392000
1695310037240 1.0 396000
1695310058486 1.0 400000
1695310080082 1.0 404000
1695310099820 1.0 408000
1695310120013 1.0 412000
1695310136640 1.0 416000
1695310153340 1.0 420000
1695310170840 1.0 424000
1695310189088 1.0 428000
1695310207430 1.0 432000
1695310225683 1.0 436000
1695310244106 1.0 440000
1695310262420 1.0 444000
1695310280686 1.0 448000
1695310299180 1.0 452000
1695310318026 1.0 456000
1695310336754 1.0 460000
1695310355256 1.0 464000
1695310373921 1.0 468000
1695310392671 1.0 472000
1695310411155 1.0 476000
1695310429583 1.0 480000
1695310447987 1.0 484000
1695310466429 1.0 488000
1695310485070 1.0 492000
1695310503550 1.0 496000
1695310521962 1.0 500000
1695310540674 1.0 504000
1695310559017 1.0 508000
1695310577704 1.0 512000
1695310596047 1.0 516000
1695310614647 1.0 520000
1695310633210 1.0 524000
1695310651695 1.0 528000
1695310670048 1.0 532000
1695310688404 1.0 536000
1695310706908 1.0 540000
1695310725441 1.0 544000
1695310744046 1.0 548000
1695310762442 1.0 552000
1695310780972 1.0 556000
1695310799218 1.0 560000
1695310818172 1.0 564000
1695310836110 1.0 568000
1695310852903 1.0 572000
1695310869699 1.0 576000
1695310886300 1.0 580000
1695310903006 1.0 584000
1695310919912 1.0 588000
1695310937701 1.0 592000
1695310956089 1.0 596000
1695310974809 1.0 600000
1695310993481 1.0 604000
1695311012316 1.0 608000
1695311030809 1.0 612000
1695311049149 1.0 616000
1695311068397 1.0 620000
1695311087373 1.0 624000
1695311106026 1.0 628000
1695311124462 1.0 632000
1695311143133 1.0 636000
1695311161508 1.0 640000
1695311180097 1.0 644000
1695311198584 1.0 648000
1695311216996 1.0 652000
1695311235307 1.0 656000
1695311253706 1.0 660000
1695311272631 1.0 664000
1695311293301 1.0 668000
1695311312849 1.0 672000
1695311332573 1.0 676000
1695311352096 1.0 680000
1695311371351 1.0 684000
1695311391059 1.0 688000
1695311410767 1.0 692000
1695311430504 1.0 696000
1695311449848 1.0 700000
1695311469567 1.0 704000
1695311488982 1.0 708000
1695311507739 1.0 712000
1695311525277 1.0 716000
1695311545179 1.0 720000
1695311563420 1.0 724000
1695311580646 1.0 728000
1695311597893 1.0 732000
1695311614930 1.0 736000
1695311633132 1.0 740000
1695311651494 1.0 744000
1695311670646 1.0 748000
1695311688282 1.0 752000
1695311705510 1.0 756000
1695311723923 1.0 760000
1695311742169 1.0 764000
1695311760329 1.0 768000
1695311778426 1.0 772000
1695311796490 1.0 776000
1695311814061 1.0 780000
1695311831605 1.0 784000
