1695308366383 1.0 4000
1695308381970 1.0 8000
1695308398672 1.0 12000
1695308415481 1.0 16000
1695308433108 1.0 20000
1695308450620 1.0 24000
1695308467239 1.0 28000
1695308484567 1.0 32000
1695308501520 1.0 36000
1695308517814 1.0 40000
1695308534342 1.0 44000
1695308550404 1.0 48000
1695308566548 1.0 52000
1695308582663 1.0 56000
1695308598941 1.0 60000
1695308614891 1.0 64000
1695308630951 1.0 68000
1695308646854 1.0 72000
1695308663016 1.0 76000
1695308679300 1.0 80000
1695308696645 1.0 84000
1695308714071 1.0 88000
1695308731355 1.0 92000
1695308748420 1.0 96000
1695308765536 1.0 100000
1695308782780 1.0 104000
1695308799765 1.0 108000
1695308816725 1.0 112000
1695308833801 1.0 116000
1695308850809 1.0 120000
1695308868038 1.0 124000
1695308885372 1.0 128000
1695308902923 1.0 132000
1695308920231 1.0 136000
1695308937663 1.0 140000
1695308955616 1.0 144000
1695308973222 1.0 148000
1695308991004 1.0 152000
1695309008058 1.0 156000
1695309025011 1.0 160000
1695309041878 1.0 164000
1695309058949 1.0 168000
1695309076351 1.0 172000
1695309093109 1.0 176000
1695309109797 1.0 180000
1695309126103 1.0 184000
1695309143044 1.0 188000
1695309161595 1.0 192000
1695309179102 1.0 196000
1695309196859 1.0 200000
1695309214113 1.0 204000
1695309232064 1.0 208000
1695309248777 1.0 212000
1695309265878 1.0 216000
1695309283778 1.0 220000
1695309301797 1.0 224000
1695309319332 1.0 228000
1695309336431 1.0 232000
1695309353420 1.0 236000
1695309370964 1.0 240000
1695309387746 1.0 244000
1695309404547 1.0 248000
1695309420969 1.0 252000
1695309437220 1.0 256000
1695309453725 1.0 260000
1695309470988 1.0 264000
1695309487895 1.0 268000
1695309504511 1.0 272000
1695309521818 1.0 276000
1695309538390 1.0 280000
1695309554824 1.0 284000
1695309571731 1.0 288000
1695309588312 1.0 292000
1695309604925 1.0 296000
1695309621183 1.0 300000
1695309637605 1.0 304000
1695309653957 1.0 308000
1695309670417 1.0 312000
1695309686897 1.0 316000
1695309703500 1.0 320000
1695309720107 1.0 324000
1695309736757 1.0 328000
1695309753472 1.0 332000
1695309770640 1.0 336000
1695309788430 1.0 340000
1695309806280 1.0 344000
1695309823924 1.0 348000
1695309841521 1.0 352000
1695309859439 1.0 356000
1695309877037 1.0 360000
1695309895232 1.0 364000
1695309912903 1.0 368000
1695309930508 1.0 372000
1695309948096 1.0 376000
1695309965665 1.0 380000
1695309983346 1.0 384000
1695310001811 1.0 388000
1695310019145 1.0 392000
1695310037246 1.0 396000
1695310058494 1.0 400000
1695310080090 1.0 404000
1695310099828 1.0 408000
1695310120020 1.0 412000
1695310136647 1.0 416000
1695310153347 1.0 420000
1695310170847 1.0 424000
1695310189096 1.0 428000
1695310207437 1.0 432000
1695310225690 1.0 436000
1695310244113 1.0 440000
1695310262428 1.0 444000
1695310280695 1.0 448000
1695310299188 1.0 452000
1695310318033 1.0 456000
1695310336761 1.0 460000
1695310355263 1.0 464000
1695310373928 1.0 468000
1695310392679 1.0 472000
1695310411162 1.0 476000
1695310429590 1.0 480000
1695310447995 1.0 484000
1695310466437 1.0 488000
1695310485077 1.0 492000
1695310503557 1.0 496000
1695310521970 1.0 500000
1695310540681 1.0 504000
1695310559025 1.0 508000
1695310577711 1.0 512000
1695310596055 1.0 516000
1695310614654 1.0 520000
1695310633218 1.0 524000
1695310651703 1.0 528000
1695310670055 1.0 532000
1695310688411 1.0 536000
1695310706916 1.0 540000
1695310725449 1.0 544000
1695310744054 1.0 548000
1695310762455 1.0 552000
1695310780980 1.0 556000
1695310799225 1.0 560000
1695310818179 1.0 564000
1695310836117 1.0 568000
1695310852910 1.0 572000
1695310869706 1.0 576000
1695310886308 1.0 580000
1695310903013 1.0 584000
1695310919919 1.0 588000
1695310937708 1.0 592000
1695310956096 1.0 596000
1695310974816 1.0 600000
1695310993489 1.0 604000
1695311012323 1.0 608000
1695311030817 1.0 612000
1695311049156 1.0 616000
1695311068404 1.0 620000
1695311087381 1.0 624000
1695311106034 1.0 628000
1695311124469 1.0 632000
1695311143141 1.0 636000
1695311161515 1.0 640000
1695311180105 1.0 644000
1695311198591 1.0 648000
1695311217004 1.0 652000
1695311235314 1.0 656000
1695311253714 1.0 660000
1695311272638 1.0 664000
1695311293309 1.0 668000
1695311312857 1.0 672000
1695311332580 1.0 676000
1695311352103 1.0 680000
1695311371359 1.0 684000
1695311391066 1.0 688000
1695311410775 1.0 692000
1695311430512 1.0 696000
1695311449855 1.0 700000
1695311469575 1.0 704000
1695311488989 1.0 708000
1695311507747 1.0 712000
1695311525284 1.0 716000
1695311545187 1.0 720000
1695311563427 1.0 724000
1695311580653 1.0 728000
1695311597901 1.0 732000
1695311614937 1.0 736000
1695311633139 1.0 740000
1695311651501 1.0 744000
1695311670653 1.0 748000
1695311688289 1.0 752000
1695311705517 1.0 756000
1695311723930 1.0 760000
1695311742177 1.0 764000
1695311760337 1.0 768000
1695311778433 1.0 772000
1695311796497 1.0 776000
1695311814068 1.0 780000
1695311831613 1.0 784000
