1695308366382 67108864.0 4000
1695308381969 67108864.0 8000
1695308398671 67108864.0 12000
1695308415480 67108864.0 16000
1695308433107 67108864.0 20000
1695308450619 67108864.0 24000
1695308467238 67108864.0 28000
1695308484566 67108864.0 32000
1695308501519 67108864.0 36000
1695308517813 67108864.0 40000
1695308534341 67108864.0 44000
1695308550403 67108864.0 48000
1695308566547 67108864.0 52000
1695308582662 67108864.0 56000
1695308598940 67108864.0 60000
1695308614890 67108864.0 64000
1695308630950 67108864.0 68000
1695308646853 67108864.0 72000
1695308663015 67108864.0 76000
1695308679299 67108864.0 80000
1695308696644 67108864.0 84000
1695308714070 67108864.0 88000
1695308731354 67108864.0 92000
1695308748419 67108864.0 96000
1695308765534 67108864.0 100000
1695308782779 67108864.0 104000
1695308799764 67108864.0 108000
1695308816724 67108864.0 112000
1695308833800 67108864.0 116000
1695308850808 67108864.0 120000
1695308868037 67108864.0 124000
1695308885370 67108864.0 128000
1695308902922 67108864.0 132000
1695308920230 67108864.0 136000
1695308937662 67108864.0 140000
1695308955614 67108864.0 144000
1695308973221 67108864.0 148000
1695308991003 67108864.0 152000
1695309008057 67108864.0 156000
1695309025010 67108864.0 160000
1695309041876 67108864.0 164000
1695309058948 67108864.0 168000
1695309076350 67108864.0 172000
1695309093108 67108864.0 176000
1695309109796 67108864.0 180000
1695309126102 67108864.0 184000
1695309143043 67108864.0 188000
1695309161593 67108864.0 192000
1695309179101 67108864.0 196000
1695309196858 67108864.0 200000
1695309214112 67108864.0 204000
1695309232063 67108864.0 208000
1695309248776 67108864.0 212000
1695309265877 67108864.0 216000
1695309283777 67108864.0 220000
1695309301796 67108864.0 224000
1695309319331 67108864.0 228000
1695309336430 67108864.0 232000
1695309353419 67108864.0 236000
1695309370963 67108864.0 240000
1695309387745 67108864.0 244000
1695309404546 67108864.0 248000
1695309420968 67108864.0 252000
1695309437219 67108864.0 256000
1695309453724 67108864.0 260000
1695309470987 67108864.0 264000
1695309487894 67108864.0 268000
1695309504510 67108864.0 272000
1695309521817 67108864.0 276000
1695309538389 67108864.0 280000
1695309554823 67108864.0 284000
1695309571730 67108864.0 288000
1695309588311 67108864.0 292000
1695309604924 67108864.0 296000
1695309621182 67108864.0 300000
1695309637604 67108864.0 304000
1695309653955 67108864.0 308000
1695309670416 67108864.0 312000
1695309686896 67108864.0 316000
1695309703499 67108864.0 320000
1695309720105 67108864.0 324000
1695309736756 67108864.0 328000
1695309753471 67108864.0 332000
1695309770639 67108864.0 336000
1695309788429 67108864.0 340000
1695309806279 67108864.0 344000
1695309823923 67108864.0 348000
1695309841520 67108864.0 352000
1695309859438 67108864.0 356000
1695309877035 67108864.0 360000
1695309895231 67108864.0 364000
1695309912902 67108864.0 368000
1695309930507 67108864.0 372000
1695309948095 67108864.0 376000
1695309965664 67108864.0 380000
1695309983345 67108864.0 384000
1695310001810 67108864.0 388000
1695310019144 67108864.0 392000
1695310037245 67108864.0 396000
1695310058493 67108864.0 400000
1695310080089 67108864.0 404000
1695310099826 67108864.0 408000
1695310120019 67108864.0 412000
1695310136646 67108864.0 416000
1695310153346 67108864.0 420000
1695310170846 67108864.0 424000
1695310189095 67108864.0 428000
1695310207436 67108864.0 432000
1695310225689 67108864.0 436000
1695310244112 67108864.0 440000
1695310262427 67108864.0 444000
1695310280694 67108864.0 448000
1695310299187 67108864.0 452000
1695310318032 67108864.0 456000
1695310336760 67108864.0 460000
1695310355262 67108864.0 464000
1695310373927 67108864.0 468000
1695310392678 67108864.0 472000
1695310411161 67108864.0 476000
1695310429589 67108864.0 480000
1695310447994 67108864.0 484000
1695310466435 67108864.0 488000
1695310485076 67108864.0 492000
1695310503556 67108864.0 496000
1695310521969 67108864.0 500000
1695310540680 67108864.0 504000
1695310559024 67108864.0 508000
1695310577710 67108864.0 512000
1695310596054 67108864.0 516000
1695310614653 67108864.0 520000
1695310633217 67108864.0 524000
1695310651702 67108864.0 528000
1695310670054 67108864.0 532000
1695310688410 67108864.0 536000
1695310706914 67108864.0 540000
1695310725448 67108864.0 544000
1695310744053 67108864.0 548000
1695310762453 67108864.0 552000
1695310780979 67108864.0 556000
1695310799224 67108864.0 560000
1695310818178 67108864.0 564000
1695310836116 67108864.0 568000
1695310852909 67108864.0 572000
1695310869705 67108864.0 576000
1695310886307 67108864.0 580000
1695310903012 67108864.0 584000
1695310919918 67108864.0 588000
1695310937707 67108864.0 592000
1695310956095 67108864.0 596000
1695310974815 67108864.0 600000
1695310993488 67108864.0 604000
1695311012322 67108864.0 608000
1695311030816 67108864.0 612000
1695311049155 67108864.0 616000
1695311068403 67108864.0 620000
1695311087380 67108864.0 624000
1695311106033 67108864.0 628000
1695311124468 67108864.0 632000
1695311143140 67108864.0 636000
1695311161514 67108864.0 640000
1695311180104 67108864.0 644000
1695311198590 67108864.0 648000
1695311217003 67108864.0 652000
1695311235313 67108864.0 656000
1695311253713 67108864.0 660000
1695311272637 67108864.0 664000
1695311293308 67108864.0 668000
1695311312855 67108864.0 672000
1695311332579 67108864.0 676000
1695311352102 67108864.0 680000
1695311371357 67108864.0 684000
1695311391065 67108864.0 688000
1695311410774 67108864.0 692000
1695311430511 67108864.0 696000
1695311449854 67108864.0 700000
1695311469574 67108864.0 704000
1695311488988 67108864.0 708000
1695311507746 67108864.0 712000
1695311525283 67108864.0 716000
1695311545186 67108864.0 720000
1695311563426 67108864.0 724000
1695311580652 67108864.0 728000
1695311597900 67108864.0 732000
1695311614936 67108864.0 736000
1695311633138 67108864.0 740000
1695311651500 67108864.0 744000
1695311670652 67108864.0 748000
1695311688288 67108864.0 752000
1695311705516 67108864.0 756000
1695311723929 67108864.0 760000
1695311742176 67108864.0 764000
1695311760336 67108864.0 768000
1695311778432 67108864.0 772000
1695311796496 67108864.0 776000
1695311814067 67108864.0 780000
1695311831612 67108864.0 784000
