1695308366382 0.0 4000
1695308381968 0.0 8000
1695308398670 0.0 12000
1695308415479 0.0 16000
1695308433107 0.0 20000
1695308450618 0.0 24000
1695308467238 0.0 28000
1695308484566 0.0 32000
1695308501519 0.0 36000
1695308517813 0.0 40000
1695308534341 0.0 44000
1695308550403 0.0 48000
1695308566547 0.0 52000
1695308582661 0.0 56000
1695308598940 0.0 60000
1695308614889 0.0 64000
1695308630950 0.0 68000
1695308646853 0.0 72000
1695308663014 0.0 76000
1695308679299 0.0 80000
1695308696644 0.0 84000
1695308714070 0.0 88000
1695308731353 0.0 92000
1695308748418 0.0 96000
1695308765534 0.0 100000
1695308782779 0.0 104000
1695308799764 0.0 108000
1695308816724 0.0 112000
1695308833799 0.0 116000
1695308850808 0.0 120000
1695308868037 0.0 124000
1695308885370 0.0 128000
1695308902921 0.0 132000
1695308920229 0.0 136000
1695308937662 0.0 140000
1695308955614 0.0 144000
1695308973221 0.0 148000
1695308991002 0.0 152000
1695309008057 0.0 156000
1695309025010 0.0 160000
1695309041876 0.0 164000
1695309058947 0.0 168000
1695309076350 0.0 172000
1695309093108 0.0 176000
1695309109795 0.0 180000
1695309126102 0.0 184000
1695309143043 0.0 188000
1695309161593 0.0 192000
1695309179101 0.0 196000
1695309196858 0.0 200000
1695309214111 0.0 204000
1695309232063 0.0 208000
1695309248775 0.0 212000
1695309265876 0.0 216000
1695309283777 0.0 220000
1695309301796 0.0 224000
1695309319331 0.0 228000
1695309336429 0.0 232000
1695309353418 0.0 236000
1695309370963 0.0 240000
1695309387744 0.0 244000
1695309404546 0.0 248000
1695309420967 0.0 252000
1695309437219 0.0 256000
1695309453723 0.0 260000
1695309470986 0.0 264000
1695309487893 0.0 268000
1695309504509 0.0 272000
1695309521816 0.0 276000
1695309538389 0.0 280000
1695309554822 0.0 284000
1695309571729 0.0 288000
1695309588310 0.0 292000
1695309604923 0.0 296000
1695309621182 0.0 300000
1695309637604 0.0 304000
1695309653955 0.0 308000
1695309670415 0.0 312000
1695309686895 0.0 316000
1695309703498 0.0 320000
1695309720105 0.0 324000
1695309736755 0.0 328000
1695309753470 0.0 332000
1695309770639 0.0 336000
1695309788428 0.0 340000
1695309806278 0.0 344000
1695309823922 0.0 348000
1695309841520 0.0 352000
1695309859437 0.0 356000
1695309877035 0.0 360000
1695309895230 0.0 364000
1695309912901 0.0 368000
1695309930506 0.0 372000
1695309948094 0.0 376000
1695309965664 0.0 380000
1695309983344 0.0 384000
1695310001809 0.0 388000
1695310019144 0.0 392000
1695310037245 0.0 396000
1695310058492 0.0 400000
1695310080089 0.0 404000
1695310099826 0.0 408000
1695310120019 0.0 412000
1695310136645 0.0 416000
1695310153346 0.0 420000
1695310170845 0.0 424000
1695310189095 0.0 428000
1695310207436 0.0 432000
1695310225689 0.0 436000
1695310244111 0.0 440000
1695310262426 0.0 444000
1695310280693 0.0 448000
1695310299187 0.0 452000
1695310318032 0.0 456000
1695310336760 0.0 460000
1695310355262 0.0 464000
1695310373927 0.0 468000
1695310392677 0.0 472000
1695310411161 0.0 476000
1695310429589 0.0 480000
1695310447993 0.0 484000
1695310466435 0.0 488000
1695310485076 0.0 492000
1695310503556 0.0 496000
1695310521968 0.0 500000
1695310540680 0.0 504000
1695310559023 0.0 508000
1695310577710 0.0 512000
1695310596053 0.0 516000
1695310614653 0.0 520000
1695310633216 0.0 524000
1695310651701 0.0 528000
1695310670054 0.0 532000
1695310688410 0.0 536000
1695310706914 0.0 540000
1695310725447 0.0 544000
1695310744053 0.0 548000
1695310762453 0.0 552000
1695310780978 0.0 556000
1695310799224 0.0 560000
1695310818177 0.0 564000
1695310836116 0.0 568000
1695310852909 0.0 572000
1695310869704 0.0 576000
1695310886306 0.0 580000
1695310903011 0.0 584000
1695310919917 0.0 588000
1695310937707 0.0 592000
1695310956095 0.0 596000
1695310974815 0.0 600000
1695310993487 0.0 604000
1695311012322 0.0 608000
1695311030815 0.0 612000
1695311049154 0.0 616000
1695311068403 0.0 620000
1695311087380 0.0 624000
1695311106033 0.0 628000
1695311124467 0.0 632000
1695311143140 0.0 636000
1695311161514 0.0 640000
1695311180104 0.0 644000
1695311198590 0.0 648000
1695311217003 0.0 652000
1695311235312 0.0 656000
1695311253713 0.0 660000
1695311272636 0.0 664000
1695311293307 0.0 668000
1695311312855 0.0 672000
1695311332578 0.0 676000
1695311352102 0.0 680000
1695311371357 0.0 684000
1695311391064 0.0 688000
1695311410773 0.0 692000
1695311430510 0.0 696000
1695311449854 0.0 700000
1695311469573 0.0 704000
1695311488988 0.0 708000
1695311507745 0.0 712000
1695311525283 0.0 716000
1695311545185 0.0 720000
1695311563426 0.0 724000
1695311580652 0.0 728000
1695311597900 0.0 732000
1695311614936 0.0 736000
1695311633138 0.0 740000
1695311651499 0.0 744000
1695311670652 0.0 748000
1695311688287 0.0 752000
1695311705516 0.0 756000
1695311723928 0.0 760000
1695311742176 0.0 764000
1695311760335 0.0 768000
1695311778432 0.0 772000
1695311796495 0.0 776000
1695311814067 0.0 780000
1695311831611 0.0 784000
