1695308366387 0.0 4000
1695308381973 0.0 8000
1695308398676 0.0 12000
1695308415484 0.0 16000
1695308433112 0.0 20000
1695308450624 0.0 24000
1695308467243 0.0 28000
1695308484571 0.0 32000
1695308501524 0.0 36000
1695308517818 0.0 40000
1695308534346 0.0 44000
1695308550408 0.0 48000
1695308566552 0.0 52000
1695308582666 0.0 56000
1695308598945 0.0 60000
1695308614894 0.0 64000
1695308630955 0.0 68000
1695308646858 0.0 72000
1695308663019 0.0 76000
1695308679304 0.0 80000
1695308696648 0.0 84000
1695308714075 0.0 88000
1695308731358 0.0 92000
1695308748424 0.0 96000
1695308765539 0.0 100000
1695308782784 0.0 104000
1695308799769 0.0 108000
1695308816728 0.0 112000
1695308833804 0.0 116000
1695308850813 0.0 120000
1695308868041 0.0 124000
1695308885375 0.0 128000
1695308902926 0.0 132000
1695308920234 0.0 136000
1695308937667 0.0 140000
1695308955619 0.0 144000
1695308973226 0.0 148000
1695308991007 0.0 152000
1695309008062 0.0 156000
1695309025015 0.0 160000
1695309041881 0.0 164000
1695309058953 0.0 168000
1695309076354 0.0 172000
1695309093112 0.0 176000
1695309109800 0.0 180000
1695309126107 0.0 184000
1695309143048 0.0 188000
1695309161599 0.0 192000
1695309179106 0.0 196000
1695309196863 0.0 200000
1695309214116 0.0 204000
1695309232068 0.0 208000
1695309248781 0.0 212000
1695309265881 0.0 216000
1695309283782 0.0 220000
1695309301802 0.0 224000
1695309319336 0.0 228000
1695309336434 0.0 232000
1695309353423 0.0 236000
1695309370968 0.0 240000
1695309387749 0.0 244000
1695309404551 0.0 248000
1695309420972 0.0 252000
1695309437224 0.0 256000
1695309453728 0.0 260000
1695309470991 0.0 264000
1695309487899 0.0 268000
1695309504514 0.0 272000
1695309521821 0.0 276000
1695309538394 0.0 280000
1695309554828 0.0 284000
1695309571734 0.0 288000
1695309588316 0.0 292000
1695309604928 0.0 296000
1695309621187 0.0 300000
1695309637609 0.0 304000
1695309653960 0.0 308000
1695309670420 0.0 312000
1695309686900 0.0 316000
1695309703503 0.0 320000
1695309720110 0.0 324000
1695309736760 0.0 328000
1695309753475 0.0 332000
1695309770644 0.0 336000
1695309788433 0.0 340000
1695309806283 0.0 344000
1695309823927 0.0 348000
1695309841525 0.0 352000
1695309859442 0.0 356000
1695309877040 0.0 360000
1695309895236 0.0 364000
1695309912906 0.0 368000
1695309930512 0.0 372000
1695309948099 0.0 376000
1695309965669 0.0 380000
1695309983349 0.0 384000
1695310001814 0.0 388000
1695310019149 0.0 392000
1695310037250 0.0 396000
1695310058498 0.0 400000
1695310080094 0.0 404000
1695310099831 0.0 408000
1695310120024 0.0 412000
1695310136650 0.0 416000
1695310153351 0.0 420000
1695310170850 0.0 424000
1695310189100 0.0 428000
1695310207441 0.0 432000
1695310225694 0.0 436000
1695310244116 0.0 440000
1695310262431 0.0 444000
1695310280699 0.0 448000
1695310299192 0.0 452000
1695310318037 0.0 456000
1695310336765 0.0 460000
1695310355267 0.0 464000
1695310373932 0.0 468000
1695310392682 0.0 472000
1695310411166 0.0 476000
1695310429594 0.0 480000
1695310447998 0.0 484000
1695310466440 0.0 488000
1695310485083 0.0 492000
1695310503561 0.0 496000
1695310521974 0.0 500000
1695310540685 0.0 504000
1695310559029 0.0 508000
1695310577715 0.0 512000
1695310596059 0.0 516000
1695310614658 0.0 520000
1695310633221 0.0 524000
1695310651706 0.0 528000
1695310670059 0.0 532000
1695310688415 0.0 536000
1695310706919 0.0 540000
1695310725452 0.0 544000
1695310744058 0.0 548000
1695310762460 0.0 552000
1695310780984 0.0 556000
1695310799229 0.0 560000
1695310818182 0.0 564000
1695310836121 0.0 568000
1695310852914 0.0 572000
1695310869710 0.0 576000
1695310886312 0.0 580000
1695310903016 0.0 584000
1695310919922 0.0 588000
1695310937712 0.0 592000
1695310956100 0.0 596000
1695310974820 0.0 600000
1695310993493 0.0 604000
1695311012327 0.0 608000
1695311030821 0.0 612000
1695311049160 0.0 616000
1695311068408 0.0 620000
1695311087385 0.0 624000
1695311106038 0.0 628000
1695311124473 0.0 632000
1695311143145 0.0 636000
1695311161519 0.0 640000
1695311180109 0.0 644000
1695311198595 0.0 648000
1695311217008 0.0 652000
1695311235317 0.0 656000
1695311253718 0.0 660000
1695311272641 0.0 664000
1695311293313 0.0 668000
1695311312860 0.0 672000
1695311332583 0.0 676000
1695311352107 0.0 680000
1695311371362 0.0 684000
1695311391069 0.0 688000
1695311410778 0.0 692000
1695311430515 0.0 696000
1695311449859 0.0 700000
1695311469578 0.0 704000
1695311488993 0.0 708000
1695311507750 0.0 712000
1695311525288 0.0 716000
1695311545190 0.0 720000
1695311563431 0.0 724000
1695311580657 0.0 728000
1695311597905 0.0 732000
1695311614941 0.0 736000
1695311633143 0.0 740000
1695311651504 0.0 744000
1695311670657 0.0 748000
1695311688292 0.0 752000
1695311705521 0.0 756000
1695311723933 0.0 760000
1695311742181 0.0 764000
1695311760340 0.0 768000
1695311778437 0.0 772000
1695311796501 0.0 776000
1695311814072 0.0 780000
1695311831616 0.0 784000
