1695308366379 0.0 4000
1695308381965 0.0 8000
1695308398667 0.0 12000
1695308415476 0.0 16000
1695308433104 0.0 20000
1695308450615 0.0 24000
1695308467235 0.0 28000
1695308484563 0.0 32000
1695308501515 0.0 36000
1695308517810 0.0 40000
1695308534338 0.0 44000
1695308550400 0.0 48000
1695308566544 0.0 52000
1695308582659 0.0 56000
1695308598937 0.0 60000
1695308614887 0.0 64000
1695308630947 0.0 68000
1695308646850 0.0 72000
1695308663012 0.0 76000
1695308679296 0.0 80000
1695308696641 0.0 84000
1695308714067 0.0 88000
1695308731351 0.0 92000
1695308748415 0.0 96000
1695308765531 0.0 100000
1695308782776 0.0 104000
1695308799761 0.0 108000
1695308816721 0.0 112000
1695308833797 0.0 116000
1695308850805 0.0 120000
1695308868034 0.0 124000
1695308885367 0.0 128000
1695308902918 0.0 132000
1695308920227 0.0 136000
1695308937659 0.0 140000
1695308955611 0.0 144000
1695308973218 0.0 148000
1695308990999 0.0 152000
1695309008054 0.0 156000
1695309025007 0.0 160000
1695309041873 0.0 164000
1695309058944 0.0 168000
1695309076347 0.0 172000
1695309093105 0.0 176000
1695309109792 0.0 180000
1695309126099 0.0 184000
1695309143040 0.0 188000
1695309161590 0.0 192000
1695309179098 0.0 196000
1695309196855 0.0 200000
1695309214108 0.0 204000
1695309232060 0.0 208000
1695309248773 0.0 212000
1695309265873 0.0 216000
1695309283774 0.0 220000
1695309301792 0.0 224000
1695309319328 0.0 228000
1695309336427 0.0 232000
1695309353415 0.0 236000
1695309370960 0.0 240000
1695309387741 0.0 244000
1695309404543 0.0 248000
1695309420964 0.0 252000
1695309437216 0.0 256000
1695309453720 0.0 260000
1695309470983 0.0 264000
1695309487890 0.0 268000
1695309504506 0.0 272000
1695309521813 0.0 276000
1695309538385 0.0 280000
1695309554820 0.0 284000
1695309571726 0.0 288000
1695309588307 0.0 292000
1695309604921 0.0 296000
1695309621179 0.0 300000
1695309637601 0.0 304000
1695309653952 0.0 308000
1695309670412 0.0 312000
1695309686893 0.0 316000
1695309703496 0.0 320000
1695309720102 0.0 324000
1695309736753 0.0 328000
1695309753468 0.0 332000
1695309770636 0.0 336000
1695309788425 0.0 340000
1695309806275 0.0 344000
1695309823920 0.0 348000
1695309841517 0.0 352000
1695309859434 0.0 356000
1695309877032 0.0 360000
1695309895228 0.0 364000
1695309912898 0.0 368000
1695309930504 0.0 372000
1695309948091 0.0 376000
1695309965661 0.0 380000
1695309983342 0.0 384000
1695310001807 0.0 388000
1695310019141 0.0 392000
1695310037242 0.0 396000
1695310058489 0.0 400000
1695310080085 0.0 404000
1695310099823 0.0 408000
1695310120016 0.0 412000
1695310136643 0.0 416000
1695310153343 0.0 420000
1695310170843 0.0 424000
1695310189092 0.0 428000
1695310207433 0.0 432000
1695310225686 0.0 436000
1695310244109 0.0 440000
1695310262423 0.0 444000
1695310280690 0.0 448000
1695310299183 0.0 452000
1695310318029 0.0 456000
1695310336757 0.0 460000
1695310355259 0.0 464000
1695310373924 0.0 468000
1695310392674 0.0 472000
1695310411158 0.0 476000
1695310429586 0.0 480000
1695310447990 0.0 484000
1695310466432 0.0 488000
1695310485073 0.0 492000
1695310503553 0.0 496000
1695310521965 0.0 500000
1695310540677 0.0 504000
1695310559020 0.0 508000
1695310577707 0.0 512000
1695310596050 0.0 516000
1695310614650 0.0 520000
1695310633213 0.0 524000
1695310651698 0.0 528000
1695310670051 0.0 532000
1695310688407 0.0 536000
1695310706911 0.0 540000
1695310725444 0.0 544000
1695310744050 0.0 548000
1695310762448 0.0 552000
1695310780975 0.0 556000
1695310799221 0.0 560000
1695310818175 0.0 564000
1695310836113 0.0 568000
1695310852906 0.0 572000
1695310869702 0.0 576000
1695310886304 0.0 580000
1695310903009 0.0 584000
1695310919914 0.0 588000
1695310937704 0.0 592000
1695310956092 0.0 596000
1695310974812 0.0 600000
1695310993484 0.0 604000
1695311012319 0.0 608000
1695311030812 0.0 612000
1695311049152 0.0 616000
1695311068400 0.0 620000
1695311087377 0.0 624000
1695311106030 0.0 628000
1695311124465 0.0 632000
1695311143137 0.0 636000
1695311161511 0.0 640000
1695311180101 0.0 644000
1695311198587 0.0 648000
1695311217000 0.0 652000
1695311235310 0.0 656000
1695311253710 0.0 660000
1695311272633 0.0 664000
1695311293304 0.0 668000
1695311312852 0.0 672000
1695311332575 0.0 676000
1695311352099 0.0 680000
1695311371354 0.0 684000
1695311391061 0.0 688000
1695311410770 0.0 692000
1695311430507 0.0 696000
1695311449851 0.0 700000
1695311469570 0.0 704000
1695311488985 0.0 708000
1695311507742 0.0 712000
1695311525280 0.0 716000
1695311545182 0.0 720000
1695311563423 0.0 724000
1695311580649 0.0 728000
1695311597897 0.0 732000
1695311614933 0.0 736000
1695311633135 0.0 740000
1695311651497 0.0 744000
1695311670649 0.0 748000
1695311688285 0.0 752000
1695311705513 0.0 756000
1695311723926 0.0 760000
1695311742173 0.0 764000
1695311760332 0.0 768000
1695311778429 0.0 772000
1695311796493 0.0 776000
1695311814064 0.0 780000
1695311831608 0.0 784000
