1695308366378 0.0 4000
1695308381965 0.0 8000
1695308398667 0.0 12000
1695308415475 0.0 16000
1695308433104 0.0 20000
1695308450614 0.0 24000
1695308467234 0.0 28000
1695308484562 0.0 32000
1695308501515 0.0 36000
1695308517809 0.0 40000
1695308534337 0.0 44000
1695308550400 0.0 48000
1695308566543 0.0 52000
1695308582658 0.0 56000
1695308598936 0.0 60000
1695308614886 0.0 64000
1695308630946 0.0 68000
1695308646849 0.0 72000
1695308663011 0.0 76000
1695308679295 0.0 80000
1695308696640 0.0 84000
1695308714067 0.0 88000
1695308731350 0.0 92000
1695308748415 0.0 96000
1695308765531 0.0 100000
1695308782775 0.0 104000
1695308799760 0.0 108000
1695308816721 0.0 112000
1695308833796 0.0 116000
1695308850805 0.0 120000
1695308868033 0.0 124000
1695308885367 0.0 128000
1695308902918 0.0 132000
1695308920226 0.0 136000
1695308937658 0.0 140000
1695308955611 0.0 144000
1695308973217 0.0 148000
1695308990999 0.0 152000
1695309008054 0.0 156000
1695309025006 0.0 160000
1695309041873 0.0 164000
1695309058944 0.0 168000
1695309076346 0.0 172000
1695309093104 0.0 176000
1695309109792 0.0 180000
1695309126098 0.0 184000
1695309143039 0.0 188000
1695309161589 0.0 192000
1695309179098 0.0 196000
1695309196855 0.0 200000
1695309214108 0.0 204000
1695309232059 0.0 208000
1695309248772 0.0 212000
1695309265873 0.0 216000
1695309283773 0.0 220000
1695309301792 0.0 224000
1695309319327 0.0 228000
1695309336426 0.0 232000
1695309353415 0.0 236000
1695309370960 0.0 240000
1695309387741 0.0 244000
1695309404543 0.0 248000
1695309420964 0.0 252000
1695309437215 0.0 256000
1695309453720 0.0 260000
1695309470983 0.0 264000
1695309487890 0.0 268000
1695309504506 0.0 272000
1695309521813 0.0 276000
1695309538384 0.0 280000
1695309554819 0.0 284000
1695309571726 0.0 288000
1695309588306 0.0 292000
1695309604920 0.0 296000
1695309621179 0.0 300000
1695309637600 0.0 304000
1695309653951 0.0 308000
1695309670412 0.0 312000
1695309686892 0.0 316000
1695309703495 0.0 320000
1695309720102 0.0 324000
1695309736752 0.0 328000
1695309753467 0.0 332000
1695309770635 0.0 336000
1695309788425 0.0 340000
1695309806275 0.0 344000
1695309823919 0.0 348000
1695309841516 0.0 352000
1695309859434 0.0 356000
1695309877032 0.0 360000
1695309895227 0.0 364000
1695309912898 0.0 368000
1695309930503 0.0 372000
1695309948091 0.0 376000
1695309965660 0.0 380000
1695309983341 0.0 384000
1695310001806 0.0 388000
1695310019140 0.0 392000
1695310037242 0.0 396000
1695310058488 0.0 400000
1695310080085 0.0 404000
1695310099822 0.0 408000
1695310120015 0.0 412000
1695310136642 0.0 416000
1695310153343 0.0 420000
1695310170842 0.0 424000
1695310189091 0.0 428000
1695310207433 0.0 432000
1695310225685 0.0 436000
1695310244108 0.0 440000
1695310262422 0.0 444000
1695310280689 0.0 448000
1695310299183 0.0 452000
1695310318028 0.0 456000
1695310336756 0.0 460000
1695310355258 0.0 464000
1695310373924 0.0 468000
1695310392674 0.0 472000
1695310411158 0.0 476000
1695310429585 0.0 480000
1695310447990 0.0 484000
1695310466432 0.0 488000
1695310485072 0.0 492000
1695310503553 0.0 496000
1695310521965 0.0 500000
1695310540676 0.0 504000
1695310559019 0.0 508000
1695310577706 0.0 512000
1695310596050 0.0 516000
1695310614649 0.0 520000
1695310633212 0.0 524000
1695310651698 0.0 528000
1695310670051 0.0 532000
1695310688406 0.0 536000
1695310706910 0.0 540000
1695310725444 0.0 544000
1695310744049 0.0 548000
1695310762446 0.0 552000
1695310780975 0.0 556000
1695310799220 0.0 560000
1695310818174 0.0 564000
1695310836112 0.0 568000
1695310852905 0.0 572000
1695310869701 0.0 576000
1695310886303 0.0 580000
1695310903008 0.0 584000
1695310919914 0.0 588000
1695310937703 0.0 592000
1695310956091 0.0 596000
1695310974811 0.0 600000
1695310993483 0.0 604000
1695311012318 0.0 608000
1695311030812 0.0 612000
1695311049151 0.0 616000
1695311068399 0.0 620000
1695311087376 0.0 624000
1695311106029 0.0 628000
1695311124464 0.0 632000
1695311143136 0.0 636000
1695311161510 0.0 640000
1695311180100 0.0 644000
1695311198586 0.0 648000
1695311216999 0.0 652000
1695311235309 0.0 656000
1695311253709 0.0 660000
1695311272633 0.0 664000
1695311293303 0.0 668000
1695311312852 0.0 672000
1695311332575 0.0 676000
1695311352099 0.0 680000
1695311371353 0.0 684000
1695311391061 0.0 688000
1695311410770 0.0 692000
1695311430507 0.0 696000
1695311449850 0.0 700000
1695311469570 0.0 704000
1695311488984 0.0 708000
1695311507741 0.0 712000
1695311525279 0.0 716000
1695311545182 0.0 720000
1695311563422 0.0 724000
1695311580649 0.0 728000
1695311597896 0.0 732000
1695311614933 0.0 736000
1695311633134 0.0 740000
1695311651496 0.0 744000
1695311670649 0.0 748000
1695311688284 0.0 752000
1695311705512 0.0 756000
1695311723925 0.0 760000
1695311742172 0.0 764000
1695311760332 0.0 768000
1695311778428 0.0 772000
1695311796492 0.0 776000
1695311814063 0.0 780000
1695311831608 0.0 784000
