1695308366391 128.0 4000
1695308381977 128.0 8000
1695308398681 128.0 12000
1695308415489 128.0 16000
1695308433116 128.0 20000
1695308450628 128.0 24000
1695308467248 128.0 28000
1695308484575 128.0 32000
1695308501528 128.0 36000
1695308517822 128.0 40000
1695308534350 128.0 44000
1695308550412 128.0 48000
1695308566556 128.0 52000
1695308582671 128.0 56000
1695308598949 128.0 60000
1695308614898 128.0 64000
1695308630959 128.0 68000
1695308646862 128.0 72000
1695308663024 128.0 76000
1695308679308 128.0 80000
1695308696652 128.0 84000
1695308714079 128.0 88000
1695308731362 128.0 92000
1695308748429 128.0 96000
1695308765543 128.0 100000
1695308782788 128.0 104000
1695308799773 128.0 108000
1695308816733 128.0 112000
1695308833808 128.0 116000
1695308850817 128.0 120000
1695308868045 128.0 124000
1695308885379 128.0 128000
1695308902930 128.0 132000
1695308920239 128.0 136000
1695308937671 128.0 140000
1695308955624 128.0 144000
1695308973230 128.0 148000
1695308991012 128.0 152000
1695309008066 128.0 156000
1695309025019 128.0 160000
1695309041885 128.0 164000
1695309058957 128.0 168000
1695309076358 128.0 172000
1695309093116 128.0 176000
1695309109804 128.0 180000
1695309126111 128.0 184000
1695309143052 128.0 188000
1695309161603 128.0 192000
1695309179110 128.0 196000
1695309196867 128.0 200000
1695309214121 128.0 204000
1695309232072 128.0 208000
1695309248785 128.0 212000
1695309265885 128.0 216000
1695309283787 128.0 220000
1695309301807 128.0 224000
1695309319340 128.0 228000
1695309336438 128.0 232000
1695309353428 128.0 236000
1695309370972 128.0 240000
1695309387753 128.0 244000
1695309404555 128.0 248000
1695309420977 128.0 252000
1695309437228 128.0 256000
1695309453732 128.0 260000
1695309470995 128.0 264000
1695309487903 128.0 268000
1695309504518 128.0 272000
1695309521826 128.0 276000
1695309538398 128.0 280000
1695309554832 128.0 284000
1695309571738 128.0 288000
1695309588320 128.0 292000
1695309604932 128.0 296000
1695309621191 128.0 300000
1695309637613 128.0 304000
1695309653964 128.0 308000
1695309670424 128.0 312000
1695309686904 128.0 316000
1695309703508 128.0 320000
1695309720114 128.0 324000
1695309736765 128.0 328000
1695309753479 128.0 332000
1695309770648 128.0 336000
1695309788437 128.0 340000
1695309806287 128.0 344000
1695309823931 128.0 348000
1695309841529 128.0 352000
1695309859446 128.0 356000
1695309877044 128.0 360000
1695309895240 128.0 364000
1695309912910 128.0 368000
1695309930516 128.0 372000
1695309948104 128.0 376000
1695309965673 128.0 380000
1695309983353 128.0 384000
1695310001819 128.0 388000
1695310019153 128.0 392000
1695310037254 128.0 396000
1695310058503 128.0 400000
1695310080099 128.0 404000
1695310099836 128.0 408000
1695310120028 128.0 412000
1695310136654 128.0 416000
1695310153355 128.0 420000
1695310170854 128.0 424000
1695310189105 128.0 428000
1695310207445 128.0 432000
1695310225699 128.0 436000
1695310244121 128.0 440000
1695310262436 128.0 444000
1695310280704 128.0 448000
1695310299197 128.0 452000
1695310318041 128.0 456000
1695310336769 128.0 460000
1695310355271 128.0 464000
1695310373936 128.0 468000
1695310392687 128.0 472000
1695310411170 128.0 476000
1695310429598 128.0 480000
1695310448003 128.0 484000
1695310466444 128.0 488000
1695310485087 128.0 492000
1695310503565 128.0 496000
1695310521978 128.0 500000
1695310540689 128.0 504000
1695310559033 128.0 508000
1695310577719 128.0 512000
1695310596063 128.0 516000
1695310614662 128.0 520000
1695310633226 128.0 524000
1695310651711 128.0 528000
1695310670063 128.0 532000
1695310688420 128.0 536000
1695310706924 128.0 540000
1695310725457 128.0 544000
1695310744063 128.0 548000
1695310762464 128.0 552000
1695310780989 128.0 556000
1695310799233 128.0 560000
1695310818187 128.0 564000
1695310836125 128.0 568000
1695310852918 128.0 572000
1695310869714 128.0 576000
1695310886316 128.0 580000
1695310903020 128.0 584000
1695310919926 128.0 588000
1695310937716 128.0 592000
1695310956105 128.0 596000
1695310974824 128.0 600000
1695310993497 128.0 604000
1695311012332 128.0 608000
1695311030825 128.0 612000
1695311049164 128.0 616000
1695311068412 128.0 620000
1695311087389 128.0 624000
1695311106043 128.0 628000
1695311124477 128.0 632000
1695311143149 128.0 636000
1695311161523 128.0 640000
1695311180114 128.0 644000
1695311198599 128.0 648000
1695311217013 128.0 652000
1695311235322 128.0 656000
1695311253723 128.0 660000
1695311272646 128.0 664000
1695311293317 128.0 668000
1695311312864 128.0 672000
1695311332588 128.0 676000
1695311352111 128.0 680000
1695311371367 128.0 684000
1695311391074 128.0 688000
1695311410783 128.0 692000
1695311430520 128.0 696000
1695311449863 128.0 700000
1695311469583 128.0 704000
1695311488997 128.0 708000
1695311507755 128.0 712000
1695311525292 128.0 716000
1695311545194 128.0 720000
1695311563435 128.0 724000
1695311580661 128.0 728000
1695311597910 128.0 732000
1695311614945 128.0 736000
1695311633147 128.0 740000
1695311651509 128.0 744000
1695311670661 128.0 748000
1695311688296 128.0 752000
1695311705525 128.0 756000
1695311723938 128.0 760000
1695311742187 128.0 764000
1695311760344 128.0 768000
1695311778441 128.0 772000
1695311796505 128.0 776000
1695311814076 128.0 780000
1695311831620 128.0 784000
