1695308366390 -1.0 4000
1695308381976 -1.0 8000
1695308398679 -1.0 12000
1695308415488 -1.0 16000
1695308433115 -1.0 20000
1695308450627 -1.0 24000
1695308467246 -1.0 28000
1695308484574 -1.0 32000
1695308501527 -1.0 36000
1695308517821 -1.0 40000
1695308534349 -1.0 44000
1695308550411 -1.0 48000
1695308566555 -1.0 52000
1695308582670 -1.0 56000
1695308598948 -1.0 60000
1695308614897 -1.0 64000
1695308630958 -1.0 68000
1695308646861 -1.0 72000
1695308663023 -1.0 76000
1695308679307 -1.0 80000
1695308696651 -1.0 84000
1695308714078 -1.0 88000
1695308731361 -1.0 92000
1695308748428 -1.0 96000
1695308765542 -1.0 100000
1695308782787 -1.0 104000
1695308799772 -1.0 108000
1695308816732 -1.0 112000
1695308833807 -1.0 116000
1695308850816 -1.0 120000
1695308868044 -1.0 124000
1695308885378 -1.0 128000
1695308902929 -1.0 132000
1695308920238 -1.0 136000
1695308937670 -1.0 140000
1695308955623 -1.0 144000
1695308973229 -1.0 148000
1695308991011 -1.0 152000
1695309008065 -1.0 156000
1695309025018 -1.0 160000
1695309041884 -1.0 164000
1695309058956 -1.0 168000
1695309076357 -1.0 172000
1695309093115 -1.0 176000
1695309109803 -1.0 180000
1695309126110 -1.0 184000
1695309143051 -1.0 188000
1695309161602 -1.0 192000
1695309179109 -1.0 196000
1695309196866 -1.0 200000
1695309214120 -1.0 204000
1695309232071 -1.0 208000
1695309248784 -1.0 212000
1695309265884 -1.0 216000
1695309283785 -1.0 220000
1695309301805 -1.0 224000
1695309319339 -1.0 228000
1695309336437 -1.0 232000
1695309353426 -1.0 236000
1695309370971 -1.0 240000
1695309387752 -1.0 244000
1695309404554 -1.0 248000
1695309420975 -1.0 252000
1695309437227 -1.0 256000
1695309453731 -1.0 260000
1695309470994 -1.0 264000
1695309487902 -1.0 268000
1695309504517 -1.0 272000
1695309521824 -1.0 276000
1695309538397 -1.0 280000
1695309554831 -1.0 284000
1695309571737 -1.0 288000
1695309588319 -1.0 292000
1695309604931 -1.0 296000
1695309621190 -1.0 300000
1695309637612 -1.0 304000
1695309653963 -1.0 308000
1695309670423 -1.0 312000
1695309686903 -1.0 316000
1695309703507 -1.0 320000
1695309720113 -1.0 324000
1695309736763 -1.0 328000
1695309753478 -1.0 332000
1695309770647 -1.0 336000
1695309788436 -1.0 340000
1695309806286 -1.0 344000
1695309823930 -1.0 348000
1695309841528 -1.0 352000
1695309859445 -1.0 356000
1695309877043 -1.0 360000
1695309895239 -1.0 364000
1695309912909 -1.0 368000
1695309930515 -1.0 372000
1695309948102 -1.0 376000
1695309965672 -1.0 380000
1695309983353 -1.0 384000
1695310001817 -1.0 388000
1695310019152 -1.0 392000
1695310037253 -1.0 396000
1695310058502 -1.0 400000
1695310080098 -1.0 404000
1695310099835 -1.0 408000
1695310120027 -1.0 412000
1695310136653 -1.0 416000
1695310153354 -1.0 420000
1695310170853 -1.0 424000
1695310189103 -1.0 428000
1695310207444 -1.0 432000
1695310225698 -1.0 436000
1695310244119 -1.0 440000
1695310262435 -1.0 444000
1695310280703 -1.0 448000
1695310299196 -1.0 452000
1695310318040 -1.0 456000
1695310336768 -1.0 460000
1695310355270 -1.0 464000
1695310373935 -1.0 468000
1695310392686 -1.0 472000
1695310411169 -1.0 476000
1695310429597 -1.0 480000
1695310448002 -1.0 484000
1695310466443 -1.0 488000
1695310485086 -1.0 492000
1695310503564 -1.0 496000
1695310521977 -1.0 500000
1695310540688 -1.0 504000
1695310559032 -1.0 508000
1695310577718 -1.0 512000
1695310596062 -1.0 516000
1695310614661 -1.0 520000
1695310633225 -1.0 524000
1695310651710 -1.0 528000
1695310670062 -1.0 532000
1695310688419 -1.0 536000
1695310706923 -1.0 540000
1695310725456 -1.0 544000
1695310744062 -1.0 548000
1695310762463 -1.0 552000
1695310780987 -1.0 556000
1695310799232 -1.0 560000
1695310818185 -1.0 564000
1695310836124 -1.0 568000
1695310852917 -1.0 572000
1695310869713 -1.0 576000
1695310886315 -1.0 580000
1695310903019 -1.0 584000
1695310919925 -1.0 588000
1695310937715 -1.0 592000
1695310956104 -1.0 596000
1695310974823 -1.0 600000
1695310993496 -1.0 604000
1695311012330 -1.0 608000
1695311030824 -1.0 612000
1695311049163 -1.0 616000
1695311068411 -1.0 620000
1695311087388 -1.0 624000
1695311106042 -1.0 628000
1695311124476 -1.0 632000
1695311143148 -1.0 636000
1695311161522 -1.0 640000
1695311180113 -1.0 644000
1695311198598 -1.0 648000
1695311217011 -1.0 652000
1695311235321 -1.0 656000
1695311253722 -1.0 660000
1695311272645 -1.0 664000
1695311293316 -1.0 668000
1695311312863 -1.0 672000
1695311332587 -1.0 676000
1695311352110 -1.0 680000
1695311371366 -1.0 684000
1695311391073 -1.0 688000
1695311410782 -1.0 692000
1695311430519 -1.0 696000
1695311449862 -1.0 700000
1695311469582 -1.0 704000
1695311488996 -1.0 708000
1695311507754 -1.0 712000
1695311525291 -1.0 716000
1695311545193 -1.0 720000
1695311563434 -1.0 724000
1695311580660 -1.0 728000
1695311597909 -1.0 732000
1695311614944 -1.0 736000
1695311633146 -1.0 740000
1695311651508 -1.0 744000
1695311670660 -1.0 748000
1695311688295 -1.0 752000
1695311705524 -1.0 756000
1695311723937 -1.0 760000
1695311742185 -1.0 764000
1695311760343 -1.0 768000
1695311778440 -1.0 772000
1695311796504 -1.0 776000
1695311814075 -1.0 780000
1695311831619 -1.0 784000
