1695308366379 1.0 4000
1695308381966 1.0 8000
1695308398668 1.0 12000
1695308415477 1.0 16000
1695308433105 1.0 20000
1695308450615 1.0 24000
1695308467235 1.0 28000
1695308484563 1.0 32000
1695308501516 1.0 36000
1695308517811 1.0 40000
1695308534338 1.0 44000
1695308550401 1.0 48000
1695308566544 1.0 52000
1695308582659 1.0 56000
1695308598938 1.0 60000
1695308614887 1.0 64000
1695308630947 1.0 68000
1695308646850 1.0 72000
1695308663012 1.0 76000
1695308679296 1.0 80000
1695308696641 1.0 84000
1695308714068 1.0 88000
1695308731351 1.0 92000
1695308748416 1.0 96000
1695308765532 1.0 100000
1695308782776 1.0 104000
1695308799761 1.0 108000
1695308816722 1.0 112000
1695308833797 1.0 116000
1695308850806 1.0 120000
1695308868034 1.0 124000
1695308885368 1.0 128000
1695308902919 1.0 132000
1695308920227 1.0 136000
1695308937659 1.0 140000
1695308955612 1.0 144000
1695308973218 1.0 148000
1695308991000 1.0 152000
1695309008055 1.0 156000
1695309025008 1.0 160000
1695309041874 1.0 164000
1695309058945 1.0 168000
1695309076347 1.0 172000
1695309093105 1.0 176000
1695309109793 1.0 180000
1695309126099 1.0 184000
1695309143040 1.0 188000
1695309161590 1.0 192000
1695309179099 1.0 196000
1695309196856 1.0 200000
1695309214109 1.0 204000
1695309232060 1.0 208000
1695309248773 1.0 212000
1695309265874 1.0 216000
1695309283774 1.0 220000
1695309301793 1.0 224000
1695309319328 1.0 228000
1695309336427 1.0 232000
1695309353416 1.0 236000
1695309370961 1.0 240000
1695309387742 1.0 244000
1695309404544 1.0 248000
1695309420965 1.0 252000
1695309437216 1.0 256000
1695309453721 1.0 260000
1695309470984 1.0 264000
1695309487891 1.0 268000
1695309504507 1.0 272000
1695309521814 1.0 276000
1695309538386 1.0 280000
1695309554820 1.0 284000
1695309571727 1.0 288000
1695309588308 1.0 292000
1695309604921 1.0 296000
1695309621180 1.0 300000
1695309637601 1.0 304000
1695309653952 1.0 308000
1695309670413 1.0 312000
1695309686893 1.0 316000
1695309703496 1.0 320000
1695309720103 1.0 324000
1695309736753 1.0 328000
1695309753468 1.0 332000
1695309770636 1.0 336000
1695309788426 1.0 340000
1695309806276 1.0 344000
1695309823920 1.0 348000
1695309841517 1.0 352000
1695309859435 1.0 356000
1695309877033 1.0 360000
1695309895228 1.0 364000
1695309912899 1.0 368000
1695309930504 1.0 372000
1695309948092 1.0 376000
1695309965661 1.0 380000
1695309983342 1.0 384000
1695310001807 1.0 388000
1695310019141 1.0 392000
1695310037243 1.0 396000
1695310058490 1.0 400000
1695310080086 1.0 404000
1695310099824 1.0 408000
1695310120016 1.0 412000
1695310136643 1.0 416000
1695310153344 1.0 420000
1695310170843 1.0 424000
1695310189092 1.0 428000
1695310207434 1.0 432000
1695310225686 1.0 436000
1695310244109 1.0 440000
1695310262424 1.0 444000
1695310280690 1.0 448000
1695310299184 1.0 452000
1695310318029 1.0 456000
1695310336757 1.0 460000
1695310355260 1.0 464000
1695310373925 1.0 468000
1695310392675 1.0 472000
1695310411159 1.0 476000
1695310429586 1.0 480000
1695310447991 1.0 484000
1695310466433 1.0 488000
1695310485073 1.0 492000
1695310503554 1.0 496000
1695310521966 1.0 500000
1695310540677 1.0 504000
1695310559021 1.0 508000
1695310577707 1.0 512000
1695310596051 1.0 516000
1695310614651 1.0 520000
1695310633214 1.0 524000
1695310651699 1.0 528000
1695310670052 1.0 532000
1695310688407 1.0 536000
1695310706911 1.0 540000
1695310725445 1.0 544000
1695310744050 1.0 548000
1695310762448 1.0 552000
1695310780976 1.0 556000
1695310799221 1.0 560000
1695310818175 1.0 564000
1695310836113 1.0 568000
1695310852906 1.0 572000
1695310869702 1.0 576000
1695310886304 1.0 580000
1695310903009 1.0 584000
1695310919915 1.0 588000
1695310937704 1.0 592000
1695310956092 1.0 596000
1695310974812 1.0 600000
1695310993485 1.0 604000
1695311012319 1.0 608000
1695311030813 1.0 612000
1695311049152 1.0 616000
1695311068400 1.0 620000
1695311087377 1.0 624000
1695311106030 1.0 628000
1695311124465 1.0 632000
1695311143137 1.0 636000
1695311161511 1.0 640000
1695311180101 1.0 644000
1695311198587 1.0 648000
1695311217000 1.0 652000
1695311235310 1.0 656000
1695311253710 1.0 660000
1695311272634 1.0 664000
1695311293305 1.0 668000
1695311312853 1.0 672000
1695311332576 1.0 676000
1695311352100 1.0 680000
1695311371354 1.0 684000
1695311391062 1.0 688000
1695311410771 1.0 692000
1695311430508 1.0 696000
1695311449851 1.0 700000
1695311469571 1.0 704000
1695311488985 1.0 708000
1695311507743 1.0 712000
1695311525280 1.0 716000
1695311545183 1.0 720000
1695311563424 1.0 724000
1695311580650 1.0 728000
1695311597897 1.0 732000
1695311614934 1.0 736000
1695311633135 1.0 740000
1695311651497 1.0 744000
1695311670650 1.0 748000
1695311688285 1.0 752000
1695311705513 1.0 756000
1695311723926 1.0 760000
1695311742173 1.0 764000
1695311760333 1.0 768000
1695311778429 1.0 772000
1695311796493 1.0 776000
1695311814064 1.0 780000
1695311831609 1.0 784000
