1695308366380 4000.0 4000
1695308381967 4000.0 8000
1695308398669 4000.0 12000
1695308415478 4000.0 16000
1695308433106 4000.0 20000
1695308450617 4000.0 24000
1695308467236 4000.0 28000
1695308484564 4000.0 32000
1695308501517 4000.0 36000
1695308517812 4000.0 40000
1695308534339 4000.0 44000
1695308550402 4000.0 48000
1695308566545 4000.0 52000
1695308582660 4000.0 56000
1695308598939 4000.0 60000
1695308614888 4000.0 64000
1695308630948 4000.0 68000
1695308646852 4000.0 72000
1695308663013 4000.0 76000
1695308679297 4000.0 80000
1695308696642 4000.0 84000
1695308714069 4000.0 88000
1695308731352 4000.0 92000
1695308748417 4000.0 96000
1695308765533 4000.0 100000
1695308782777 4000.0 104000
1695308799762 4000.0 108000
1695308816723 4000.0 112000
1695308833798 4000.0 116000
1695308850807 4000.0 120000
1695308868035 4000.0 124000
1695308885369 4000.0 128000
1695308902920 4000.0 132000
1695308920228 4000.0 136000
1695308937661 4000.0 140000
1695308955613 4000.0 144000
1695308973220 4000.0 148000
1695308991001 4000.0 152000
1695309008056 4000.0 156000
1695309025009 4000.0 160000
1695309041875 4000.0 164000
1695309058946 4000.0 168000
1695309076348 4000.0 172000
1695309093106 4000.0 176000
1695309109794 4000.0 180000
1695309126100 4000.0 184000
1695309143042 4000.0 188000
1695309161591 4000.0 192000
1695309179100 4000.0 196000
1695309196857 4000.0 200000
1695309214110 4000.0 204000
1695309232062 4000.0 208000
1695309248774 4000.0 212000
1695309265875 4000.0 216000
1695309283775 4000.0 220000
1695309301794 4000.0 224000
1695309319329 4000.0 228000
1695309336428 4000.0 232000
1695309353417 4000.0 236000
1695309370962 4000.0 240000
1695309387743 4000.0 244000
1695309404545 4000.0 248000
1695309420966 4000.0 252000
1695309437217 4000.0 256000
1695309453722 4000.0 260000
1695309470985 4000.0 264000
1695309487892 4000.0 268000
1695309504508 4000.0 272000
1695309521815 4000.0 276000
1695309538387 4000.0 280000
1695309554821 4000.0 284000
1695309571728 4000.0 288000
1695309588309 4000.0 292000
1695309604922 4000.0 296000
1695309621181 4000.0 300000
1695309637602 4000.0 304000
1695309653954 4000.0 308000
1695309670414 4000.0 312000
1695309686894 4000.0 316000
1695309703497 4000.0 320000
1695309720104 4000.0 324000
1695309736754 4000.0 328000
1695309753469 4000.0 332000
1695309770637 4000.0 336000
1695309788427 4000.0 340000
1695309806277 4000.0 344000
1695309823921 4000.0 348000
1695309841518 4000.0 352000
1695309859436 4000.0 356000
1695309877034 4000.0 360000
1695309895229 4000.0 364000
1695309912900 4000.0 368000
1695309930505 4000.0 372000
1695309948093 4000.0 376000
1695309965662 4000.0 380000
1695309983343 4000.0 384000
1695310001808 4000.0 388000
1695310019142 4000.0 392000
1695310037244 4000.0 396000
1695310058491 4000.0 400000
1695310080087 4000.0 404000
1695310099825 4000.0 408000
1695310120018 4000.0 412000
1695310136644 4000.0 416000
1695310153345 4000.0 420000
1695310170844 4000.0 424000
1695310189093 4000.0 428000
1695310207435 4000.0 432000
1695310225688 4000.0 436000
1695310244110 4000.0 440000
1695310262425 4000.0 444000
1695310280692 4000.0 448000
1695310299185 4000.0 452000
1695310318030 4000.0 456000
1695310336759 4000.0 460000
1695310355261 4000.0 464000
1695310373926 4000.0 468000
1695310392676 4000.0 472000
1695310411160 4000.0 476000
1695310429588 4000.0 480000
1695310447992 4000.0 484000
1695310466434 4000.0 488000
1695310485074 4000.0 492000
1695310503555 4000.0 496000
1695310521967 4000.0 500000
1695310540678 4000.0 504000
1695310559022 4000.0 508000
1695310577708 4000.0 512000
1695310596052 4000.0 516000
1695310614652 4000.0 520000
1695310633215 4000.0 524000
1695310651700 4000.0 528000
1695310670053 4000.0 532000
1695310688409 4000.0 536000
1695310706913 4000.0 540000
1695310725446 4000.0 544000
1695310744051 4000.0 548000
1695310762450 4000.0 552000
1695310780977 4000.0 556000
1695310799223 4000.0 560000
1695310818176 4000.0 564000
1695310836114 4000.0 568000
1695310852907 4000.0 572000
1695310869703 4000.0 576000
1695310886305 4000.0 580000
1695310903010 4000.0 584000
1695310919916 4000.0 588000
1695310937705 4000.0 592000
1695310956094 4000.0 596000
1695310974814 4000.0 600000
1695310993486 4000.0 604000
1695311012321 4000.0 608000
1695311030814 4000.0 612000
1695311049153 4000.0 616000
1695311068401 4000.0 620000
1695311087378 4000.0 624000
1695311106031 4000.0 628000
1695311124466 4000.0 632000
1695311143138 4000.0 636000
1695311161512 4000.0 640000
1695311180102 4000.0 644000
1695311198588 4000.0 648000
1695311217001 4000.0 652000
1695311235311 4000.0 656000
1695311253711 4000.0 660000
1695311272635 4000.0 664000
1695311293306 4000.0 668000
1695311312854 4000.0 672000
1695311332577 4000.0 676000
1695311352101 4000.0 680000
1695311371355 4000.0 684000
1695311391063 4000.0 688000
1695311410772 4000.0 692000
1695311430509 4000.0 696000
1695311449852 4000.0 700000
1695311469572 4000.0 704000
1695311488987 4000.0 708000
1695311507744 4000.0 712000
1695311525281 4000.0 716000
1695311545184 4000.0 720000
1695311563425 4000.0 724000
1695311580651 4000.0 728000
1695311597898 4000.0 732000
1695311614935 4000.0 736000
1695311633136 4000.0 740000
1695311651498 4000.0 744000
1695311670651 4000.0 748000
1695311688286 4000.0 752000
1695311705514 4000.0 756000
1695311723927 4000.0 760000
1695311742174 4000.0 764000
1695311760334 4000.0 768000
1695311778430 4000.0 772000
1695311796494 4000.0 776000
1695311814066 4000.0 780000
1695311831610 4000.0 784000
