1695308366390 1.0 4000
1695308381977 1.0 8000
1695308398680 1.0 12000
1695308415489 1.0 16000
1695308433115 1.0 20000
1695308450628 1.0 24000
1695308467247 1.0 28000
1695308484574 1.0 32000
1695308501528 1.0 36000
1695308517822 1.0 40000
1695308534349 1.0 44000
1695308550412 1.0 48000
1695308566555 1.0 52000
1695308582670 1.0 56000
1695308598948 1.0 60000
1695308614898 1.0 64000
1695308630958 1.0 68000
1695308646862 1.0 72000
1695308663023 1.0 76000
1695308679307 1.0 80000
1695308696652 1.0 84000
1695308714078 1.0 88000
1695308731362 1.0 92000
1695308748428 1.0 96000
1695308765543 1.0 100000
1695308782787 1.0 104000
1695308799773 1.0 108000
1695308816732 1.0 112000
1695308833808 1.0 116000
1695308850817 1.0 120000
1695308868045 1.0 124000
1695308885379 1.0 128000
1695308902930 1.0 132000
1695308920238 1.0 136000
1695308937670 1.0 140000
1695308955623 1.0 144000
1695308973230 1.0 148000
1695308991011 1.0 152000
1695309008066 1.0 156000
1695309025019 1.0 160000
1695309041885 1.0 164000
1695309058957 1.0 168000
1695309076358 1.0 172000
1695309093116 1.0 176000
1695309109804 1.0 180000
1695309126111 1.0 184000
1695309143051 1.0 188000
1695309161603 1.0 192000
1695309179110 1.0 196000
1695309196867 1.0 200000
1695309214120 1.0 204000
1695309232072 1.0 208000
1695309248785 1.0 212000
1695309265885 1.0 216000
1695309283786 1.0 220000
1695309301806 1.0 224000
1695309319340 1.0 228000
1695309336438 1.0 232000
1695309353427 1.0 236000
1695309370972 1.0 240000
1695309387753 1.0 244000
1695309404555 1.0 248000
1695309420976 1.0 252000
1695309437227 1.0 256000
1695309453732 1.0 260000
1695309470995 1.0 264000
1695309487903 1.0 268000
1695309504518 1.0 272000
1695309521825 1.0 276000
1695309538398 1.0 280000
1695309554831 1.0 284000
1695309571738 1.0 288000
1695309588320 1.0 292000
1695309604932 1.0 296000
1695309621191 1.0 300000
1695309637612 1.0 304000
1695309653964 1.0 308000
1695309670424 1.0 312000
1695309686904 1.0 316000
1695309703507 1.0 320000
1695309720114 1.0 324000
1695309736764 1.0 328000
1695309753479 1.0 332000
1695309770647 1.0 336000
1695309788437 1.0 340000
1695309806287 1.0 344000
1695309823931 1.0 348000
1695309841528 1.0 352000
1695309859445 1.0 356000
1695309877044 1.0 360000
1695309895240 1.0 364000
1695309912910 1.0 368000
1695309930515 1.0 372000
1695309948103 1.0 376000
1695309965673 1.0 380000
1695309983353 1.0 384000
1695310001818 1.0 388000
1695310019152 1.0 392000
1695310037253 1.0 396000
1695310058503 1.0 400000
1695310080098 1.0 404000
1695310099835 1.0 408000
1695310120028 1.0 412000
1695310136654 1.0 416000
1695310153355 1.0 420000
1695310170854 1.0 424000
1695310189104 1.0 428000
1695310207445 1.0 432000
1695310225698 1.0 436000
1695310244120 1.0 440000
1695310262435 1.0 444000
1695310280704 1.0 448000
1695310299196 1.0 452000
1695310318040 1.0 456000
1695310336769 1.0 460000
1695310355271 1.0 464000
1695310373936 1.0 468000
1695310392686 1.0 472000
1695310411170 1.0 476000
1695310429597 1.0 480000
1695310448003 1.0 484000
1695310466444 1.0 488000
1695310485087 1.0 492000
1695310503565 1.0 496000
1695310521978 1.0 500000
1695310540688 1.0 504000
1695310559033 1.0 508000
1695310577718 1.0 512000
1695310596063 1.0 516000
1695310614662 1.0 520000
1695310633225 1.0 524000
1695310651711 1.0 528000
1695310670063 1.0 532000
1695310688419 1.0 536000
1695310706924 1.0 540000
1695310725456 1.0 544000
1695310744062 1.0 548000
1695310762464 1.0 552000
1695310780988 1.0 556000
1695310799233 1.0 560000
1695310818186 1.0 564000
1695310836124 1.0 568000
1695310852918 1.0 572000
1695310869714 1.0 576000
1695310886316 1.0 580000
1695310903020 1.0 584000
1695310919926 1.0 588000
1695310937715 1.0 592000
1695310956104 1.0 596000
1695310974824 1.0 600000
1695310993497 1.0 604000
1695311012331 1.0 608000
1695311030825 1.0 612000
1695311049163 1.0 616000
1695311068411 1.0 620000
1695311087388 1.0 624000
1695311106042 1.0 628000
1695311124477 1.0 632000
1695311143149 1.0 636000
1695311161523 1.0 640000
1695311180113 1.0 644000
1695311198599 1.0 648000
1695311217012 1.0 652000
1695311235321 1.0 656000
1695311253722 1.0 660000
1695311272645 1.0 664000
1695311293317 1.0 668000
1695311312864 1.0 672000
1695311332587 1.0 676000
1695311352111 1.0 680000
1695311371366 1.0 684000
1695311391073 1.0 688000
1695311410782 1.0 692000
1695311430519 1.0 696000
1695311449863 1.0 700000
1695311469582 1.0 704000
1695311488997 1.0 708000
1695311507754 1.0 712000
1695311525292 1.0 716000
1695311545194 1.0 720000
1695311563435 1.0 724000
1695311580661 1.0 728000
1695311597909 1.0 732000
1695311614945 1.0 736000
1695311633146 1.0 740000
1695311651508 1.0 744000
1695311670661 1.0 748000
1695311688296 1.0 752000
1695311705525 1.0 756000
1695311723937 1.0 760000
1695311742186 1.0 764000
1695311760344 1.0 768000
1695311778441 1.0 772000
1695311796505 1.0 776000
1695311814076 1.0 780000
1695311831620 1.0 784000
