1695308366392 10.0 4000
1695308381979 10.0 8000
1695308398682 10.0 12000
1695308415490 10.0 16000
1695308433117 10.0 20000
1695308450630 10.0 24000
1695308467249 10.0 28000
1695308484576 10.0 32000
1695308501530 10.0 36000
1695308517823 10.0 40000
1695308534351 10.0 44000
1695308550413 10.0 48000
1695308566557 10.0 52000
1695308582672 10.0 56000
1695308598950 10.0 60000
1695308614899 10.0 64000
1695308630960 10.0 68000
1695308646864 10.0 72000
1695308663025 10.0 76000
1695308679309 10.0 80000
1695308696654 10.0 84000
1695308714080 10.0 88000
1695308731363 10.0 92000
1695308748430 10.0 96000
1695308765544 10.0 100000
1695308782789 10.0 104000
1695308799775 10.0 108000
1695308816734 10.0 112000
1695308833809 10.0 116000
1695308850818 10.0 120000
1695308868047 10.0 124000
1695308885380 10.0 128000
1695308902932 10.0 132000
1695308920240 10.0 136000
1695308937672 10.0 140000
1695308955625 10.0 144000
1695308973231 10.0 148000
1695308991013 10.0 152000
1695309008067 10.0 156000
1695309025020 10.0 160000
1695309041887 10.0 164000
1695309058959 10.0 168000
1695309076360 10.0 172000
1695309093118 10.0 176000
1695309109806 10.0 180000
1695309126112 10.0 184000
1695309143053 10.0 188000
1695309161604 10.0 192000
1695309179111 10.0 196000
1695309196869 10.0 200000
1695309214122 10.0 204000
1695309232073 10.0 208000
1695309248787 10.0 212000
1695309265886 10.0 216000
1695309283788 10.0 220000
1695309301808 10.0 224000
1695309319341 10.0 228000
1695309336440 10.0 232000
1695309353429 10.0 236000
1695309370973 10.0 240000
1695309387755 10.0 244000
1695309404556 10.0 248000
1695309420978 10.0 252000
1695309437229 10.0 256000
1695309453734 10.0 260000
1695309470997 10.0 264000
1695309487904 10.0 268000
1695309504519 10.0 272000
1695309521827 10.0 276000
1695309538399 10.0 280000
1695309554833 10.0 284000
1695309571740 10.0 288000
1695309588321 10.0 292000
1695309604934 10.0 296000
1695309621193 10.0 300000
1695309637614 10.0 304000
1695309653965 10.0 308000
1695309670426 10.0 312000
1695309686905 10.0 316000
1695309703509 10.0 320000
1695309720115 10.0 324000
1695309736766 10.0 328000
1695309753481 10.0 332000
1695309770649 10.0 336000
1695309788438 10.0 340000
1695309806289 10.0 344000
1695309823933 10.0 348000
1695309841530 10.0 352000
1695309859447 10.0 356000
1695309877045 10.0 360000
1695309895241 10.0 364000
1695309912911 10.0 368000
1695309930517 10.0 372000
1695309948105 10.0 376000
1695309965674 10.0 380000
1695309983355 10.0 384000
1695310001820 10.0 388000
1695310019154 10.0 392000
1695310037255 10.0 396000
1695310058505 10.0 400000
1695310080101 10.0 404000
1695310099837 10.0 408000
1695310120030 10.0 412000
1695310136656 10.0 416000
1695310153357 10.0 420000
1695310170856 10.0 424000
1695310189106 10.0 428000
1695310207446 10.0 432000
1695310225700 10.0 436000
1695310244122 10.0 440000
1695310262437 10.0 444000
1695310280706 10.0 448000
1695310299198 10.0 452000
1695310318042 10.0 456000
1695310336771 10.0 460000
1695310355272 10.0 464000
1695310373937 10.0 468000
1695310392688 10.0 472000
1695310411171 10.0 476000
1695310429599 10.0 480000
1695310448004 10.0 484000
1695310466446 10.0 488000
1695310485089 10.0 492000
1695310503566 10.0 496000
1695310521980 10.0 500000
1695310540690 10.0 504000
1695310559035 10.0 508000
1695310577720 10.0 512000
1695310596065 10.0 516000
1695310614663 10.0 520000
1695310633227 10.0 524000
1695310651712 10.0 528000
1695310670065 10.0 532000
1695310688422 10.0 536000
1695310706926 10.0 540000
1695310725458 10.0 544000
1695310744064 10.0 548000
1695310762465 10.0 552000
1695310780990 10.0 556000
1695310799234 10.0 560000
1695310818188 10.0 564000
1695310836126 10.0 568000
1695310852919 10.0 572000
1695310869715 10.0 576000
1695310886317 10.0 580000
1695310903022 10.0 584000
1695310919928 10.0 588000
1695310937717 10.0 592000
1695310956106 10.0 596000
1695310974825 10.0 600000
1695310993499 10.0 604000
1695311012333 10.0 608000
1695311030827 10.0 612000
1695311049165 10.0 616000
1695311068413 10.0 620000
1695311087390 10.0 624000
1695311106044 10.0 628000
1695311124479 10.0 632000
1695311143151 10.0 636000
1695311161525 10.0 640000
1695311180115 10.0 644000
1695311198600 10.0 648000
1695311217014 10.0 652000
1695311235323 10.0 656000
1695311253724 10.0 660000
1695311272647 10.0 664000
1695311293319 10.0 668000
1695311312866 10.0 672000
1695311332589 10.0 676000
1695311352113 10.0 680000
1695311371368 10.0 684000
1695311391075 10.0 688000
1695311410784 10.0 692000
1695311430521 10.0 696000
1695311449865 10.0 700000
1695311469584 10.0 704000
1695311488999 10.0 708000
1695311507756 10.0 712000
1695311525293 10.0 716000
1695311545196 10.0 720000
1695311563437 10.0 724000
1695311580662 10.0 728000
1695311597911 10.0 732000
1695311614946 10.0 736000
1695311633148 10.0 740000
1695311651510 10.0 744000
1695311670662 10.0 748000
1695311688297 10.0 752000
1695311705526 10.0 756000
1695311723939 10.0 760000
1695311742188 10.0 764000
1695311760346 10.0 768000
1695311778442 10.0 772000
1695311796506 10.0 776000
1695311814077 10.0 780000
1695311831622 10.0 784000
