1695308366391 0.5 4000
1695308381978 0.5 8000
1695308398681 0.5 12000
1695308415490 0.5 16000
1695308433116 0.5 20000
1695308450629 0.5 24000
1695308467248 0.5 28000
1695308484576 0.5 32000
1695308501529 0.5 36000
1695308517823 0.5 40000
1695308534350 0.5 44000
1695308550413 0.5 48000
1695308566556 0.5 52000
1695308582671 0.5 56000
1695308598949 0.5 60000
1695308614899 0.5 64000
1695308630959 0.5 68000
1695308646863 0.5 72000
1695308663024 0.5 76000
1695308679308 0.5 80000
1695308696653 0.5 84000
1695308714080 0.5 88000
1695308731363 0.5 92000
1695308748429 0.5 96000
1695308765544 0.5 100000
1695308782788 0.5 104000
1695308799774 0.5 108000
1695308816733 0.5 112000
1695308833809 0.5 116000
1695308850818 0.5 120000
1695308868046 0.5 124000
1695308885380 0.5 128000
1695308902931 0.5 132000
1695308920239 0.5 136000
1695308937672 0.5 140000
1695308955624 0.5 144000
1695308973231 0.5 148000
1695308991012 0.5 152000
1695309008067 0.5 156000
1695309025020 0.5 160000
1695309041886 0.5 164000
1695309058958 0.5 168000
1695309076359 0.5 172000
1695309093117 0.5 176000
1695309109805 0.5 180000
1695309126112 0.5 184000
1695309143052 0.5 188000
1695309161604 0.5 192000
1695309179111 0.5 196000
1695309196868 0.5 200000
1695309214121 0.5 204000
1695309232073 0.5 208000
1695309248786 0.5 212000
1695309265886 0.5 216000
1695309283787 0.5 220000
1695309301808 0.5 224000
1695309319341 0.5 228000
1695309336439 0.5 232000
1695309353428 0.5 236000
1695309370973 0.5 240000
1695309387754 0.5 244000
1695309404556 0.5 248000
1695309420977 0.5 252000
1695309437228 0.5 256000
1695309453733 0.5 260000
1695309470996 0.5 264000
1695309487904 0.5 268000
1695309504519 0.5 272000
1695309521826 0.5 276000
1695309538399 0.5 280000
1695309554832 0.5 284000
1695309571739 0.5 288000
1695309588321 0.5 292000
1695309604933 0.5 296000
1695309621192 0.5 300000
1695309637613 0.5 304000
1695309653965 0.5 308000
1695309670425 0.5 312000
1695309686905 0.5 316000
1695309703508 0.5 320000
1695309720115 0.5 324000
1695309736765 0.5 328000
1695309753480 0.5 332000
1695309770648 0.5 336000
1695309788438 0.5 340000
1695309806288 0.5 344000
1695309823932 0.5 348000
1695309841529 0.5 352000
1695309859447 0.5 356000
1695309877045 0.5 360000
1695309895241 0.5 364000
1695309912911 0.5 368000
1695309930516 0.5 372000
1695309948104 0.5 376000
1695309965674 0.5 380000
1695309983354 0.5 384000
1695310001819 0.5 388000
1695310019153 0.5 392000
1695310037254 0.5 396000
1695310058504 0.5 400000
1695310080100 0.5 404000
1695310099836 0.5 408000
1695310120029 0.5 412000
1695310136655 0.5 416000
1695310153356 0.5 420000
1695310170855 0.5 424000
1695310189105 0.5 428000
1695310207446 0.5 432000
1695310225699 0.5 436000
1695310244121 0.5 440000
1695310262437 0.5 444000
1695310280705 0.5 448000
1695310299198 0.5 452000
1695310318041 0.5 456000
1695310336770 0.5 460000
1695310355272 0.5 464000
1695310373937 0.5 468000
1695310392687 0.5 472000
1695310411171 0.5 476000
1695310429599 0.5 480000
1695310448004 0.5 484000
1695310466445 0.5 488000
1695310485088 0.5 492000
1695310503566 0.5 496000
1695310521979 0.5 500000
1695310540689 0.5 504000
1695310559034 0.5 508000
1695310577719 0.5 512000
1695310596064 0.5 516000
1695310614663 0.5 520000
1695310633226 0.5 524000
1695310651712 0.5 528000
1695310670064 0.5 532000
1695310688421 0.5 536000
1695310706925 0.5 540000
1695310725457 0.5 544000
1695310744063 0.5 548000
1695310762465 0.5 552000
1695310780989 0.5 556000
1695310799234 0.5 560000
1695310818187 0.5 564000
1695310836126 0.5 568000
1695310852919 0.5 572000
1695310869715 0.5 576000
1695310886317 0.5 580000
1695310903021 0.5 584000
1695310919927 0.5 588000
1695310937716 0.5 592000
1695310956105 0.5 596000
1695310974825 0.5 600000
1695310993498 0.5 604000
1695311012332 0.5 608000
1695311030826 0.5 612000
1695311049164 0.5 616000
1695311068412 0.5 620000
1695311087390 0.5 624000
1695311106044 0.5 628000
1695311124478 0.5 632000
1695311143150 0.5 636000
1695311161524 0.5 640000
1695311180114 0.5 644000
1695311198600 0.5 648000
1695311217013 0.5 652000
1695311235322 0.5 656000
1695311253723 0.5 660000
1695311272646 0.5 664000
1695311293318 0.5 668000
1695311312865 0.5 672000
1695311332588 0.5 676000
1695311352112 0.5 680000
1695311371367 0.5 684000
1695311391074 0.5 688000
1695311410783 0.5 692000
1695311430520 0.5 696000
1695311449864 0.5 700000
1695311469583 0.5 704000
1695311488998 0.5 708000
1695311507755 0.5 712000
1695311525293 0.5 716000
1695311545195 0.5 720000
1695311563436 0.5 724000
1695311580662 0.5 728000
1695311597911 0.5 732000
1695311614946 0.5 736000
1695311633147 0.5 740000
1695311651509 0.5 744000
1695311670662 0.5 748000
1695311688297 0.5 752000
1695311705526 0.5 756000
1695311723938 0.5 760000
1695311742188 0.5 764000
1695311760345 0.5 768000
1695311778442 0.5 772000
1695311796506 0.5 776000
1695311814077 0.5 780000
1695311831621 0.5 784000
