1695308366388 1800.0 4000
1695308381974 1800.0 8000
1695308398677 1800.0 12000
1695308415486 1800.0 16000
1695308433113 1800.0 20000
1695308450625 1800.0 24000
1695308467244 1800.0 28000
1695308484572 1800.0 32000
1695308501525 1800.0 36000
1695308517819 1800.0 40000
1695308534347 1800.0 44000
1695308550409 1800.0 48000
1695308566553 1800.0 52000
1695308582668 1800.0 56000
1695308598946 1800.0 60000
1695308614895 1800.0 64000
1695308630956 1800.0 68000
1695308646859 1800.0 72000
1695308663021 1800.0 76000
1695308679305 1800.0 80000
1695308696650 1800.0 84000
1695308714076 1800.0 88000
1695308731359 1800.0 92000
1695308748425 1800.0 96000
1695308765540 1800.0 100000
1695308782785 1800.0 104000
1695308799771 1800.0 108000
1695308816730 1800.0 112000
1695308833805 1800.0 116000
1695308850814 1800.0 120000
1695308868043 1800.0 124000
1695308885376 1800.0 128000
1695308902928 1800.0 132000
1695308920236 1800.0 136000
1695308937668 1800.0 140000
1695308955621 1800.0 144000
1695308973227 1800.0 148000
1695308991009 1800.0 152000
1695309008063 1800.0 156000
1695309025016 1800.0 160000
1695309041882 1800.0 164000
1695309058954 1800.0 168000
1695309076356 1800.0 172000
1695309093114 1800.0 176000
1695309109801 1800.0 180000
1695309126108 1800.0 184000
1695309143049 1800.0 188000
1695309161600 1800.0 192000
1695309179107 1800.0 196000
1695309196864 1800.0 200000
1695309214118 1800.0 204000
1695309232069 1800.0 208000
1695309248782 1800.0 212000
1695309265882 1800.0 216000
1695309283783 1800.0 220000
1695309301803 1800.0 224000
1695309319337 1800.0 228000
1695309336436 1800.0 232000
1695309353425 1800.0 236000
1695309370969 1800.0 240000
1695309387751 1800.0 244000
1695309404552 1800.0 248000
1695309420974 1800.0 252000
1695309437225 1800.0 256000
1695309453729 1800.0 260000
1695309470992 1800.0 264000
1695309487900 1800.0 268000
1695309504515 1800.0 272000
1695309521822 1800.0 276000
1695309538395 1800.0 280000
1695309554829 1800.0 284000
1695309571735 1800.0 288000
1695309588317 1800.0 292000
1695309604929 1800.0 296000
1695309621189 1800.0 300000
1695309637610 1800.0 304000
1695309653961 1800.0 308000
1695309670421 1800.0 312000
1695309686901 1800.0 316000
1695309703505 1800.0 320000
1695309720111 1800.0 324000
1695309736762 1800.0 328000
1695309753476 1800.0 332000
1695309770645 1800.0 336000
1695309788434 1800.0 340000
1695309806284 1800.0 344000
1695309823929 1800.0 348000
1695309841526 1800.0 352000
1695309859443 1800.0 356000
1695309877041 1800.0 360000
1695309895237 1800.0 364000
1695309912907 1800.0 368000
1695309930513 1800.0 372000
1695309948101 1800.0 376000
1695309965670 1800.0 380000
1695309983351 1800.0 384000
1695310001816 1800.0 388000
1695310019150 1800.0 392000
1695310037251 1800.0 396000
1695310058500 1800.0 400000
1695310080095 1800.0 404000
1695310099833 1800.0 408000
1695310120025 1800.0 412000
1695310136652 1800.0 416000
1695310153352 1800.0 420000
1695310170852 1800.0 424000
1695310189101 1800.0 428000
1695310207442 1800.0 432000
1695310225695 1800.0 436000
1695310244118 1800.0 440000
1695310262433 1800.0 444000
1695310280700 1800.0 448000
1695310299194 1800.0 452000
1695310318038 1800.0 456000
1695310336766 1800.0 460000
1695310355268 1800.0 464000
1695310373933 1800.0 468000
1695310392684 1800.0 472000
1695310411167 1800.0 476000
1695310429595 1800.0 480000
1695310448000 1800.0 484000
1695310466441 1800.0 488000
1695310485084 1800.0 492000
1695310503562 1800.0 496000
1695310521975 1800.0 500000
1695310540686 1800.0 504000
1695310559030 1800.0 508000
1695310577716 1800.0 512000
1695310596060 1800.0 516000
1695310614659 1800.0 520000
1695310633223 1800.0 524000
1695310651708 1800.0 528000
1695310670060 1800.0 532000
1695310688417 1800.0 536000
1695310706921 1800.0 540000
1695310725454 1800.0 544000
1695310744060 1800.0 548000
1695310762461 1800.0 552000
1695310780985 1800.0 556000
1695310799230 1800.0 560000
1695310818184 1800.0 564000
1695310836122 1800.0 568000
1695310852915 1800.0 572000
1695310869711 1800.0 576000
1695310886313 1800.0 580000
1695310903018 1800.0 584000
1695310919923 1800.0 588000
1695310937713 1800.0 592000
1695310956102 1800.0 596000
1695310974821 1800.0 600000
1695310993494 1800.0 604000
1695311012328 1800.0 608000
1695311030822 1800.0 612000
1695311049161 1800.0 616000
1695311068409 1800.0 620000
1695311087386 1800.0 624000
1695311106039 1800.0 628000
1695311124474 1800.0 632000
1695311143146 1800.0 636000
1695311161520 1800.0 640000
1695311180111 1800.0 644000
1695311198596 1800.0 648000
1695311217009 1800.0 652000
1695311235319 1800.0 656000
1695311253720 1800.0 660000
1695311272643 1800.0 664000
1695311293314 1800.0 668000
1695311312861 1800.0 672000
1695311332585 1800.0 676000
1695311352108 1800.0 680000
1695311371364 1800.0 684000
1695311391071 1800.0 688000
1695311410780 1800.0 692000
1695311430517 1800.0 696000
1695311449860 1800.0 700000
1695311469580 1800.0 704000
1695311488994 1800.0 708000
1695311507752 1800.0 712000
1695311525289 1800.0 716000
1695311545191 1800.0 720000
1695311563433 1800.0 724000
1695311580658 1800.0 728000
1695311597907 1800.0 732000
1695311614942 1800.0 736000
1695311633144 1800.0 740000
1695311651506 1800.0 744000
1695311670658 1800.0 748000
1695311688293 1800.0 752000
1695311705522 1800.0 756000
1695311723935 1800.0 760000
1695311742183 1800.0 764000
1695311760341 1800.0 768000
1695311778438 1800.0 772000
1695311796502 1800.0 776000
1695311814073 1800.0 780000
1695311831618 1800.0 784000
