1695308366388 60.0 4000
1695308381974 60.0 8000
1695308398677 60.0 12000
1695308415486 60.0 16000
1695308433113 60.0 20000
1695308450625 60.0 24000
1695308467244 60.0 28000
1695308484572 60.0 32000
1695308501525 60.0 36000
1695308517819 60.0 40000
1695308534347 60.0 44000
1695308550409 60.0 48000
1695308566553 60.0 52000
1695308582668 60.0 56000
1695308598946 60.0 60000
1695308614895 60.0 64000
1695308630956 60.0 68000
1695308646859 60.0 72000
1695308663020 60.0 76000
1695308679305 60.0 80000
1695308696649 60.0 84000
1695308714076 60.0 88000
1695308731359 60.0 92000
1695308748425 60.0 96000
1695308765540 60.0 100000
1695308782785 60.0 104000
1695308799770 60.0 108000
1695308816729 60.0 112000
1695308833805 60.0 116000
1695308850814 60.0 120000
1695308868042 60.0 124000
1695308885376 60.0 128000
1695308902927 60.0 132000
1695308920235 60.0 136000
1695308937668 60.0 140000
1695308955620 60.0 144000
1695308973227 60.0 148000
1695308991008 60.0 152000
1695309008063 60.0 156000
1695309025016 60.0 160000
1695309041882 60.0 164000
1695309058954 60.0 168000
1695309076355 60.0 172000
1695309093113 60.0 176000
1695309109801 60.0 180000
1695309126108 60.0 184000
1695309143049 60.0 188000
1695309161600 60.0 192000
1695309179107 60.0 196000
1695309196864 60.0 200000
1695309214117 60.0 204000
1695309232069 60.0 208000
1695309248782 60.0 212000
1695309265882 60.0 216000
1695309283783 60.0 220000
1695309301803 60.0 224000
1695309319337 60.0 228000
1695309336435 60.0 232000
1695309353424 60.0 236000
1695309370969 60.0 240000
1695309387750 60.0 244000
1695309404552 60.0 248000
1695309420973 60.0 252000
1695309437225 60.0 256000
1695309453729 60.0 260000
1695309470992 60.0 264000
1695309487900 60.0 268000
1695309504515 60.0 272000
1695309521822 60.0 276000
1695309538395 60.0 280000
1695309554829 60.0 284000
1695309571735 60.0 288000
1695309588317 60.0 292000
1695309604929 60.0 296000
1695309621188 60.0 300000
1695309637610 60.0 304000
1695309653961 60.0 308000
1695309670421 60.0 312000
1695309686901 60.0 316000
1695309703504 60.0 320000
1695309720111 60.0 324000
1695309736761 60.0 328000
1695309753476 60.0 332000
1695309770645 60.0 336000
1695309788434 60.0 340000
1695309806284 60.0 344000
1695309823928 60.0 348000
1695309841526 60.0 352000
1695309859443 60.0 356000
1695309877041 60.0 360000
1695309895237 60.0 364000
1695309912907 60.0 368000
1695309930513 60.0 372000
1695309948100 60.0 376000
1695309965670 60.0 380000
1695309983351 60.0 384000
1695310001815 60.0 388000
1695310019150 60.0 392000
1695310037251 60.0 396000
1695310058499 60.0 400000
1695310080095 60.0 404000
1695310099832 60.0 408000
1695310120025 60.0 412000
1695310136651 60.0 416000
1695310153352 60.0 420000
1695310170851 60.0 424000
1695310189101 60.0 428000
1695310207442 60.0 432000
1695310225695 60.0 436000
1695310244117 60.0 440000
1695310262433 60.0 444000
1695310280700 60.0 448000
1695310299193 60.0 452000
1695310318038 60.0 456000
1695310336766 60.0 460000
1695310355268 60.0 464000
1695310373933 60.0 468000
1695310392683 60.0 472000
1695310411167 60.0 476000
1695310429595 60.0 480000
1695310448000 60.0 484000
1695310466441 60.0 488000
1695310485084 60.0 492000
1695310503562 60.0 496000
1695310521975 60.0 500000
1695310540686 60.0 504000
1695310559030 60.0 508000
1695310577716 60.0 512000
1695310596060 60.0 516000
1695310614659 60.0 520000
1695310633222 60.0 524000
1695310651708 60.0 528000
1695310670060 60.0 532000
1695310688416 60.0 536000
1695310706921 60.0 540000
1695310725454 60.0 544000
1695310744059 60.0 548000
1695310762461 60.0 552000
1695310780985 60.0 556000
1695310799230 60.0 560000
1695310818183 60.0 564000
1695310836122 60.0 568000
1695310852915 60.0 572000
1695310869711 60.0 576000
1695310886313 60.0 580000
1695310903017 60.0 584000
1695310919923 60.0 588000
1695310937713 60.0 592000
1695310956101 60.0 596000
1695310974821 60.0 600000
1695310993494 60.0 604000
1695311012328 60.0 608000
1695311030822 60.0 612000
1695311049161 60.0 616000
1695311068409 60.0 620000
1695311087386 60.0 624000
1695311106039 60.0 628000
1695311124474 60.0 632000
1695311143146 60.0 636000
1695311161520 60.0 640000
1695311180110 60.0 644000
1695311198596 60.0 648000
1695311217009 60.0 652000
1695311235318 60.0 656000
1695311253720 60.0 660000
1695311272643 60.0 664000
1695311293314 60.0 668000
1695311312861 60.0 672000
1695311332584 60.0 676000
1695311352108 60.0 680000
1695311371363 60.0 684000
1695311391071 60.0 688000
1695311410779 60.0 692000
1695311430517 60.0 696000
1695311449860 60.0 700000
1695311469580 60.0 704000
1695311488994 60.0 708000
1695311507751 60.0 712000
1695311525289 60.0 716000
1695311545191 60.0 720000
1695311563432 60.0 724000
1695311580658 60.0 728000
1695311597906 60.0 732000
1695311614942 60.0 736000
1695311633144 60.0 740000
1695311651505 60.0 744000
1695311670658 60.0 748000
1695311688293 60.0 752000
1695311705522 60.0 756000
1695311723934 60.0 760000
1695311742182 60.0 764000
1695311760341 60.0 768000
1695311778438 60.0 772000
1695311796502 60.0 776000
1695311814073 60.0 780000
1695311831617 60.0 784000
