1695308366395 -0.07630769230769231 4000
1695308381982 0.1452333333333333 8000
1695308398685 0.07375 12000
1695308415493 0.022985714285714276 16000
1695308433120 0.013208333333333327 20000
1695308450633 0.015469999999999992 24000
1695308467252 -0.08233 28000
1695308484579 -0.11054 32000
1695308501533 -0.10119999999999997 36000
1695308517826 -0.13647 40000
1695308534354 -0.23506 44000
1695308550416 -0.2914 48000
1695308566560 -0.37148999999999993 52000
1695308582675 -0.42858 56000
1695308598953 -0.49721000000000004 60000
1695308614903 -0.53335 64000
1695308630963 -0.5389599999999999 68000
1695308646867 -0.5020499999999999 72000
1695308663028 -0.4647599999999999 76000
1695308679312 -0.50993 80000
1695308696657 -0.5402 84000
1695308714083 -0.6268400000000001 88000
1695308731366 -0.6985399999999999 92000
1695308748433 -0.66002 96000
1695308765548 -0.6604899999999998 100000
1695308782792 -0.6632399999999999 104000
1695308799778 -0.72905 108000
1695308816737 -0.78715 112000
1695308833812 -0.73008 116000
1695308850821 -0.76129 120000
1695308868049 -0.8674799999999999 124000
1695308885383 -0.8583799999999998 128000
1695308902934 -0.8696699999999998 132000
1695308920243 -0.8889099999999999 136000
1695308937675 -0.8938200000000001 140000
1695308955628 -0.8643299999999999 144000
1695308973234 -0.8687799999999999 148000
1695308991016 -0.8403859649122806 152000
1695309008070 -0.8162830188679243 156000
1695309025023 -0.8213906249999999 160000
1695309041890 -0.9335 164000
1695309058962 -0.8682089552238806 168000
1695309076363 -0.8617946428571427 172000
1695309093120 -0.8243709677419355 176000
1695309109809 -0.828121212121212 180000
1695309126115 -0.8027478260869564 184000
1695309143056 -0.8857125 188000
1695309161608 -0.8728025477707007 192000
1695309179114 -0.8995217391304346 196000
1695309196871 -0.8715838926174496 200000
1695309214125 -0.8888809523809523 204000
1695309232076 -0.8812359550561798 208000
1695309248790 -0.8726395348837209 212000
1695309265889 -0.7845793103448274 216000
1695309283791 -0.894267973856209 220000
1695309301812 -0.8544355828220861 224000
1695309319344 -0.90362893081761 228000
1695309336443 -0.8493855421686747 232000
1695309353432 -0.8325190839694655 236000
1695309370976 -0.8922244897959183 240000
1695309387758 -0.8556 244000
1695309404559 -0.89125786163522 248000
1695309420981 -0.8768648648648648 252000
1695309437232 -0.8299935483870966 256000
1695309453737 -0.8740923076923076 260000
1695309471000 -0.8143118811881187 264000
1695309487907 -0.8258580246913579 268000
1695309504522 -0.8709761904761903 272000
1695309521830 -0.8623251231527095 276000
1695309538402 -0.8621534391534391 280000
1695309554836 -0.8716216216216216 284000
1695309571743 -0.9309826589595375 288000
1695309588324 -0.8437076923076922 292000
1695309604937 -0.8175376344086022 296000
1695309621196 -0.8700548780487802 300000
1695309637617 -0.8295779816513762 304000
1695309653968 -0.8392972972972972 308000
1695309670428 -0.8445300546448086 312000
1695309686908 -0.8449502762430939 316000
1695309703512 -0.8750806451612902 320000
1695309720118 -0.8531746987951808 324000
1695309736769 -0.805105 328000
1695309753483 -0.8371675392670157 332000
1695309770652 -0.8111602209944749 336000
1695309788441 -0.8604285714285713 340000
1695309806292 -0.8188815165876777 344000
1695309823936 -0.886407960199005 348000
1695309841533 -0.8285783783783782 352000
1695309859450 -0.8194619289340102 356000
1695309877048 -0.8091229946524063 360000
1695309895244 -0.786244019138756 364000
1695309912914 -0.8579723756906078 368000
1695309930520 -0.7345670731707317 372000
1695309948108 -0.8042704081632653 376000
1695309965677 -0.795989010989011 380000
1695309983358 -0.7478971428571427 384000
1695310001823 -0.7774124293785311 388000
1695310019157 -0.7950648648648648 392000
1695310037258 -0.7252421052631578 396000
1695310058508 -0.7939353233830845 400000
1695310080104 -0.7790904977375565 404000
1695310099840 -0.6852863849765257 408000
1695310120033 -0.7603461538461538 412000
1695310136659 -0.7506995073891626 416000
1695310153360 -0.7180095238095238 420000
1695310170859 -0.6955441860465116 424000
1695310189109 -0.7661347826086956 428000
1695310207449 -0.7695272727272727 432000
1695310225703 -0.6904857142857144 436000
1695310244125 -0.758834862385321 440000
1695310262440 -0.7876816143497758 444000
1695310280709 -0.7058177570093457 448000
1695310299201 -0.7092008368200835 452000
1695310318045 -0.7180829493087557 456000
1695310336774 -0.7059723502304147 460000
1695310355275 -0.6408658008658009 464000
1695310373940 -0.7256860986547086 468000
1695310392691 -0.6964727272727272 472000
1695310411174 -0.7381371681415929 476000
1695310429602 -0.7045720524017466 480000
1695310448007 -0.629239819004525 484000
1695310466449 -0.646982608695652 488000
1695310485092 -0.6613181818181819 492000
1695310503570 -0.7232288135593219 496000
1695310521983 -0.6263436123348016 500000
1695310540693 -0.6073813559322033 504000
1695310559038 -0.5779389671361501 508000
1695310577723 -0.6332107623318385 512000
1695310596068 -0.7283063829787233 516000
1695310614666 -0.6597834101382487 520000
1695310633230 -0.6004757709251101 524000
1695310651715 -0.5633947368421053 528000
1695310670068 -0.6063756097560975 532000
1695310688425 -0.6083856502242153 536000
1695310706929 -0.5968088888888888 540000
1695310725461 -0.6240975609756099 544000
1695310744067 -0.6274336283185841 548000
1695310762468 -0.6292070484581497 552000
1695310780993 -0.6110639269406392 556000
1695310799237 -0.6228888888888888 560000
1695310818191 -0.6382694063926938 564000
1695310836129 -0.6296313559322033 568000
1695310852922 -0.5783920704845814 572000
1695310869718 -0.6653421052631578 576000
1695310886320 -0.6519868995633187 580000
1695310903024 -0.6169722222222221 584000
1695310919930 -0.6006347826086957 588000
1695310937721 -0.6327017543859649 592000
1695310956109 -0.6931908713692945 596000
1695310974828 -0.6447964601769911 600000
1695310993502 -0.594246963562753 604000
1695311012336 -0.6276774193548387 608000
1695311030830 -0.6431124497991968 612000
1695311049168 -0.6124937759336099 616000
1695311068416 -0.5220464135021097 620000
1695311087394 -0.5318867924528301 624000
1695311106048 -0.5787235772357723 628000
1695311124482 -0.6301645569620252 632000
1695311143154 -0.5743903508771929 636000
1695311161528 -0.625650655021834 640000
1695311180118 -0.5633415637860082 644000
1695311198603 -0.5236816326530612 648000
1695311217017 -0.600047619047619 652000
1695311235326 -0.5912076271186439 656000
1695311253727 -0.5688 660000
1695311272650 -0.5160381355932202 664000
1695311293322 -0.5455183673469387 668000
1695311312869 -0.5113842975206612 672000
1695311332592 -0.5418211382113821 676000
1695311352115 -0.46822171945701346 680000
1695311371371 -0.5830365853658537 684000
1695311391078 -0.5985796460176991 688000
1695311410787 -0.5613373493975904 692000
1695311430524 -0.5225361702127659 696000
1695311449868 -0.6167916666666667 700000
1695311469587 -0.5802635983263598 704000
1695311489002 -0.5329126984126984 708000
1695311507759 -0.5411525423728815 712000
1695311525296 -0.5716333333333331 716000
1695311545199 -0.5245258964143427 720000
1695311563440 -0.5706746031746032 724000
1695311580665 -0.5460901639344261 728000
1695311597915 -0.5877749999999999 732000
1695311614949 -0.5031568627450981 736000
1695311633151 -0.5669999999999998 740000
1695311651513 -0.5712149122807016 744000
1695311670665 -0.5711115537848606 748000
1695311688300 -0.5685065502183405 752000
1695311705529 -0.6420044052863434 756000
1695311723942 -0.5904585152838426 760000
1695311742192 -0.621899193548387 764000
1695311760349 -0.5852962962962962 768000
1695311778445 -0.6182076271186441 772000
1695311796509 -0.5954222222222221 776000
1695311814080 -0.5469184549356223 780000
1695311831625 -0.5616353383458645 784000
