1695308366395 0.054153846153846136 4000
1695308381982 -0.15059999999999998 8000
1695308398685 -0.10861538461538463 12000
1695308415493 -0.015157142857142881 16000
1695308433120 -0.005437500000000026 20000
1695308450633 0.009289999999999975 24000
1695308467252 0.09177999999999999 28000
1695308484579 0.10537 32000
1695308501532 0.09527999999999999 36000
1695308517826 0.1094 40000
1695308534354 0.18728999999999996 44000
1695308550416 0.24026999999999993 48000
1695308566560 0.28858 52000
1695308582675 0.34159999999999996 56000
1695308598953 0.40533 60000
1695308614902 0.47540999999999994 64000
1695308630963 0.49463 68000
1695308646866 0.5291699999999999 72000
1695308663028 0.48117999999999994 76000
1695308679312 0.5340699999999999 80000
1695308696656 0.51532 84000
1695308714083 0.5793699999999999 88000
1695308731366 0.62927 92000
1695308748433 0.63152 96000
1695308765547 0.6686500000000001 100000
1695308782791 0.6862599999999999 104000
1695308799777 0.74051 108000
1695308816737 0.78532 112000
1695308833812 0.7554699999999999 116000
1695308850821 0.7910799999999999 120000
1695308868049 0.8875000000000002 124000
1695308885383 0.9148900000000002 128000
1695308902934 0.8878900000000001 132000
1695308920243 0.9016299999999999 136000
1695308937675 0.91491 140000
1695308955628 0.9269699999999998 144000
1695308973234 0.9007200000000001 148000
1695308991016 0.8947368421052633 152000
1695309008070 0.9257264150943397 156000
1695309025023 0.8784609375000001 160000
1695309041889 0.9949242424242423 164000
1695309058961 0.9874477611940298 168000
1695309076363 0.9463482142857143 172000
1695309093120 0.9811935483870965 176000
1695309109808 0.9649469696969696 180000
1695309126115 0.8920347826086957 184000
1695309143056 0.984875 188000
1695309161608 0.9728598726114648 192000
1695309179114 1.0120489130434782 196000
1695309196871 0.9706375838926175 200000
1695309214125 1.0235119047619048 204000
1695309232076 1.0281966292134832 208000
1695309248790 0.9972093023255812 212000
1695309265889 0.9093586206896551 216000
1695309283791 1.0061895424836602 220000
1695309301812 0.9648650306748467 224000
1695309319344 1.04074213836478 228000
1695309336442 0.9902289156626505 232000
1695309353432 0.9856564885496184 236000
1695309370976 1.0292380952380953 240000
1695309387758 1.0366432432432433 244000
1695309404559 1.073056603773585 248000
1695309420981 1.022172972972973 252000
1695309437232 1.0350129032258064 256000
1695309453736 1.0514051282051282 260000
1695309470999 1.0141930693069308 264000
1695309487907 1.0915000000000001 268000
1695309504522 1.1278988095238096 272000
1695309521829 1.0876995073891627 276000
1695309538402 1.129179894179894 280000
1695309554836 1.118545945945946 284000
1695309571742 1.2146473988439306 288000
1695309588324 1.147948717948718 292000
1695309604936 1.1465913978494624 296000
1695309621195 1.214682926829268 300000
1695309637617 1.164775229357798 304000
1695309653968 1.1936972972972972 308000
1695309670428 1.2023715846994536 312000
1695309686908 1.1823701657458565 316000
1695309703512 1.230505376344086 320000
1695309720118 1.2545722891566264 324000
1695309736769 1.213085 328000
1695309753483 1.2475026178010469 332000
1695309770652 1.2474917127071823 336000
1695309788441 1.2684187192118226 340000
1695309806291 1.2565781990521325 344000
1695309823936 1.261587064676617 348000
1695309841533 1.2434162162162161 352000
1695309859450 1.2201878172588834 356000
1695309877048 1.3175294117647058 360000
1695309895244 1.2737177033492824 364000
1695309912914 1.3158066298342541 368000
1695309930519 1.289719512195122 372000
1695309948108 1.310780612244898 376000
1695309965677 1.2616648351648354 380000
1695309983357 1.2817714285714286 384000
1695310001822 1.3321242937853108 388000
1695310019157 1.3485675675675675 392000
1695310037258 1.302121052631579 396000
1695310058508 1.3697412935323383 400000
1695310080104 1.3731085972850678 404000
1695310099840 1.323924882629108 408000
1695310120032 1.3876538461538461 412000
1695310136658 1.326758620689655 416000
1695310153360 1.3616571428571427 420000
1695310170858 1.314279069767442 424000
1695310189109 1.3851217391304347 428000
1695310207449 1.3618727272727271 432000
1695310225703 1.3228238095238096 436000
1695310244125 1.3684587155963306 440000
1695310262440 1.3938295964125562 444000
1695310280709 1.3541495327102804 448000
1695310299201 1.317230125523013 452000
1695310318045 1.370520737327189 456000
1695310336773 1.3815668202764975 460000
1695310355275 1.3172121212121215 464000
1695310373940 1.354968609865471 468000
1695310392691 1.3883227272727274 472000
1695310411174 1.372407079646018 476000
1695310429602 1.3730174672489082 480000
1695310448007 1.3208325791855204 484000
1695310466449 1.3666652173913045 488000
1695310485092 1.3686074380165287 492000
1695310503569 1.414470338983051 496000
1695310521983 1.3774405286343612 500000
1695310540693 1.3605932203389832 504000
1695310559038 1.3202910798122067 508000
1695310577723 1.4016636771300448 512000
1695310596068 1.4082255319148935 516000
1695310614666 1.3790691244239632 520000
1695310633230 1.3689911894273132 524000
1695310651715 1.350030701754386 528000
1695310670067 1.3549609756097563 532000
1695310688424 1.3933497757847533 536000
1695310706929 1.3812177777777779 540000
1695310725461 1.3711626016260163 544000
1695310744067 1.3831814159292037 548000
1695310762468 1.375092511013216 552000
1695310780993 1.378420091324201 556000
1695310799237 1.3326898148148147 560000
1695310818191 1.388200913242009 564000
1695310836129 1.3280550847457626 568000
1695310852922 1.3770176211453744 572000
1695310869718 1.388526315789474 576000
1695310886320 1.3861353711790394 580000
1695310903024 1.386486111111111 584000
1695310919930 1.4040391304347826 588000
1695310937720 1.3866973684210528 592000
1695310956109 1.4360165975103736 596000
1695310974828 1.3976504424778762 600000
1695310993502 1.3910526315789475 604000
1695311012336 1.4238951612903226 608000
1695311030830 1.4187630522088353 612000
1695311049168 1.4273236514522822 616000
1695311068416 1.3922320675105484 620000
1695311087394 1.3547509433962261 624000
1695311106047 1.4058170731707316 628000
1695311124481 1.382987341772152 632000
1695311143153 1.3509956140350878 636000
1695311161528 1.3817729257641924 640000
1695311180118 1.3799547325102883 644000
1695311198603 1.3882857142857143 648000
1695311217017 1.425926406926407 652000
1695311235326 1.3492076271186442 656000
1695311253727 1.4009617021276595 660000
1695311272650 1.390885593220339 664000
1695311293322 1.4191591836734692 668000
1695311312869 1.400289256198347 672000
1695311332592 1.393349593495935 676000
1695311352115 1.3805113122171944 680000
1695311371371 1.3958983739837398 684000
1695311391078 1.3750221238938052 688000
1695311410787 1.4083453815261044 692000
1695311430524 1.3858382978723403 696000
1695311449868 1.4003148148148148 700000
1695311469587 1.4139707112970714 704000
1695311489001 1.4068849206349208 708000
1695311507759 1.3941228813559323 712000
1695311525296 1.4169041666666666 716000
1695311545198 1.3943426294820718 720000
1695311563440 1.38734126984127 724000
1695311580665 1.407704918032787 728000
1695311597914 1.4305625 732000
1695311614949 1.4048901960784312 736000
1695311633151 1.4109339207048457 740000
1695311651513 1.4032280701754387 744000
1695311670665 1.4069282868525896 748000
1695311688300 1.4046200873362447 752000
1695311705529 1.411947136563877 756000
1695311723942 1.4139126637554589 760000
1695311742192 1.418399193548387 764000
1695311760348 1.4062921810699587 768000
1695311778445 1.3777542372881357 772000
1695311796509 1.3789155555555554 776000
1695311814080 1.3671330472103003 780000
1695311831624 1.3802556390977443 784000
