1695308366360 0.0 4000
1695308381947 0.0 8000
1695308398648 0.0 12000
1695308415456 0.0 16000
1695308433086 0.0 20000
1695308450595 0.0 24000
1695308467216 0.0 28000
1695308484546 0.0 32000
1695308501497 0.0 36000
1695308517792 0.0 40000
1695308534320 0.0 44000
1695308550382 0.0 48000
1695308566526 0.0 52000
1695308582640 0.0 56000
1695308598920 0.0 60000
1695308614869 0.0 64000
1695308630929 0.0 68000
1695308646832 0.0 72000
1695308662994 0.0 76000
1695308679278 0.0 80000
1695308696623 0.0 84000
1695308714049 0.0 88000
1695308731333 0.0 92000
1695308748397 0.0 96000
1695308765513 0.0 100000
1695308782759 0.0 104000
1695308799742 0.0 108000
1695308816704 0.0 112000
1695308833779 0.0 116000
1695308850788 0.0 120000
1695308868017 0.0 124000
1695308885350 0.0 128000
1695308902900 0.0 132000
1695308920209 0.0 136000
1695308937641 0.0 140000
1695308955592 0.0 144000
1695308973200 0.0 148000
1695308990981 0.0 152000
1695309008037 0.0 156000
1695309024989 0.0 160000
1695309041854 0.0 164000
1695309058925 0.0 168000
1695309076329 0.0 172000
1695309093088 0.0 176000
1695309109774 0.0 180000
1695309126081 0.0 184000
1695309143022 0.0 188000
1695309161570 0.0 192000
1695309179080 0.0 196000
1695309196837 0.0 200000
1695309214090 0.0 204000
1695309232042 0.0 208000
1695309248753 0.0 212000
1695309265856 0.0 216000
1695309283754 0.0 220000
1695309301771 0.0 224000
1695309319309 0.0 228000
1695309336409 0.0 232000
1695309353396 0.0 236000
1695309370943 0.0 240000
1695309387723 0.0 244000
1695309404526 0.0 248000
1695309420946 0.0 252000
1695309437198 0.0 256000
1695309453702 0.0 260000
1695309470965 0.0 264000
1695309487872 0.0 268000
1695309504489 0.0 272000
1695309521795 0.0 276000
1695309538366 0.0 280000
1695309554802 0.0 284000
1695309571709 0.0 288000
1695309588287 0.0 292000
1695309604903 0.0 296000
1695309621161 0.0 300000
1695309637583 0.0 304000
1695309653933 0.0 308000
1695309670395 0.0 312000
1695309686874 0.0 316000
1695309703478 0.0 320000
1695309720084 0.0 324000
1695309736735 0.0 328000
1695309753450 0.0 332000
1695309770618 0.0 336000
1695309788408 0.0 340000
1695309806258 0.0 344000
1695309823902 0.0 348000
1695309841499 0.0 352000
1695309859417 0.0 356000
1695309877015 0.0 360000
1695309895210 0.0 364000
1695309912880 0.0 368000
1695309930486 0.0 372000
1695309948074 0.0 376000
1695309965643 0.0 380000
1695309983325 0.0 384000
1695310001789 0.0 388000
1695310019123 0.0 392000
1695310037225 0.0 396000
1695310058468 0.0 400000
1695310080065 0.0 404000
1695310099804 0.0 408000
1695310119997 0.0 412000
1695310136625 0.0 416000
1695310153325 0.0 420000
1695310170824 0.0 424000
1695310189072 0.0 428000
1695310207415 0.0 432000
1695310225666 0.0 436000
1695310244091 0.0 440000
1695310262404 0.0 444000
1695310280671 0.0 448000
1695310299164 0.0 452000
1695310318011 0.0 456000
1695310336739 0.0 460000
1695310355241 0.0 464000
1695310373906 0.0 468000
1695310392656 0.0 472000
1695310411140 0.0 476000
1695310429569 0.0 480000
1695310447971 0.0 484000
1695310466414 0.0 488000
1695310485053 0.0 492000
1695310503535 0.0 496000
1695310521946 0.0 500000
1695310540659 0.0 504000
1695310559001 0.0 508000
1695310577689 0.0 512000
1695310596031 0.0 516000
1695310614632 0.0 520000
1695310633194 0.0 524000
1695310651680 0.0 528000
1695310670033 0.0 532000
1695310688389 0.0 536000
1695310706891 0.0 540000
1695310725426 0.0 544000
1695310744030 0.0 548000
1695310762427 0.0 552000
1695310780956 0.0 556000
1695310799203 0.0 560000
1695310818157 0.0 564000
1695310836095 0.0 568000
1695310852888 0.0 572000
1695310869684 0.0 576000
1695310886285 0.0 580000
1695310902991 0.0 584000
1695310919897 0.0 588000
1695310937686 0.0 592000
1695310956073 0.0 596000
1695310974794 0.0 600000
1695310993465 0.0 604000
1695311012301 0.0 608000
1695311030793 0.0 612000
1695311049133 0.0 616000
1695311068381 0.0 620000
1695311087357 0.0 624000
1695311106010 0.0 628000
1695311124446 0.0 632000
1695311143116 0.0 636000
1695311161492 0.0 640000
1695311180081 0.0 644000
1695311198569 0.0 648000
1695311216980 0.0 652000
1695311235291 0.0 656000
1695311253689 0.0 660000
1695311272615 0.0 664000
1695311293285 0.0 668000
1695311312832 0.0 672000
1695311332557 0.0 676000
1695311352081 0.0 680000
1695311371334 0.0 684000
1695311391043 0.0 688000
1695311410752 0.0 692000
1695311430489 0.0 696000
1695311449832 0.0 700000
1695311469551 0.0 704000
1695311488967 0.0 708000
1695311507724 0.0 712000
1695311525262 0.0 716000
1695311545164 0.0 720000
1695311563405 0.0 724000
1695311580632 0.0 728000
1695311597877 0.0 732000
1695311614916 0.0 736000
1695311633116 0.0 740000
1695311651479 0.0 744000
1695311670632 0.0 748000
1695311688267 0.0 752000
1695311705494 0.0 756000
1695311723908 0.0 760000
1695311742153 0.0 764000
1695311760314 0.0 768000
1695311778411 0.0 772000
1695311796474 0.0 776000
1695311814046 0.0 780000
1695311831591 0.0 784000
