1695308366356 218.0 4000
1695308381943 214.36666666666667 8000
1695308398644 212.80769230769232 12000
1695308415452 205.74285714285713 16000
1695308433082 201.41666666666666 20000
1695308450591 199.42 24000
1695308467212 199.1 28000
1695308484542 198.26 32000
1695308501493 197.12 36000
1695308517789 198.79 40000
1695308534316 188.6 44000
1695308550379 184.49 48000
1695308566523 178.2 52000
1695308582637 176.25 56000
1695308598916 170.09 60000
1695308614866 154.56 64000
1695308630925 144.47 68000
1695308646829 141.32 72000
1695308662990 137.21 76000
1695308679274 142.52 80000
1695308696620 135.67 84000
1695308714045 135.24 88000
1695308731330 126.33 92000
1695308748393 121.93 96000
1695308765510 111.83 100000
1695308782755 106.8 104000
1695308799738 95.43 108000
1695308816701 90.92 112000
1695308833776 81.54 116000
1695308850784 75.5 120000
1695308868013 54.8 124000
1695308885347 48.22 128000
1695308902896 48.87 132000
1695308920206 42.93 136000
1695308937637 43.99 140000
1695308955589 41.65 144000
1695308973197 44.97 148000
1695308990977 33.94736842105263 152000
1695309008033 39.39622641509434 156000
1695309024985 30.25 160000
1695309041850 31.439393939393938 164000
1695309058921 27.69402985074627 168000
1695309076325 34.99107142857143 172000
1695309093084 35.62903225806452 176000
1695309109770 30.689393939393938 180000
1695309126077 29.817391304347826 184000
1695309143018 28.00625 188000
1695309161566 25.94267515923567 192000
1695309179077 21.456521739130434 196000
1695309196834 27.221476510067113 200000
1695309214086 23.666666666666668 204000
1695309232038 21.247191011235955 208000
1695309248749 25.11627906976744 212000
1695309265852 27.413793103448278 216000
1695309283749 23.901960784313726 220000
1695309301767 26.20245398773006 224000
1695309319305 24.59119496855346 228000
1695309336405 24.36144578313253 232000
1695309353392 27.96946564885496 236000
1695309370939 29.931972789115648 240000
1695309387719 21.724324324324325 244000
1695309404522 25.163522012578618 248000
1695309420942 21.697297297297297 252000
1695309437194 25.058064516129033 256000
1695309453698 21.256410256410255 260000
1695309470962 19.356435643564357 264000
1695309487868 23.617283950617285 268000
1695309504485 24.351190476190474 272000
1695309521792 20.32512315270936 276000
1695309538362 21.16931216931217 280000
1695309554798 21.481081081081083 284000
1695309571705 23.14450867052023 288000
1695309588283 20.892307692307693 292000
1695309604899 21.155913978494624 296000
1695309621157 24.365853658536587 300000
1695309637580 18.55504587155963 304000
1695309653930 21.772972972972973 308000
1695309670391 20.502732240437158 312000
1695309686870 22.944751381215468 316000
1695309703474 21.591397849462364 320000
1695309720081 23.27710843373494 324000
1695309736731 20.96 328000
1695309753446 20.769633507853403 332000
1695309770615 21.61878453038674 336000
1695309788404 20.374384236453203 340000
1695309806254 18.75829383886256 344000
1695309823898 19.71144278606965 348000
1695309841495 20.72972972972973 352000
1695309859414 21.18274111675127 356000
1695309877011 21.71657754010695 360000
1695309895206 19.066985645933013 364000
1695309912877 21.055248618784532 368000
1695309930482 25.176829268292682 372000
1695309948070 19.642857142857142 376000
1695309965639 22.439560439560438 380000
1695309983321 23.388571428571428 384000
1695310001786 21.768361581920903 388000
1695310019120 22.08108108108108 392000
1695310037222 21.273684210526316 396000
1695310058464 20.01492537313433 400000
1695310080061 18.217194570135746 404000
1695310099800 18.366197183098592 408000
1695310119994 19.682692307692307 412000
1695310136622 19.48768472906404 416000
1695310153322 18.495238095238093 420000
1695310170821 19.46511627906977 424000
1695310189068 17.269565217391303 428000
1695310207411 18.086363636363636 432000
1695310225662 19.142857142857142 436000
1695310244087 18.23394495412844 440000
1695310262400 18.116591928251122 444000
1695310280667 18.757009345794394 448000
1695310299159 16.761506276150627 452000
1695310318007 18.0 456000
1695310336735 18.691244239631338 460000
1695310355237 17.41125541125541 464000
1695310373903 17.8609865470852 468000
1695310392652 18.295454545454547 472000
1695310411136 17.61061946902655 476000
1695310429565 17.04366812227074 480000
1695310447967 18.63348416289593 484000
1695310466411 17.05217391304348 488000
1695310485047 16.698347107438018 492000
1695310503532 17.110169491525422 496000
1695310521941 17.312775330396477 500000
1695310540655 17.050847457627118 504000
1695310558996 19.023474178403756 508000
1695310577686 17.847533632286996 512000
1695310596027 17.02127659574468 516000
1695310614628 17.294930875576036 520000
1695310633190 18.669603524229075 524000
1695310651677 17.54385964912281 528000
1695310670029 19.141463414634146 532000
1695310688385 17.690582959641254 536000
1695310706887 18.266666666666666 540000
1695310725422 16.378048780487806 544000
1695310744026 17.76991150442478 548000
1695310762423 16.955947136563875 552000
1695310780952 18.013698630136986 556000
1695310799200 19.13425925925926 560000
1695310818153 18.35159817351598 564000
1695310836091 16.970338983050848 568000
1695310852885 17.75770925110132 572000
1695310869680 17.535087719298247 576000
1695310886281 17.209606986899562 580000
1695310902988 18.671296296296298 584000
1695310919893 17.46086956521739 588000
1695310937683 17.482456140350877 592000
1695310956069 16.42738589211618 596000
1695310974791 17.97787610619469 600000
1695310993461 16.234817813765183 604000
1695311012298 15.963709677419354 608000
1695311030789 16.313253012048193 612000
1695311049130 16.547717842323653 616000
1695311068378 17.033755274261605 620000
1695311087353 14.864150943396226 624000
1695311106006 16.097560975609756 628000
1695311124443 16.746835443037973 632000
1695311143112 17.885964912280702 636000
1695311161487 16.96943231441048 640000
1695311180077 16.925925925925927 644000
1695311198565 16.367346938775512 648000
1695311216976 16.72294372294372 652000
1695311235288 17.45762711864407 656000
1695311253685 16.085106382978722 660000
1695311272611 17.949152542372882 664000
1695311293281 16.069387755102042 668000
1695311312829 16.785123966942148 672000
1695311332554 16.016260162601625 676000
1695311352078 18.289592760180994 680000
1695311371330 16.065040650406505 684000
1695311391039 18.13716814159292 688000
1695311410748 15.89558232931727 692000
1695311430485 16.92340425531915 696000
1695311449828 17.916666666666668 700000
1695311469547 17.292887029288703 704000
1695311488963 15.98015873015873 708000
1695311507720 16.940677966101696 712000
1695311525258 16.570833333333333 716000
1695311545161 15.9800796812749 720000
1695311563402 15.928571428571429 724000
1695311580628 16.46311475409836 728000
1695311597872 16.066666666666666 732000
1695311614912 16.03921568627451 736000
1695311633112 17.070484581497798 740000
1695311651475 18.17543859649123 744000
1695311670628 15.92430278884462 748000
1695311688263 17.16593886462882 752000
1695311705491 17.312775330396477 756000
1695311723904 18.2882096069869 760000
1695311742148 15.838709677419354 764000
1695311760310 16.679012345679013 768000
1695311778407 16.860169491525422 772000
1695311796471 17.711111111111112 776000
1695311814042 17.339055793991417 780000
1695311831587 15.097744360902256 784000
