1695308366357 13.0 4000
1695308381944 17.0 8000
1695308398644 22.0 12000
1695308415453 18.0 16000
1695308433082 26.0 20000
1695308450591 18.0 24000
1695308467212 18.0 28000
1695308484542 18.0 32000
1695308501494 23.0 36000
1695308517789 21.0 40000
1695308534316 24.0 44000
1695308550379 23.0 48000
1695308566523 19.0 52000
1695308582637 28.0 56000
1695308598916 25.0 60000
1695308614866 29.0 64000
1695308630926 32.0 68000
1695308646829 25.0 72000
1695308662991 27.0 76000
1695308679274 32.0 80000
1695308696620 32.0 84000
1695308714046 30.0 88000
1695308731330 33.0 92000
1695308748394 36.0 96000
1695308765510 37.0 100000
1695308782755 39.0 104000
1695308799738 49.0 108000
1695308816701 40.0 112000
1695308833776 59.0 116000
1695308850784 49.0 120000
1695308868013 84.0 124000
1695308885347 83.0 128000
1695308902897 88.0 132000
1695308920206 92.0 136000
1695308937637 95.0 140000
1695308955589 80.0 144000
1695308973197 98.0 148000
1695308990977 114.0 152000
1695309008033 106.0 156000
1695309024985 128.0 160000
1695309041851 132.0 164000
1695309058921 134.0 168000
1695309076325 112.0 172000
1695309093085 124.0 176000
1695309109770 132.0 180000
1695309126078 115.0 184000
1695309143019 160.0 188000
1695309161566 157.0 192000
1695309179077 184.0 196000
1695309196834 149.0 200000
1695309214086 168.0 204000
1695309232038 178.0 208000
1695309248749 172.0 212000
1695309265852 145.0 216000
1695309283750 153.0 220000
1695309301767 163.0 224000
1695309319305 159.0 228000
1695309336406 166.0 232000
1695309353392 131.0 236000
1695309370939 147.0 240000
1695309387719 185.0 244000
1695309404522 159.0 248000
1695309420942 185.0 252000
1695309437195 155.0 256000
1695309453699 195.0 260000
1695309470962 202.0 264000
1695309487868 162.0 268000
1695309504485 168.0 272000
1695309521792 203.0 276000
1695309538362 189.0 280000
1695309554798 185.0 284000
1695309571705 173.0 288000
1695309588283 195.0 292000
1695309604900 186.0 296000
1695309621157 164.0 300000
1695309637580 218.0 304000
1695309653930 185.0 308000
1695309670391 183.0 312000
1695309686871 181.0 316000
1695309703474 186.0 320000
1695309720081 166.0 324000
1695309736731 200.0 328000
1695309753447 191.0 332000
1695309770615 181.0 336000
1695309788404 203.0 340000
1695309806254 211.0 344000
1695309823899 201.0 348000
1695309841496 185.0 352000
1695309859414 197.0 356000
1695309877011 187.0 360000
1695309895206 209.0 364000
1695309912877 181.0 368000
1695309930482 164.0 372000
1695309948070 196.0 376000
1695309965639 182.0 380000
1695309983321 175.0 384000
1695310001786 177.0 388000
1695310019120 185.0 392000
1695310037222 190.0 396000
1695310058464 201.0 400000
1695310080061 221.0 404000
1695310099800 213.0 408000
1695310119994 208.0 412000
1695310136622 203.0 416000
1695310153322 210.0 420000
1695310170821 215.0 424000
1695310189068 230.0 428000
1695310207412 220.0 432000
1695310225663 210.0 436000
1695310244087 218.0 440000
1695310262400 223.0 444000
1695310280667 214.0 448000
1695310299160 239.0 452000
1695310318007 217.0 456000
1695310336735 217.0 460000
1695310355238 231.0 464000
1695310373903 223.0 468000
1695310392652 220.0 472000
1695310411137 226.0 476000
1695310429565 229.0 480000
1695310447967 221.0 484000
1695310466411 230.0 488000
1695310485047 242.0 492000
1695310503532 236.0 496000
1695310521942 227.0 500000
1695310540655 236.0 504000
1695310558997 213.0 508000
1695310577686 223.0 512000
1695310596027 235.0 516000
1695310614629 217.0 520000
1695310633190 227.0 524000
1695310651677 228.0 528000
1695310670029 205.0 532000
1695310688385 223.0 536000
1695310706887 225.0 540000
1695310725423 246.0 544000
1695310744027 226.0 548000
1695310762423 227.0 552000
1695310780952 219.0 556000
1695310799200 216.0 560000
1695310818153 219.0 564000
1695310836091 236.0 568000
1695310852885 227.0 572000
1695310869680 228.0 576000
1695310886281 229.0 580000
1695310902988 216.0 584000
1695310919893 230.0 588000
1695310937683 228.0 592000
1695310956069 241.0 596000
1695310974791 226.0 600000
1695310993461 247.0 604000
1695311012298 248.0 608000
1695311030789 249.0 612000
1695311049130 241.0 616000
1695311068378 237.0 620000
1695311087354 265.0 624000
1695311106007 246.0 628000
1695311124443 237.0 632000
1695311143113 228.0 636000
1695311161487 229.0 640000
1695311180077 243.0 644000
1695311198565 245.0 648000
1695311216976 231.0 652000
1695311235288 236.0 656000
1695311253685 235.0 660000
1695311272611 236.0 664000
1695311293281 245.0 668000
1695311312829 242.0 672000
1695311332554 246.0 676000
1695311352078 221.0 680000
1695311371330 246.0 684000
1695311391039 226.0 688000
1695311410748 249.0 692000
1695311430486 235.0 696000
1695311449828 216.0 700000
1695311469547 239.0 704000
1695311488963 252.0 708000
1695311507720 236.0 712000
1695311525258 240.0 716000
1695311545161 251.0 720000
1695311563402 252.0 724000
1695311580628 244.0 728000
1695311597873 240.0 732000
1695311614912 255.0 736000
1695311633113 227.0 740000
1695311651476 228.0 744000
1695311670628 251.0 748000
1695311688263 229.0 752000
1695311705491 227.0 756000
1695311723904 229.0 760000
1695311742149 248.0 764000
1695311760310 243.0 768000
1695311778407 236.0 772000
1695311796471 225.0 776000
1695311814043 233.0 780000
1695311831587 266.0 784000
