1695308366356 0.9119999999999999 4000
1695308381943 0.9149999999999999 8000
1695308398643 0.9149999999999999 12000
1695308415451 1.2650000000000001 16000
1695308433081 1.2650000000000001 20000
1695308450590 1.2650000000000001 24000
1695308467211 1.2650000000000001 28000
1695308484541 1.2650000000000001 32000
1695308501492 0.9149999999999999 36000
1695308517788 0.9149999999999999 40000
1695308534315 0.9179999999999999 44000
1695308550378 0.9179999999999999 48000
1695308566522 0.9179999999999999 52000
1695308582636 0.9289999999999999 56000
1695308598915 0.944 60000
1695308614865 0.944 64000
1695308630925 0.944 68000
1695308646828 0.944 72000
1695308662990 0.9269999999999999 76000
1695308679273 0.9269999999999999 80000
1695308696619 0.9269999999999999 84000
1695308714045 0.9269999999999999 88000
1695308731329 1.115 92000
1695308748392 1.115 96000
1695308765509 1.115 100000
1695308782754 0.9299999999999999 104000
1695308799737 0.9219999999999999 108000
1695308816700 0.9580000000000002 112000
1695308833775 0.9580000000000002 116000
1695308850783 1.588 120000
1695308868012 0.8859999999999999 124000
1695308885346 0.929 128000
1695308902896 0.7850000000000001 132000
1695308920205 0.917 136000
1695308937636 0.7589999999999999 140000
1695308955588 0.6040000000000001 144000
1695308973196 0.873 148000
1695308990976 0.9249999999999998 152000
1695309008032 0.911 156000
1695309024984 0.9550000000000001 160000
1695309041849 0.923 164000
1695309058920 0.8460000000000001 168000
1695309076324 0.97 172000
1695309093084 0.946 176000
1695309109769 0.913 180000
1695309126077 0.9100000000000001 184000
1695309143018 1.4409999999999998 188000
1695309161565 0.869 192000
1695309179076 1.4329999999999998 196000
1695309196833 0.962 200000
1695309214085 0.9430000000000001 204000
1695309232037 0.9630000000000001 208000
1695309248748 1.442 212000
1695309265851 1.446 216000
1695309283748 0.9630000000000001 220000
1695309301766 1.4529999999999998 224000
1695309319304 1.431 228000
1695309336405 1.453 232000
1695309353391 1.434 236000
1695309370938 1.439 240000
1695309387718 1.4409999999999998 244000
1695309404521 1.572 248000
1695309420941 1.389 252000
1695309437194 1.46 256000
1695309453698 1.94 260000
1695309470961 1.954 264000
1695309487867 1.762 268000
1695309504484 1.942 272000
1695309521791 1.455 276000
1695309538361 1.9369999999999998 280000
1695309554797 1.4489999999999998 284000
1695309571704 1.45 288000
1695309588282 1.942 292000
1695309604899 1.848 296000
1695309621156 1.5859999999999999 300000
1695309637579 1.9409999999999998 304000
1695309653929 1.9300000000000002 308000
1695309670390 1.958 312000
1695309686870 1.896 316000
1695309703473 1.4609999999999999 320000
1695309720080 1.9529999999999998 324000
1695309736730 1.9489999999999998 328000
1695309753445 1.745 332000
1695309770614 1.917 336000
1695309788403 1.944 340000
1695309806253 1.926 344000
1695309823897 1.9409999999999998 348000
1695309841495 1.8159999999999998 352000
1695309859413 1.896 356000
1695309877010 1.939 360000
1695309895205 1.9449999999999998 364000
1695309912876 1.9249999999999998 368000
1695309930481 1.93 372000
1695309948069 1.928 376000
1695309965638 1.96 380000
1695309983320 1.46 384000
1695310001785 1.92 388000
1695310019119 1.9180000000000001 392000
1695310037221 1.947 396000
1695310058463 1.9569999999999999 400000
1695310080060 1.942 404000
1695310099799 1.946 408000
1695310119993 1.9529999999999998 412000
1695310136621 1.9040000000000001 416000
1695310153321 1.935 420000
1695310170820 1.9409999999999998 424000
1695310189067 1.9609999999999999 428000
1695310207411 1.951 432000
1695310225661 1.938 436000
1695310244086 1.9369999999999998 440000
1695310262399 1.9609999999999999 444000
1695310280666 1.951 448000
1695310299159 1.951 452000
1695310318006 1.9489999999999998 456000
1695310336734 1.9529999999999998 460000
1695310355236 1.904 464000
1695310373902 1.9609999999999999 468000
1695310392651 1.95 472000
1695310411135 1.9489999999999998 476000
1695310429564 1.952 480000
1695310447966 1.952 484000
1695310466410 1.951 488000
1695310485046 1.95 492000
1695310503531 1.959 496000
1695310521940 1.955 500000
1695310540654 1.95 504000
1695310558995 1.955 508000
1695310577685 1.9449999999999998 512000
1695310596026 1.949 516000
1695310614628 1.94 520000
1695310633189 1.9569999999999999 524000
1695310651676 1.942 528000
1695310670028 1.93 532000
1695310688384 1.9540000000000002 536000
1695310706886 1.952 540000
1695310725421 1.958 544000
1695310744025 1.956 548000
1695310762422 1.9449999999999998 552000
1695310780951 1.952 556000
1695310799199 1.9569999999999999 560000
1695310818152 1.954 564000
1695310836090 1.95 568000
1695310852884 1.9500000000000002 572000
1695310869679 1.944 576000
1695310886280 1.951 580000
1695310902987 1.9569999999999999 584000
1695310919892 1.951 588000
1695310937682 1.959 592000
1695310956068 1.9609999999999999 596000
1695310974790 1.951 600000
1695310993460 1.954 604000
1695311012297 1.9540000000000002 608000
1695311030788 1.96 612000
1695311049129 1.954 616000
1695311068377 1.949 620000
1695311087353 1.958 624000
1695311106005 1.954 628000
1695311124442 1.955 632000
1695311143111 1.9609999999999999 636000
1695311161486 1.955 640000
1695311180076 1.959 644000
1695311198564 1.958 648000
1695311216975 1.947 652000
1695311235287 1.955 656000
1695311253684 1.9529999999999998 660000
1695311272610 1.955 664000
1695311293280 1.958 668000
1695311312828 1.9460000000000002 672000
1695311332553 1.9609999999999999 676000
1695311352077 1.952 680000
1695311371329 1.952 684000
1695311391038 1.959 688000
1695311410747 1.96 692000
1695311430484 1.9609999999999999 696000
1695311449827 1.9569999999999999 700000
1695311469546 1.943 704000
1695311488962 1.954 708000
1695311507719 1.956 712000
1695311525257 1.96 716000
1695311545160 1.959 720000
1695311563401 1.955 724000
1695311580627 1.956 728000
1695311597872 1.9569999999999999 732000
1695311614911 1.956 736000
1695311633112 1.955 740000
1695311651474 1.9529999999999998 744000
1695311670627 1.9449999999999998 748000
1695311688262 1.958 752000
1695311705490 1.959 756000
1695311723903 1.9569999999999999 760000
1695311742147 1.96 764000
1695311760309 1.9529999999999998 768000
1695311778406 1.955 772000
1695311796470 1.948 776000
1695311814041 1.951 780000
1695311831586 1.955 784000
