1695308366360 13.0 4000
1695308381947 30.0 8000
1695308398648 52.0 12000
1695308415457 70.0 16000
1695308433086 96.0 20000
1695308450595 114.0 24000
1695308467216 132.0 28000
1695308484546 150.0 32000
1695308501497 173.0 36000
1695308517792 194.0 40000
1695308534320 218.0 44000
1695308550383 241.0 48000
1695308566527 260.0 52000
1695308582641 288.0 56000
1695308598920 313.0 60000
1695308614869 342.0 64000
1695308630929 374.0 68000
1695308646833 399.0 72000
1695308662994 426.0 76000
1695308679278 458.0 80000
1695308696624 490.0 84000
1695308714050 520.0 88000
1695308731334 553.0 92000
1695308748397 589.0 96000
1695308765514 626.0 100000
1695308782759 665.0 104000
1695308799742 714.0 108000
1695308816704 754.0 112000
1695308833779 813.0 116000
1695308850788 862.0 120000
1695308868017 946.0 124000
1695308885350 1029.0 128000
1695308902900 1117.0 132000
1695308920209 1209.0 136000
1695308937641 1304.0 140000
1695308955593 1384.0 144000
1695308973201 1482.0 148000
1695308990981 1596.0 152000
1695309008037 1702.0 156000
1695309024989 1830.0 160000
1695309041855 1962.0 164000
1695309058925 2096.0 168000
1695309076329 2208.0 172000
1695309093088 2332.0 176000
1695309109774 2464.0 180000
1695309126081 2579.0 184000
1695309143022 2739.0 188000
1695309161570 2896.0 192000
1695309179080 3080.0 196000
1695309196837 3229.0 200000
1695309214090 3397.0 204000
1695309232042 3575.0 208000
1695309248753 3747.0 212000
1695309265856 3892.0 216000
1695309283754 4045.0 220000
1695309301771 4208.0 224000
1695309319309 4367.0 228000
1695309336409 4533.0 232000
1695309353396 4664.0 236000
1695309370943 4811.0 240000
1695309387723 4996.0 244000
1695309404526 5155.0 248000
1695309420946 5340.0 252000
1695309437198 5495.0 256000
1695309453702 5690.0 260000
1695309470966 5892.0 264000
1695309487872 6054.0 268000
1695309504489 6222.0 272000
1695309521795 6425.0 276000
1695309538366 6614.0 280000
1695309554802 6799.0 284000
1695309571709 6972.0 288000
1695309588287 7167.0 292000
1695309604903 7353.0 296000
1695309621161 7517.0 300000
1695309637584 7735.0 304000
1695309653934 7920.0 308000
1695309670395 8103.0 312000
1695309686874 8284.0 316000
1695309703478 8470.0 320000
1695309720085 8636.0 324000
1695309736735 8836.0 328000
1695309753450 9027.0 332000
1695309770619 9208.0 336000
1695309788408 9411.0 340000
1695309806258 9622.0 344000
1695309823902 9823.0 348000
1695309841499 10008.0 352000
1695309859418 10205.0 356000
1695309877015 10392.0 360000
1695309895210 10601.0 364000
1695309912881 10782.0 368000
1695309930486 10946.0 372000
1695309948074 11142.0 376000
1695309965643 11324.0 380000
1695309983325 11499.0 384000
1695310001789 11676.0 388000
1695310019123 11861.0 392000
1695310037225 12051.0 396000
1695310058468 12252.0 400000
1695310080065 12473.0 404000
1695310099804 12686.0 408000
1695310119998 12894.0 412000
1695310136625 13097.0 416000
1695310153326 13307.0 420000
1695310170825 13522.0 424000
1695310189072 13752.0 428000
1695310207415 13972.0 432000
1695310225667 14182.0 436000
1695310244091 14400.0 440000
1695310262404 14623.0 444000
1695310280671 14837.0 448000
1695310299164 15076.0 452000
1695310318011 15293.0 456000
1695310336739 15510.0 460000
1695310355241 15741.0 464000
1695310373907 15964.0 468000
1695310392656 16184.0 472000
1695310411140 16410.0 476000
1695310429569 16639.0 480000
1695310447971 16860.0 484000
1695310466415 17090.0 488000
1695310485053 17332.0 492000
1695310503536 17568.0 496000
1695310521946 17795.0 500000
1695310540659 18031.0 504000
1695310559001 18244.0 508000
1695310577690 18467.0 512000
1695310596031 18702.0 516000
1695310614632 18919.0 520000
1695310633194 19146.0 524000
1695310651681 19374.0 528000
1695310670033 19579.0 532000
1695310688389 19802.0 536000
1695310706892 20027.0 540000
1695310725426 20273.0 544000
1695310744031 20499.0 548000
1695310762427 20726.0 552000
1695310780956 20945.0 556000
1695310799203 21161.0 560000
1695310818157 21380.0 564000
1695310836095 21616.0 568000
1695310852889 21843.0 572000
1695310869684 22071.0 576000
1695310886285 22300.0 580000
1695310902991 22516.0 584000
1695310919897 22746.0 588000
1695310937686 22974.0 592000
1695310956073 23215.0 596000
1695310974795 23441.0 600000
1695310993465 23688.0 604000
1695311012302 23936.0 608000
1695311030793 24185.0 612000
1695311049134 24426.0 616000
1695311068382 24663.0 620000
1695311087357 24928.0 624000
1695311106011 25174.0 628000
1695311124447 25411.0 632000
1695311143116 25639.0 636000
1695311161492 25868.0 640000
1695311180081 26111.0 644000
1695311198569 26356.0 648000
1695311216980 26587.0 652000
1695311235292 26823.0 656000
1695311253689 27058.0 660000
1695311272615 27294.0 664000
1695311293285 27539.0 668000
1695311312833 27781.0 672000
1695311332558 28027.0 676000
1695311352081 28248.0 680000
1695311371334 28494.0 684000
1695311391043 28720.0 688000
1695311410752 28969.0 692000
1695311430489 29204.0 696000
1695311449832 29420.0 700000
1695311469551 29659.0 704000
1695311488967 29911.0 708000
1695311507724 30147.0 712000
1695311525262 30387.0 716000
1695311545165 30638.0 720000
1695311563406 30890.0 724000
1695311580632 31134.0 728000
1695311597877 31374.0 732000
1695311614916 31629.0 736000
1695311633117 31856.0 740000
1695311651479 32084.0 744000
1695311670632 32335.0 748000
1695311688267 32564.0 752000
1695311705495 32791.0 756000
1695311723908 33020.0 760000
1695311742153 33268.0 764000
1695311760314 33511.0 768000
1695311778411 33747.0 772000
1695311796475 33972.0 776000
1695311814046 34205.0 780000
1695311831591 34471.0 784000
