1695308366356 -0.022153846153846215 4000
1695308381943 -0.005366666666666734 8000
1695308398644 -0.03486538461538467 12000
1695308415452 0.007828571428571386 16000
1695308433082 0.007770833333333292 20000
1695308450590 0.024759999999999956 24000
1695308467212 0.009449999999999958 28000
1695308484542 -0.00517000000000004 32000
1695308501493 -0.005920000000000037 36000
1695308517788 -0.027070000000000035 40000
1695308534316 -0.047770000000000035 44000
1695308550379 -0.05113000000000004 48000
1695308566523 -0.08291000000000003 52000
1695308582636 -0.08698000000000002 56000
1695308598916 -0.09188000000000002 60000
1695308614865 -0.05794000000000002 64000
1695308630925 -0.044330000000000015 68000
1695308646829 0.02711999999999998 72000
1695308662990 0.016419999999999966 76000
1695308679274 0.02413999999999997 80000
1695308696620 -0.024880000000000024 84000
1695308714045 -0.04747000000000002 88000
1695308731330 -0.06927000000000001 92000
1695308748393 -0.028500000000000022 96000
1695308765509 0.00815999999999998 100000
1695308782755 0.02301999999999999 104000
1695308799737 0.011459999999999977 108000
1695308816700 -0.001830000000000015 112000
1695308833775 0.02538999999999998 116000
1695308850784 0.029789999999999987 120000
1695308868013 0.020019999999999986 124000
1695308885346 0.05650999999999999 128000
1695308902896 0.018219999999999986 132000
1695308920205 0.012719999999999993 136000
1695308937637 0.021089999999999984 140000
1695308955588 0.06263999999999999 144000
1695308973197 0.03193999999999999 148000
1695308990977 0.054350877192982455 152000
1695309008033 0.10944339622641507 156000
1695309024985 0.057070312499999984 160000
1695309041850 0.061424242424242416 164000
1695309058921 0.11923880597014923 168000
1695309076325 0.08455357142857141 172000
1695309093084 0.15682258064516127 176000
1695309109770 0.13682575757575757 180000
1695309126077 0.08928695652173912 184000
1695309143018 0.09916249999999999 188000
1695309161566 0.10005732484076432 192000
1695309179076 0.11252717391304347 196000
1695309196833 0.09905369127516776 200000
1695309214086 0.13463095238095235 204000
1695309232038 0.14696067415730338 208000
1695309248748 0.12456976744186045 212000
1695309265852 0.12477931034482756 216000
1695309283749 0.11192156862745098 220000
1695309301766 0.11042944785276074 224000
1695309319305 0.13711320754716982 228000
1695309336405 0.14084337349397588 232000
1695309353392 0.15313740458015268 236000
1695309370939 0.13701360544217686 240000
1695309387719 0.18104324324324322 244000
1695309404522 0.18179874213836475 248000
1695309420942 0.1453081081081081 252000
1695309437194 0.20501935483870964 256000
1695309453698 0.1773128205128205 260000
1695309470962 0.19988118811881184 264000
1695309487868 0.265641975308642 268000
1695309504485 0.25692261904761904 272000
1695309521791 0.2253743842364532 276000
1695309538362 0.26702645502645506 280000
1695309554798 0.24692432432432432 284000
1695309571704 0.283664739884393 288000
1695309588283 0.3042410256410256 292000
1695309604899 0.32905376344086024 296000
1695309621157 0.3446280487804878 300000
1695309637580 0.335197247706422 304000
1695309653929 0.35439999999999994 308000
1695309670391 0.3578415300546448 312000
1695309686870 0.3374198895027624 316000
1695309703474 0.3554247311827958 320000
1695309720080 0.4013975903614458 324000
1695309736731 0.40798 328000
1695309753446 0.41033507853403145 332000
1695309770615 0.4363314917127072 336000
1695309788404 0.40799014778325127 340000
1695309806254 0.4376966824644549 344000
1695309823898 0.37517910447761194 348000
1695309841495 0.41483783783783784 352000
1695309859414 0.4007258883248731 356000
1695309877011 0.5084064171122995 360000
1695309895206 0.4874736842105263 364000
1695309912876 0.45783425414364637 368000
1695309930482 0.5551524390243902 372000
1695309948070 0.5065102040816327 376000
1695309965639 0.4656758241758241 380000
1695309983321 0.5338742857142857 384000
1695310001785 0.5547118644067797 388000
1695310019119 0.5535027027027027 392000
1695310037221 0.5768789473684209 396000
1695310058464 0.5758059701492537 400000
1695310080061 0.5940180995475113 404000
1695310099800 0.6386384976525821 408000
1695310119993 0.6273076923076923 412000
1695310136621 0.5760591133004926 416000
1695310153321 0.643647619047619 420000
1695310170820 0.6187348837209302 424000
1695310189067 0.6189869565217391 428000
1695310207411 0.5923454545454545 432000
1695310225662 0.6323380952380953 436000
1695310244087 0.609623853211009 440000
1695310262399 0.6061479820627802 444000
1695310280667 0.6483317757009346 448000
1695310299159 0.6080292887029288 452000
1695310318007 0.6524377880184332 456000
1695310336735 0.6755944700460829 460000
1695310355237 0.6763463203463203 464000
1695310373902 0.6292825112107623 468000
1695310392652 0.6918499999999999 472000
1695310411136 0.6342699115044248 476000
1695310429565 0.6684454148471616 480000
1695310447967 0.6915927601809954 484000
1695310466410 0.719682608695652 488000
1695310485047 0.707289256198347 492000
1695310503532 0.6912415254237289 496000
1695310521941 0.7510969162995594 500000
1695310540655 0.7532118644067796 504000
1695310558996 0.7423521126760563 508000
1695310577686 0.7684529147982063 512000
1695310596027 0.6799191489361702 516000
1695310614628 0.7192857142857143 520000
1695310633189 0.7685154185022027 524000
1695310651676 0.7866359649122806 528000
1695310670029 0.7485853658536588 532000
1695310688384 0.784964125560538 536000
1695310706887 0.7844088888888889 540000
1695310725422 0.7470650406504065 544000
1695310744026 0.7557477876106193 548000
1695310762423 0.7458854625550659 552000
1695310780952 0.7673561643835616 556000
1695310799199 0.7098009259259259 560000
1695310818153 0.7499315068493151 564000
1695310836091 0.6984237288135592 568000
1695310852884 0.7986255506607929 572000
1695310869679 0.7231842105263157 576000
1695310886281 0.7341484716157205 580000
1695310902987 0.7695138888888887 584000
1695310919893 0.8034043478260868 588000
1695310937682 0.7539956140350877 592000
1695310956068 0.7428257261410789 596000
1695310974790 0.752853982300885 600000
1695310993461 0.7968056680161942 604000
1695311012297 0.7962177419354838 608000
1695311030788 0.7756506024096386 612000
1695311049129 0.8148298755186723 616000
1695311068377 0.8701856540084388 620000
1695311087353 0.8228641509433964 624000
1695311106006 0.8270934959349593 628000
1695311124442 0.7528227848101267 632000
1695311143112 0.7766052631578946 636000
1695311161487 0.756122270742358 640000
1695311180077 0.8166131687242798 644000
1695311198565 0.864604081632653 648000
1695311216975 0.8258787878787879 652000
1695311235287 0.7579999999999999 656000
1695311253684 0.8321617021276595 660000
1695311272611 0.8748474576271187 664000
1695311293281 0.8736408163265305 668000
1695311312829 0.888904958677686 672000
1695311332553 0.8515284552845528 676000
1695311352077 0.9122895927601808 680000
1695311371330 0.812861788617886 684000
1695311391039 0.7764424778761061 688000
1695311410748 0.847008032128514 692000
1695311430485 0.8633021276595744 696000
1695311449827 0.783523148148148 700000
1695311469547 0.8337071129707112 704000
1695311488963 0.8739722222222222 708000
1695311507720 0.8529703389830507 712000
1695311525258 0.8452708333333333 716000
1695311545160 0.8698167330677291 720000
1695311563402 0.8166666666666668 724000
1695311580628 0.8616147540983605 728000
1695311597872 0.8427875 732000
1695311614912 0.9017333333333333 736000
1695311633112 0.8439339207048457 740000
1695311651475 0.8320131578947368 744000
1695311670628 0.8358167330677291 748000
1695311688263 0.8361135371179038 752000
1695311705490 0.7699427312775331 756000
1695311723904 0.8234541484716157 760000
1695311742148 0.7965000000000001 764000
1695311760310 0.8209958847736626 768000
1695311778407 0.7595466101694914 772000
1695311796471 0.7834933333333333 776000
1695311814042 0.8202145922746782 780000
1695311831587 0.8186203007518796 784000
