1695308366356 -0.9940000000000001 4000
1695308381943 -0.9940000000000001 8000
1695308398643 -0.9940000000000001 12000
1695308415452 -0.9940000000000001 16000
1695308433081 -0.9940000000000001 20000
1695308450590 -0.907 24000
1695308467211 -0.907 28000
1695308484542 -0.9860000000000001 32000
1695308501493 -0.9860000000000001 36000
1695308517788 -0.9860000000000001 40000
1695308534316 -0.9860000000000001 44000
1695308550378 -0.9760000000000001 48000
1695308566522 -0.9260000000000002 52000
1695308582636 -0.8330000000000001 56000
1695308598915 -0.9840000000000001 60000
1695308614865 -0.9840000000000001 64000
1695308630925 -0.9840000000000001 68000
1695308646828 -0.736 72000
1695308662990 -0.9420000000000002 76000
1695308679274 -0.9420000000000002 80000
1695308696619 -0.9420000000000002 84000
1695308714045 -0.8760000000000001 88000
1695308731329 -0.8760000000000001 92000
1695308748393 -0.8760000000000001 96000
1695308765509 -0.8140000000000001 100000
1695308782754 -0.811 104000
1695308799737 -0.811 108000
1695308816700 -0.9670000000000001 112000
1695308833775 -0.9670000000000001 116000
1695308850784 -0.7070000000000001 120000
1695308868013 -0.6340000000000001 124000
1695308885346 -0.487 128000
1695308902896 -0.6409999999999999 132000
1695308920205 -0.628 136000
1695308937636 -0.77 140000
1695308955588 -0.5770000000000002 144000
1695308973196 -0.5020000000000001 148000
1695308990977 -0.261 152000
1695309008032 -0.6030000000000001 156000
1695309024985 -0.5940000000000001 160000
1695309041850 -0.42700000000000016 164000
1695309058920 -0.238 168000
1695309076325 -0.254 172000
1695309093084 -0.3630000000000001 176000
1695309109769 -1.0410000000000001 180000
1695309126077 -0.651 184000
1695309143018 -0.391 188000
1695309161565 -0.7640000000000001 192000
1695309179076 -0.28 196000
1695309196833 -0.4590000000000002 200000
1695309214086 -0.30200000000000005 204000
1695309232038 -0.43500000000000016 208000
1695309248748 -0.28900000000000003 212000
1695309265852 -0.539 216000
1695309283749 -0.45899999999999996 220000
1695309301766 -0.5350000000000001 224000
1695309319305 -0.6490000000000001 228000
1695309336405 -0.248 232000
1695309353392 -0.679 236000
1695309370939 -0.347 240000
1695309387719 -0.19199999999999995 244000
1695309404522 -0.42900000000000005 248000
1695309420941 -0.22099999999999997 252000
1695309437194 -0.45300000000000007 256000
1695309453698 -0.252 260000
1695309470961 -0.16000000000000003 264000
1695309487867 -0.30900000000000005 268000
1695309504484 -0.8550000000000002 272000
1695309521791 -0.277 276000
1695309538362 -0.40800000000000014 280000
1695309554797 -0.14500000000000002 284000
1695309571704 -0.273 288000
1695309588282 -0.17900000000000005 292000
1695309604899 -0.22599999999999998 296000
1695309621157 -0.18500000000000005 300000
1695309637579 -0.139 304000
1695309653929 -0.15999999999999992 308000
1695309670391 -0.17200000000000004 312000
1695309686870 -0.15700000000000003 316000
1695309703474 -0.13 320000
1695309720080 -0.19500000000000006 324000
1695309736731 -0.685 328000
1695309753446 -0.14100000000000001 332000
1695309770615 -0.525 336000
1695309788404 -0.18200000000000005 340000
1695309806253 -0.11599999999999999 344000
1695309823898 -0.16600000000000004 348000
1695309841495 -0.279 352000
1695309859413 -0.23000000000000018 356000
1695309877010 -0.126 360000
1695309895206 -0.13 364000
1695309912876 -0.15799999999999992 368000
1695309930482 -0.22400000000000017 372000
1695309948070 -0.10899999999999999 376000
1695309965638 -0.9340000000000002 380000
1695309983320 -0.4490000000000002 384000
1695310001785 -0.14700000000000002 388000
1695310019119 -0.9310000000000002 392000
1695310037221 -0.31299999999999983 396000
1695310058463 -0.3999999999999999 400000
1695310080060 -0.18200000000000005 404000
1695310099799 -0.09299999999999997 408000
1695310119993 -0.29799999999999993 412000
1695310136621 -0.139 416000
1695310153321 -0.11299999999999999 420000
1695310170820 -0.15200000000000002 424000
1695310189067 -0.06999999999999995 428000
1695310207411 -0.09599999999999997 432000
1695310225662 -0.15900000000000003 436000
1695310244086 -0.08999999999999997 440000
1695310262399 -0.11099999999999999 444000
1695310280667 -0.17000000000000004 448000
1695310299159 -0.126 452000
1695310318006 -0.2539999999999999 456000
1695310336735 -0.43800000000000006 460000
1695310355237 -0.06700000000000006 464000
1695310373902 -0.16800000000000004 468000
1695310392651 -0.17400000000000004 472000
1695310411136 -0.16500000000000004 476000
1695310429565 -0.16300000000000003 480000
1695310447966 -0.29300000000000004 484000
1695310466410 -0.14100000000000001 488000
1695310485047 -0.08399999999999996 492000
1695310503531 -0.09099999999999986 496000
1695310521941 -0.06600000000000006 500000
1695310540654 -0.17700000000000005 504000
1695310558996 -0.256 508000
1695310577685 -0.16900000000000004 512000
1695310596026 -0.10899999999999999 516000
1695310614628 -0.17800000000000005 520000
1695310633189 -0.139 524000
1695310651676 -0.6880000000000001 528000
1695310670028 -0.371 532000
1695310688384 -0.10599999999999998 536000
1695310706887 -0.10099999999999987 540000
1695310725422 -0.08599999999999997 544000
1695310744026 -0.28400000000000003 548000
1695310762422 -0.32800000000000007 552000
1695310780951 -0.237 556000
1695310799199 -0.129 560000
1695310818152 -0.29600000000000004 564000
1695310836091 -0.18699999999999994 568000
1695310852884 -0.08099999999999996 572000
1695310869679 -0.09899999999999998 576000
1695310886281 -0.07799999999999996 580000
1695310902987 -0.07300000000000006 584000
1695310919892 -0.09299999999999997 588000
1695310937682 -0.118 592000
1695310956068 -0.061000000000000054 596000
1695310974790 -0.6429999999999999 600000
1695310993460 -0.08699999999999997 604000
1695311012297 -0.20499999999999996 608000
1695311030788 -0.10999999999999999 612000
1695311049129 -0.125 616000
1695311068377 -0.118 620000
1695311087353 -0.09799999999999986 624000
1695311106006 -0.08999999999999997 628000
1695311124442 -0.3739999999999999 632000
1695311143112 -0.17699999999999994 636000
1695311161487 -0.07999999999999996 640000
1695311180076 -0.6160000000000001 644000
1695311198565 -0.05699999999999994 648000
1695311216975 -0.13 652000
1695311235287 -0.15600000000000003 656000
1695311253684 -0.07399999999999995 660000
1695311272611 -0.124 664000
1695311293280 -0.13 668000
1695311312828 -0.04400000000000004 672000
1695311332553 -0.07000000000000006 676000
1695311352077 -0.1509999999999999 680000
1695311371330 -0.03500000000000003 684000
1695311391039 -0.17900000000000005 688000
1695311410747 -0.03700000000000003 692000
1695311430485 -0.244 696000
1695311449827 -0.127 700000
1695311469547 -0.06300000000000006 704000
1695311488962 -0.09199999999999997 708000
1695311507720 -0.134 712000
1695311525258 -0.07699999999999996 716000
1695311545160 -0.10199999999999998 720000
1695311563401 -0.08299999999999996 724000
1695311580627 -0.030000000000000027 728000
1695311597872 -0.039000000000000035 732000
1695311614911 -0.3729999999999999 736000
1695311633112 -0.06300000000000006 740000
1695311651475 -1.0170000000000001 744000
1695311670627 -0.07400000000000007 748000
1695311688262 -0.17100000000000004 752000
1695311705490 -0.14300000000000002 756000
1695311723903 -0.16200000000000003 760000
1695311742148 -0.17700000000000005 764000
1695311760310 -0.08899999999999997 768000
1695311778407 -0.29900000000000004 772000
1695311796470 -0.21899999999999997 776000
1695311814042 -0.12399999999999989 780000
1695311831587 -0.04999999999999993 784000
