1695308366362 1.0 4000
1695308381949 2.0 8000
1695308398650 3.0 12000
1695308415458 4.0 16000
1695308433088 5.0 20000
1695308450597 6.0 24000
1695308467218 7.0 28000
1695308484547 8.0 32000
1695308501499 9.0 36000
1695308517794 10.0 40000
1695308534322 11.0 44000
1695308550384 12.0 48000
1695308566528 13.0 52000
1695308582642 14.0 56000
1695308598921 15.0 60000
1695308614871 16.0 64000
1695308630931 17.0 68000
1695308646834 18.0 72000
1695308662996 19.0 76000
1695308679280 20.0 80000
1695308696625 21.0 84000
1695308714051 22.0 88000
1695308731335 23.0 92000
1695308748399 24.0 96000
1695308765515 25.0 100000
1695308782760 26.0 104000
1695308799743 27.0 108000
1695308816706 28.0 112000
1695308833781 29.0 116000
1695308850789 30.0 120000
1695308868018 31.0 124000
1695308885352 32.0 128000
1695308902902 33.0 132000
1695308920211 34.0 136000
1695308937642 35.0 140000
1695308955594 36.0 144000
1695308973202 37.0 148000
1695308990982 38.0 152000
1695309008038 39.0 156000
1695309024991 40.0 160000
1695309041856 41.0 164000
1695309058927 42.0 168000
1695309076331 43.0 172000
1695309093090 44.0 176000
1695309109776 45.0 180000
1695309126083 46.0 184000
1695309143024 47.0 188000
1695309161572 48.0 192000
1695309179082 49.0 196000
1695309196839 50.0 200000
1695309214092 51.0 204000
1695309232043 52.0 208000
1695309248755 53.0 212000
1695309265857 54.0 216000
1695309283755 55.0 220000
1695309301773 56.0 224000
1695309319311 57.0 228000
1695309336411 58.0 232000
1695309353398 59.0 236000
1695309370944 60.0 240000
1695309387724 61.0 244000
1695309404527 62.0 248000
1695309420947 63.0 252000
1695309437200 64.0 256000
1695309453704 65.0 260000
1695309470967 66.0 264000
1695309487874 67.0 268000
1695309504490 68.0 272000
1695309521797 69.0 276000
1695309538368 70.0 280000
1695309554803 71.0 284000
1695309571710 72.0 288000
1695309588289 73.0 292000
1695309604905 74.0 296000
1695309621163 75.0 300000
1695309637585 76.0 304000
1695309653935 77.0 308000
1695309670397 78.0 312000
1695309686876 79.0 316000
1695309703479 80.0 320000
1695309720086 81.0 324000
1695309736736 82.0 328000
1695309753452 83.0 332000
1695309770620 84.0 336000
1695309788410 85.0 340000
1695309806259 86.0 344000
1695309823904 87.0 348000
1695309841501 88.0 352000
1695309859419 89.0 356000
1695309877016 90.0 360000
1695309895211 91.0 364000
1695309912882 92.0 368000
1695309930487 93.0 372000
1695309948075 94.0 376000
1695309965644 95.0 380000
1695309983326 96.0 384000
1695310001791 97.0 388000
1695310019125 98.0 392000
1695310037227 99.0 396000
1695310058470 100.0 400000
1695310080067 101.0 404000
1695310099806 102.0 408000
1695310119999 103.0 412000
1695310136627 104.0 416000
1695310153327 105.0 420000
1695310170826 106.0 424000
1695310189074 107.0 428000
1695310207417 108.0 432000
1695310225668 109.0 436000
1695310244092 110.0 440000
1695310262405 111.0 444000
1695310280673 112.0 448000
1695310299165 113.0 452000
1695310318012 114.0 456000
1695310336741 115.0 460000
1695310355243 116.0 464000
1695310373908 117.0 468000
1695310392657 118.0 472000
1695310411142 119.0 476000
1695310429570 120.0 480000
1695310447973 121.0 484000
1695310466416 122.0 488000
1695310485055 123.0 492000
1695310503537 124.0 496000
1695310521947 125.0 500000
1695310540660 126.0 504000
1695310559002 127.0 508000
1695310577691 128.0 512000
1695310596033 129.0 516000
1695310614634 130.0 520000
1695310633195 131.0 524000
1695310651682 132.0 528000
1695310670035 133.0 532000
1695310688390 134.0 536000
1695310706893 135.0 540000
1695310725428 136.0 544000
1695310744032 137.0 548000
1695310762428 138.0 552000
1695310780958 139.0 556000
1695310799205 140.0 560000
1695310818158 141.0 564000
1695310836097 142.0 568000
1695310852890 143.0 572000
1695310869685 144.0 576000
1695310886287 145.0 580000
1695310902993 146.0 584000
1695310919898 147.0 588000
1695310937688 148.0 592000
1695310956074 149.0 596000
1695310974796 150.0 600000
1695310993467 151.0 604000
1695311012303 152.0 608000
1695311030795 153.0 612000
1695311049135 154.0 616000
1695311068383 155.0 620000
1695311087359 156.0 624000
1695311106012 157.0 628000
1695311124448 158.0 632000
1695311143118 159.0 636000
1695311161493 160.0 640000
1695311180083 161.0 644000
1695311198571 162.0 648000
1695311216981 163.0 652000
1695311235293 164.0 656000
1695311253691 165.0 660000
1695311272617 166.0 664000
1695311293287 167.0 668000
1695311312834 168.0 672000
1695311332559 169.0 676000
1695311352083 170.0 680000
1695311371336 171.0 684000
1695311391045 172.0 688000
1695311410753 173.0 692000
1695311430491 174.0 696000
1695311449833 175.0 700000
1695311469553 176.0 704000
1695311488969 177.0 708000
1695311507726 178.0 712000
1695311525263 179.0 716000
1695311545166 180.0 720000
1695311563407 181.0 724000
1695311580633 182.0 728000
1695311597879 183.0 732000
1695311614917 184.0 736000
1695311633118 185.0 740000
1695311651481 186.0 744000
1695311670633 187.0 748000
1695311688268 188.0 752000
1695311705496 189.0 756000
1695311723909 190.0 760000
1695311742155 191.0 764000
1695311760316 192.0 768000
1695311778412 193.0 772000
1695311796476 194.0 776000
1695311814048 195.0 780000
1695311831592 196.0 784000
