1695308366359 241.37643886675474 4000
1695308381946 258.5063670683677 8000
1695308398647 241.21490231411067 12000
1695308415455 239.72607936538577 16000
1695308433085 228.54015233407435 20000
1695308450594 230.02455378011632 24000
1695308467215 242.52189455774692 28000
1695308484545 232.4060386670075 32000
1695308501496 237.60424810588927 36000
1695308517791 247.39561844215405 40000
1695308534319 243.87936736613952 44000
1695308550381 250.89463715392927 48000
1695308566525 249.61098189673427 52000
1695308582639 250.11620108660279 56000
1695308598919 247.52747915046393 60000
1695308614868 252.6710846764799 64000
1695308630928 250.94201510230582 68000
1695308646831 253.46366932047985 72000
1695308662993 249.36458331583802 76000
1695308679277 247.50903443553273 80000
1695308696622 232.37739597755018 84000
1695308714048 231.15319060594064 88000
1695308731332 233.0438669532091 92000
1695308748396 236.0737156260861 96000
1695308765512 235.3993295393704 100000
1695308782757 233.61305317746908 104000
1695308799740 237.2677180077869 108000
1695308816703 237.56982550602734 112000
1695308833778 235.9168442711263 116000
1695308850787 236.8692815360238 120000
1695308868016 233.9224677399736 124000
1695308885349 232.4134596206311 128000
1695308902899 229.52775774625005 132000
1695308920208 232.78466355515033 136000
1695308937640 231.10693770044932 140000
1695308955591 224.40892410782382 144000
1695308973199 228.87029008448093 148000
1695308990980 226.6197501249891 152000
1695309008036 236.33205317677422 156000
1695309024988 237.7720693878475 160000
1695309041853 239.22504460191365 164000
1695309058924 236.27019160298354 168000
1695309076328 231.6785558799977 172000
1695309093087 240.51738685216168 176000
1695309109773 241.57378115738976 180000
1695309126080 247.3768833326246 184000
1695309143021 237.95577670739794 188000
1695309161569 217.3066305775908 192000
1695309179079 230.32321411474751 196000
1695309196836 226.955441754483 200000
1695309214089 233.83652162219883 204000
1695309232041 224.53454148500953 208000
1695309248751 241.37333776701448 212000
1695309265855 235.76562795282916 216000
1695309283752 225.21792375991524 220000
1695309301770 223.99691276227642 224000
1695309319308 230.07075932095813 228000
1695309336408 235.80594262679293 232000
1695309353395 237.3662428660174 236000
1695309370942 229.91259624151397 240000
1695309387722 240.45764360964054 244000
1695309404525 239.99796296894988 248000
1695309420945 245.6576826155903 252000
1695309437197 248.2411717234914 256000
1695309453701 244.4222310615383 260000
1695309470964 233.62478707443398 264000
1695309487871 238.55847978166486 268000
1695309504488 242.77737562207918 272000
1695309521794 233.00695049520874 276000
1695309538365 243.56223378462153 280000
1695309554801 245.7616872115831 284000
1695309571707 238.5554778028244 288000
1695309588286 243.3136523059752 292000
1695309604902 242.84454100910023 296000
1695309621160 248.18341164439622 300000
1695309637582 245.7138302753093 304000
1695309653932 246.8133361692645 308000
1695309670394 245.0699748520572 312000
1695309686873 244.83189464889475 316000
1695309703477 242.9791909547385 320000
1695309720083 243.1344283482775 324000
1695309736734 242.34552199429552 328000
1695309753449 241.38856621670587 332000
1695309770617 234.93341697118558 336000
1695309788407 226.67157086280596 340000
1695309806257 225.9636774900218 344000
1695309823901 228.60765057940128 348000
1695309841498 229.1992945064135 352000
1695309859416 225.07495649483346 356000
1695309877013 229.21005684328028 360000
1695309895209 221.72045643350884 364000
1695309912879 228.23551959023757 368000
1695309930485 229.06959659707206 372000
1695309948073 229.35005298345897 376000
1695309965641 229.6053582634345 380000
1695309983324 228.14189582345927 384000
1695310001788 218.34431185772385 388000
1695310019122 232.70392150645617 392000
1695310037224 222.77640815862378 396000
1695310058467 189.7521152445658 400000
1695310080064 186.84993442684151 404000
1695310099803 204.45676869870908 408000
1695310119996 199.68241419012543 412000
1695310136624 242.753832782918 416000
1695310153324 241.68173982913206 420000
1695310170823 230.61139424724004 424000
1695310189071 221.09916194124963 428000
1695310207414 219.93488978076783 432000
1695310225665 221.02458892913324 436000
1695310244090 219.02695580446206 440000
1695310262402 220.4504189384405 444000
1695310280670 220.9147435445519 448000
1695310299162 218.32406160966616 452000
1695310318009 214.03495513105872 456000
1695310336738 215.36951943972758 460000
1695310355240 218.05432798411115 464000
1695310373905 216.16087129914953 468000
1695310392654 215.20245092387134 472000
1695310411139 218.31928586035488 476000
1695310429568 218.93919018467676 480000
1695310447970 219.3870308248344 484000
1695310466413 218.80828139230442 488000
1695310485050 216.5838369269797 492000
1695310503534 218.3871688457721 496000
1695310521944 219.22534050802628 500000
1695310540658 215.6687908897081 504000
1695310558999 220.00402367321396 508000
1695310577688 215.91963450348504 512000
1695310596030 220.00394289407427 516000
1695310614631 216.9595358540447 520000
1695310633192 217.53864282348323 524000
1695310651679 218.34506772755034 528000
1695310670032 219.88972286387755 532000
1695310688387 219.85903701199362 536000
1695310706890 218.18833394238095 540000
1695310725425 217.79114898663514 544000
1695310744029 216.9450286711076 548000
1695310762425 219.4271384022159 552000
1695310780955 217.93841127061057 556000
1695310799202 221.2278532368764 560000
1695310818156 212.99079339883545 564000
1695310836094 225.05382804563584 568000
1695310852887 240.50388161415148 572000
1695310869682 240.50332309471625 576000
1695310886284 243.30032518757355 580000
1695310902990 241.8120255029779 584000
1695310919896 238.92690517294514 588000
1695310937685 226.92612549384742 592000
1695310956071 219.5692885243079 596000
1695310974793 215.62100543357425 600000
1695310993464 216.31959124852628 604000
1695311012300 214.3242565319864 608000
1695311030792 218.36777183606654 612000
1695311049132 220.19468624052396 616000
1695311068380 209.67353262722867 620000
1695311087356 212.7912626143185 624000
1695311106009 216.50042898845737 628000
1695311124445 219.10184626940455 632000
1695311143115 216.30574679593582 636000
1695311161490 219.83430207726917 640000
1695311180080 217.3696099716186 644000
1695311198568 218.43892717231606 648000
1695311216978 219.2969555865007 652000
1695311235290 220.5309560445282 656000
1695311253688 219.58745967437576 660000
1695311272614 213.3574951407334 664000
1695311293284 195.19547480888642 668000
1695311312831 206.56076918167284 672000
1695311332556 204.71955411173815 676000
1695311352080 206.7331186936321 680000
1695311371333 209.82813474782463 684000
1695311391042 204.88220047953078 688000
1695311410751 204.7938176866316 692000
1695311430488 204.50958739865618 696000
1695311449830 208.8353661605971 700000
1695311469550 204.7310557173575 704000
1695311488966 207.98448570011328 708000
1695311507723 215.30171984551964 712000
1695311525261 230.37087461977006 716000
1695311545163 202.86475394885 720000
1695311563404 221.52045420020917 724000
1695311580630 234.54739206216118 728000
1695311597875 234.4784254813622 732000
1695311614915 237.2763386038117 736000
1695311633115 221.9170569454958 740000
1695311651478 219.93525882554405 744000
1695311670631 210.7666807205291 748000
1695311688265 229.06906490165196 752000
1695311705493 234.60568420006365 756000
1695311723907 219.33053839639712 760000
1695311742151 221.8565697824346 764000
1695311760313 222.60643315153976 768000
1695311778410 223.277267776199 772000
1695311796473 223.66414585919435 776000
1695311814045 229.96443362155983 780000
1695311831590 230.32748599364837 784000
