1695308366357 0.0 4000
1695308381944 0.0 8000
1695308398644 0.0 12000
1695308415453 0.0 16000
1695308433082 0.0 20000
1695308450591 0.0 24000
1695308467212 0.0 28000
1695308484543 0.0 32000
1695308501494 0.0 36000
1695308517789 0.0 40000
1695308534317 0.0 44000
1695308550379 0.0 48000
1695308566523 0.0 52000
1695308582637 0.0 56000
1695308598916 0.0 60000
1695308614866 0.0 64000
1695308630926 0.0 68000
1695308646829 0.0 72000
1695308662991 0.0 76000
1695308679275 0.0 80000
1695308696620 0.0 84000
1695308714046 0.0 88000
1695308731330 0.0 92000
1695308748394 0.0 96000
1695308765510 0.0 100000
1695308782755 0.0 104000
1695308799738 0.0 108000
1695308816701 0.0 112000
1695308833776 0.0 116000
1695308850785 0.0 120000
1695308868013 0.0 124000
1695308885347 0.0 128000
1695308902897 0.0 132000
1695308920206 0.0 136000
1695308937637 0.0 140000
1695308955589 0.0 144000
1695308973197 0.0 148000
1695308990978 0.0 152000
1695309008033 0.0 156000
1695309024986 0.0 160000
1695309041851 0.0 164000
1695309058922 0.0 168000
1695309076326 0.0 172000
1695309093085 0.0 176000
1695309109770 0.0 180000
1695309126078 0.0 184000
1695309143019 0.0 188000
1695309161567 0.0 192000
1695309179077 0.0 196000
1695309196834 0.0 200000
1695309214087 0.0 204000
1695309232039 0.0 208000
1695309248749 0.0 212000
1695309265852 0.0 216000
1695309283750 0.0 220000
1695309301767 0.0 224000
1695309319306 0.0 228000
1695309336406 0.0 232000
1695309353393 0.0 236000
1695309370940 0.0 240000
1695309387719 0.0 244000
1695309404523 0.0 248000
1695309420942 0.0 252000
1695309437195 0.0 256000
1695309453699 0.0 260000
1695309470962 0.0 264000
1695309487868 0.0 268000
1695309504485 0.0 272000
1695309521792 0.0 276000
1695309538363 0.0 280000
1695309554798 0.0 284000
1695309571705 0.0 288000
1695309588283 0.0 292000
1695309604900 0.0 296000
1695309621158 0.0 300000
1695309637580 0.0 304000
1695309653930 0.0 308000
1695309670392 0.0 312000
1695309686871 0.0 316000
1695309703475 0.0 320000
1695309720081 0.0 324000
1695309736731 0.0 328000
1695309753447 0.0 332000
1695309770615 0.0 336000
1695309788405 0.0 340000
1695309806254 0.0 344000
1695309823899 0.0 348000
1695309841496 0.0 352000
1695309859414 0.0 356000
1695309877011 0.0 360000
1695309895207 0.0 364000
1695309912877 0.0 368000
1695309930483 0.0 372000
1695309948071 0.0 376000
1695309965639 0.0 380000
1695309983321 0.0 384000
1695310001786 0.0 388000
1695310019120 0.0 392000
1695310037222 0.0 396000
1695310058464 0.0 400000
1695310080061 0.0 404000
1695310099800 0.0 408000
1695310119994 0.0 412000
1695310136622 0.0 416000
1695310153322 0.0 420000
1695310170821 0.0 424000
1695310189068 0.0 428000
1695310207412 0.0 432000
1695310225663 0.0 436000
1695310244087 0.0 440000
1695310262400 0.0 444000
1695310280668 0.0 448000
1695310299160 0.0 452000
1695310318007 0.0 456000
1695310336736 0.0 460000
1695310355238 0.0 464000
1695310373903 0.0 468000
1695310392652 0.0 472000
1695310411137 0.0 476000
1695310429565 0.0 480000
1695310447967 0.0 484000
1695310466411 0.0 488000
1695310485048 0.0 492000
1695310503532 0.0 496000
1695310521942 0.0 500000
1695310540655 0.0 504000
1695310558997 0.0 508000
1695310577686 0.0 512000
1695310596027 0.0 516000
1695310614629 0.0 520000
1695310633190 0.0 524000
1695310651677 0.0 528000
1695310670029 0.0 532000
1695310688385 0.0 536000
1695310706888 0.0 540000
1695310725423 0.0 544000
1695310744027 0.0 548000
1695310762423 0.0 552000
1695310780952 0.0 556000
1695310799200 0.0 560000
1695310818153 0.0 564000
1695310836092 0.0 568000
1695310852885 0.0 572000
1695310869680 0.0 576000
1695310886282 0.0 580000
1695310902988 0.0 584000
1695310919893 0.0 588000
1695310937683 0.0 592000
1695310956069 0.0 596000
1695310974791 0.0 600000
1695310993461 0.0 604000
1695311012298 0.0 608000
1695311030789 0.0 612000
1695311049130 0.0 616000
1695311068378 0.0 620000
1695311087354 0.0 624000
1695311106007 0.0 628000
1695311124443 0.0 632000
1695311143113 0.0 636000
1695311161488 0.0 640000
1695311180077 0.0 644000
1695311198566 0.0 648000
1695311216976 0.0 652000
1695311235288 0.0 656000
1695311253685 0.0 660000
1695311272612 0.0 664000
1695311293281 0.0 668000
1695311312829 0.0 672000
1695311332554 0.0 676000
1695311352078 0.0 680000
1695311371331 0.0 684000
1695311391040 0.0 688000
1695311410748 0.0 692000
1695311430486 0.0 696000
1695311449828 0.0 700000
1695311469548 0.0 704000
1695311488963 0.0 708000
1695311507721 0.0 712000
1695311525259 0.0 716000
1695311545161 0.0 720000
1695311563402 0.0 724000
1695311580628 0.0 728000
1695311597873 0.0 732000
1695311614912 0.0 736000
1695311633113 0.0 740000
1695311651476 0.0 744000
1695311670628 0.0 748000
1695311688263 0.0 752000
1695311705491 0.0 756000
1695311723904 0.0 760000
1695311742149 0.0 764000
1695311760311 0.0 768000
1695311778407 0.0 772000
1695311796471 0.0 776000
1695311814043 0.0 780000
1695311831588 0.0 784000
