1695308366358 4000.0 4000
1695308381945 8000.0 8000
1695308398646 12000.0 12000
1695308415455 16000.0 16000
1695308433084 20000.0 20000
1695308450593 24000.0 24000
1695308467214 28000.0 28000
1695308484544 32000.0 32000
1695308501495 36000.0 36000
1695308517790 40000.0 40000
1695308534318 44000.0 44000
1695308550381 48000.0 48000
1695308566525 52000.0 52000
1695308582639 56000.0 56000
1695308598918 60000.0 60000
1695308614867 64000.0 64000
1695308630927 68000.0 68000
1695308646831 72000.0 72000
1695308662992 76000.0 76000
1695308679276 80000.0 80000
1695308696622 84000.0 84000
1695308714048 88000.0 88000
1695308731332 92000.0 92000
1695308748395 96000.0 96000
1695308765512 100000.0 100000
1695308782757 104000.0 104000
1695308799740 108000.0 108000
1695308816702 112000.0 112000
1695308833777 116000.0 116000
1695308850786 120000.0 120000
1695308868015 124000.0 124000
1695308885349 128000.0 128000
1695308902898 132000.0 132000
1695308920208 136000.0 136000
1695308937639 140000.0 140000
1695308955591 144000.0 144000
1695308973199 148000.0 148000
1695308990979 152000.0 152000
1695309008035 156000.0 156000
1695309024987 160000.0 160000
1695309041852 164000.0 164000
1695309058923 168000.0 168000
1695309076327 172000.0 172000
1695309093086 176000.0 176000
1695309109772 180000.0 180000
1695309126079 184000.0 184000
1695309143020 188000.0 188000
1695309161568 192000.0 192000
1695309179079 196000.0 196000
1695309196836 200000.0 200000
1695309214088 204000.0 204000
1695309232040 208000.0 208000
1695309248751 212000.0 212000
1695309265854 216000.0 216000
1695309283752 220000.0 220000
1695309301769 224000.0 224000
1695309319307 228000.0 228000
1695309336407 232000.0 232000
1695309353394 236000.0 236000
1695309370941 240000.0 240000
1695309387721 244000.0 244000
1695309404524 248000.0 248000
1695309420944 252000.0 252000
1695309437196 256000.0 256000
1695309453700 260000.0 260000
1695309470964 264000.0 264000
1695309487870 268000.0 268000
1695309504487 272000.0 272000
1695309521793 276000.0 276000
1695309538364 280000.0 280000
1695309554800 284000.0 284000
1695309571707 288000.0 288000
1695309588285 292000.0 292000
1695309604901 296000.0 296000
1695309621159 300000.0 300000
1695309637582 304000.0 304000
1695309653932 308000.0 308000
1695309670393 312000.0 312000
1695309686872 316000.0 316000
1695309703476 320000.0 320000
1695309720083 324000.0 324000
1695309736733 328000.0 328000
1695309753448 332000.0 332000
1695309770617 336000.0 336000
1695309788406 340000.0 340000
1695309806256 344000.0 344000
1695309823900 348000.0 348000
1695309841497 352000.0 352000
1695309859416 356000.0 356000
1695309877013 360000.0 360000
1695309895208 364000.0 364000
1695309912879 368000.0 368000
1695309930484 372000.0 372000
1695309948072 376000.0 376000
1695309965641 380000.0 380000
1695309983323 384000.0 384000
1695310001787 388000.0 388000
1695310019121 392000.0 392000
1695310037224 396000.0 396000
1695310058466 400000.0 400000
1695310080063 404000.0 404000
1695310099802 408000.0 408000
1695310119996 412000.0 412000
1695310136624 416000.0 416000
1695310153324 420000.0 420000
1695310170823 424000.0 424000
1695310189070 428000.0 428000
1695310207413 432000.0 432000
1695310225664 436000.0 436000
1695310244089 440000.0 440000
1695310262402 444000.0 444000
1695310280669 448000.0 448000
1695310299162 452000.0 452000
1695310318009 456000.0 456000
1695310336737 460000.0 460000
1695310355239 464000.0 464000
1695310373905 468000.0 468000
1695310392654 472000.0 472000
1695310411138 476000.0 476000
1695310429567 480000.0 480000
1695310447969 484000.0 484000
1695310466413 488000.0 488000
1695310485050 492000.0 492000
1695310503534 496000.0 496000
1695310521944 500000.0 500000
1695310540657 504000.0 504000
1695310558999 508000.0 508000
1695310577688 512000.0 512000
1695310596029 516000.0 516000
1695310614630 520000.0 520000
1695310633192 524000.0 524000
1695310651679 528000.0 528000
1695310670031 532000.0 532000
1695310688387 536000.0 536000
1695310706889 540000.0 540000
1695310725424 544000.0 544000
1695310744028 548000.0 548000
1695310762425 552000.0 552000
1695310780954 556000.0 556000
1695310799202 560000.0 560000
1695310818155 564000.0 564000
1695310836093 568000.0 568000
1695310852887 572000.0 572000
1695310869682 576000.0 576000
1695310886283 580000.0 580000
1695310902989 584000.0 584000
1695310919895 588000.0 588000
1695310937685 592000.0 592000
1695310956071 596000.0 596000
1695310974793 600000.0 600000
1695310993463 604000.0 604000
1695311012299 608000.0 608000
1695311030791 612000.0 612000
1695311049132 616000.0 616000
1695311068380 620000.0 620000
1695311087355 624000.0 624000
1695311106008 628000.0 628000
1695311124445 632000.0 632000
1695311143114 636000.0 636000
1695311161490 640000.0 640000
1695311180079 644000.0 644000
1695311198567 648000.0 648000
1695311216978 652000.0 652000
1695311235290 656000.0 656000
1695311253687 660000.0 660000
1695311272613 664000.0 664000
1695311293283 668000.0 668000
1695311312831 672000.0 672000
1695311332556 676000.0 676000
1695311352080 680000.0 680000
1695311371332 684000.0 684000
1695311391041 688000.0 688000
1695311410750 692000.0 692000
1695311430487 696000.0 696000
1695311449830 700000.0 700000
1695311469549 704000.0 704000
1695311488965 708000.0 708000
1695311507722 712000.0 712000
1695311525260 716000.0 716000
1695311545163 720000.0 720000
1695311563404 724000.0 724000
1695311580630 728000.0 728000
1695311597875 732000.0 732000
1695311614914 736000.0 736000
1695311633114 740000.0 740000
1695311651477 744000.0 744000
1695311670630 748000.0 748000
1695311688265 752000.0 752000
1695311705493 756000.0 756000
1695311723906 760000.0 760000
1695311742151 764000.0 764000
1695311760312 768000.0 768000
1695311778409 772000.0 772000
1695311796473 776000.0 776000
1695311814044 780000.0 780000
1695311831589 784000.0 784000
