1695308366360 4000.0 4000
1695308381947 4000.0 8000
1695308398647 4000.0 12000
1695308415456 4000.0 16000
1695308433085 4000.0 20000
1695308450594 4000.0 24000
1695308467215 4000.0 28000
1695308484545 4000.0 32000
1695308501497 4000.0 36000
1695308517792 4000.0 40000
1695308534320 4000.0 44000
1695308550382 4000.0 48000
1695308566526 4000.0 52000
1695308582640 4000.0 56000
1695308598919 4000.0 60000
1695308614869 4000.0 64000
1695308630929 4000.0 68000
1695308646832 4000.0 72000
1695308662994 4000.0 76000
1695308679277 4000.0 80000
1695308696623 4000.0 84000
1695308714049 4000.0 88000
1695308731333 4000.0 92000
1695308748397 4000.0 96000
1695308765513 4000.0 100000
1695308782758 4000.0 104000
1695308799741 4000.0 108000
1695308816704 4000.0 112000
1695308833779 4000.0 116000
1695308850787 4000.0 120000
1695308868016 4000.0 124000
1695308885350 4000.0 128000
1695308902900 4000.0 132000
1695308920209 4000.0 136000
1695308937640 4000.0 140000
1695308955592 4000.0 144000
1695308973200 4000.0 148000
1695308990980 4000.0 152000
1695309008036 4000.0 156000
1695309024989 4000.0 160000
1695309041854 4000.0 164000
1695309058925 4000.0 168000
1695309076328 4000.0 172000
1695309093088 4000.0 176000
1695309109773 4000.0 180000
1695309126081 4000.0 184000
1695309143022 4000.0 188000
1695309161570 4000.0 192000
1695309179080 4000.0 196000
1695309196837 4000.0 200000
1695309214089 4000.0 204000
1695309232041 4000.0 208000
1695309248752 4000.0 212000
1695309265855 4000.0 216000
1695309283753 4000.0 220000
1695309301771 4000.0 224000
1695309319309 4000.0 228000
1695309336409 4000.0 232000
1695309353396 4000.0 236000
1695309370942 4000.0 240000
1695309387722 4000.0 244000
1695309404525 4000.0 248000
1695309420945 4000.0 252000
1695309437198 4000.0 256000
1695309453702 4000.0 260000
1695309470965 4000.0 264000
1695309487871 4000.0 268000
1695309504488 4000.0 272000
1695309521795 4000.0 276000
1695309538365 4000.0 280000
1695309554801 4000.0 284000
1695309571708 4000.0 288000
1695309588286 4000.0 292000
1695309604903 4000.0 296000
1695309621161 4000.0 300000
1695309637583 4000.0 304000
1695309653933 4000.0 308000
1695309670394 4000.0 312000
1695309686874 4000.0 316000
1695309703477 4000.0 320000
1695309720084 4000.0 324000
1695309736734 4000.0 328000
1695309753450 4000.0 332000
1695309770618 4000.0 336000
1695309788407 4000.0 340000
1695309806257 4000.0 344000
1695309823902 4000.0 348000
1695309841499 4000.0 352000
1695309859417 4000.0 356000
1695309877014 4000.0 360000
1695309895209 4000.0 364000
1695309912880 4000.0 368000
1695309930485 4000.0 372000
1695309948073 4000.0 376000
1695309965642 4000.0 380000
1695309983324 4000.0 384000
1695310001789 4000.0 388000
1695310019123 4000.0 392000
1695310037225 4000.0 396000
1695310058468 4000.0 400000
1695310080064 4000.0 404000
1695310099804 4000.0 408000
1695310119997 4000.0 412000
1695310136625 4000.0 416000
1695310153325 4000.0 420000
1695310170824 4000.0 424000
1695310189071 4000.0 428000
1695310207415 4000.0 432000
1695310225666 4000.0 436000
1695310244090 4000.0 440000
1695310262403 4000.0 444000
1695310280671 4000.0 448000
1695310299163 4000.0 452000
1695310318010 4000.0 456000
1695310336739 4000.0 460000
1695310355241 4000.0 464000
1695310373906 4000.0 468000
1695310392655 4000.0 472000
1695310411140 4000.0 476000
1695310429568 4000.0 480000
1695310447970 4000.0 484000
1695310466414 4000.0 488000
1695310485052 4000.0 492000
1695310503535 4000.0 496000
1695310521945 4000.0 500000
1695310540658 4000.0 504000
1695310559000 4000.0 508000
1695310577689 4000.0 512000
1695310596030 4000.0 516000
1695310614632 4000.0 520000
1695310633193 4000.0 524000
1695310651680 4000.0 528000
1695310670033 4000.0 532000
1695310688388 4000.0 536000
1695310706891 4000.0 540000
1695310725426 4000.0 544000
1695310744030 4000.0 548000
1695310762426 4000.0 552000
1695310780956 4000.0 556000
1695310799203 4000.0 560000
1695310818156 4000.0 564000
1695310836094 4000.0 568000
1695310852888 4000.0 572000
1695310869683 4000.0 576000
1695310886284 4000.0 580000
1695310902991 4000.0 584000
1695310919896 4000.0 588000
1695310937686 4000.0 592000
1695310956072 4000.0 596000
1695310974794 4000.0 600000
1695310993464 4000.0 604000
1695311012301 4000.0 608000
1695311030792 4000.0 612000
1695311049133 4000.0 616000
1695311068381 4000.0 620000
1695311087357 4000.0 624000
1695311106010 4000.0 628000
1695311124446 4000.0 632000
1695311143116 4000.0 636000
1695311161491 4000.0 640000
1695311180080 4000.0 644000
1695311198568 4000.0 648000
1695311216979 4000.0 652000
1695311235291 4000.0 656000
1695311253688 4000.0 660000
1695311272614 4000.0 664000
1695311293284 4000.0 668000
1695311312832 4000.0 672000
1695311332557 4000.0 676000
1695311352081 4000.0 680000
1695311371334 4000.0 684000
1695311391043 4000.0 688000
1695311410751 4000.0 692000
1695311430489 4000.0 696000
1695311449831 4000.0 700000
1695311469551 4000.0 704000
1695311488966 4000.0 708000
1695311507723 4000.0 712000
1695311525261 4000.0 716000
1695311545164 4000.0 720000
1695311563405 4000.0 724000
1695311580631 4000.0 728000
1695311597876 4000.0 732000
1695311614915 4000.0 736000
1695311633116 4000.0 740000
1695311651479 4000.0 744000
1695311670631 4000.0 748000
1695311688266 4000.0 752000
1695311705494 4000.0 756000
1695311723907 4000.0 760000
1695311742152 4000.0 764000
1695311760314 4000.0 768000
1695311778410 4000.0 772000
1695311796474 4000.0 776000
1695311814046 4000.0 780000
1695311831590 4000.0 784000
