1695308366359 4000.0 4000
1695308381946 4000.0 8000
1695308398646 4000.0 12000
1695308415455 4000.0 16000
1695308433084 4000.0 20000
1695308450593 4000.0 24000
1695308467214 4000.0 28000
1695308484544 4000.0 32000
1695308501496 4000.0 36000
1695308517791 4000.0 40000
1695308534319 4000.0 44000
1695308550381 4000.0 48000
1695308566525 4000.0 52000
1695308582639 4000.0 56000
1695308598918 4000.0 60000
1695308614868 4000.0 64000
1695308630928 4000.0 68000
1695308646831 4000.0 72000
1695308662993 4000.0 76000
1695308679276 4000.0 80000
1695308696622 4000.0 84000
1695308714048 4000.0 88000
1695308731332 4000.0 92000
1695308748396 4000.0 96000
1695308765512 4000.0 100000
1695308782757 4000.0 104000
1695308799740 4000.0 108000
1695308816703 4000.0 112000
1695308833778 4000.0 116000
1695308850786 4000.0 120000
1695308868015 4000.0 124000
1695308885349 4000.0 128000
1695308902899 4000.0 132000
1695308920208 4000.0 136000
1695308937639 4000.0 140000
1695308955591 4000.0 144000
1695308973199 4000.0 148000
1695308990980 4000.0 152000
1695309008035 4000.0 156000
1695309024988 4000.0 160000
1695309041853 4000.0 164000
1695309058924 4000.0 168000
1695309076328 4000.0 172000
1695309093087 4000.0 176000
1695309109773 4000.0 180000
1695309126080 4000.0 184000
1695309143021 4000.0 188000
1695309161569 4000.0 192000
1695309179079 4000.0 196000
1695309196836 4000.0 200000
1695309214089 4000.0 204000
1695309232041 4000.0 208000
1695309248751 4000.0 212000
1695309265854 4000.0 216000
1695309283752 4000.0 220000
1695309301769 4000.0 224000
1695309319308 4000.0 228000
1695309336408 4000.0 232000
1695309353395 4000.0 236000
1695309370941 4000.0 240000
1695309387721 4000.0 244000
1695309404524 4000.0 248000
1695309420944 4000.0 252000
1695309437197 4000.0 256000
1695309453701 4000.0 260000
1695309470964 4000.0 264000
1695309487870 4000.0 268000
1695309504487 4000.0 272000
1695309521794 4000.0 276000
1695309538365 4000.0 280000
1695309554800 4000.0 284000
1695309571707 4000.0 288000
1695309588286 4000.0 292000
1695309604902 4000.0 296000
1695309621160 4000.0 300000
1695309637582 4000.0 304000
1695309653932 4000.0 308000
1695309670394 4000.0 312000
1695309686873 4000.0 316000
1695309703476 4000.0 320000
1695309720083 4000.0 324000
1695309736733 4000.0 328000
1695309753449 4000.0 332000
1695309770617 4000.0 336000
1695309788407 4000.0 340000
1695309806256 4000.0 344000
1695309823901 4000.0 348000
1695309841498 4000.0 352000
1695309859416 4000.0 356000
1695309877013 4000.0 360000
1695309895209 4000.0 364000
1695309912879 4000.0 368000
1695309930484 4000.0 372000
1695309948072 4000.0 376000
1695309965641 4000.0 380000
1695309983323 4000.0 384000
1695310001788 4000.0 388000
1695310019122 4000.0 392000
1695310037224 4000.0 396000
1695310058467 4000.0 400000
1695310080064 4000.0 404000
1695310099803 4000.0 408000
1695310119996 4000.0 412000
1695310136624 4000.0 416000
1695310153324 4000.0 420000
1695310170823 4000.0 424000
1695310189070 4000.0 428000
1695310207414 4000.0 432000
1695310225665 4000.0 436000
1695310244089 4000.0 440000
1695310262402 4000.0 444000
1695310280670 4000.0 448000
1695310299162 4000.0 452000
1695310318009 4000.0 456000
1695310336738 4000.0 460000
1695310355240 4000.0 464000
1695310373905 4000.0 468000
1695310392654 4000.0 472000
1695310411139 4000.0 476000
1695310429567 4000.0 480000
1695310447970 4000.0 484000
1695310466413 4000.0 488000
1695310485050 4000.0 492000
1695310503534 4000.0 496000
1695310521944 4000.0 500000
1695310540657 4000.0 504000
1695310558999 4000.0 508000
1695310577688 4000.0 512000
1695310596029 4000.0 516000
1695310614631 4000.0 520000
1695310633192 4000.0 524000
1695310651679 4000.0 528000
1695310670032 4000.0 532000
1695310688387 4000.0 536000
1695310706890 4000.0 540000
1695310725425 4000.0 544000
1695310744029 4000.0 548000
1695310762425 4000.0 552000
1695310780955 4000.0 556000
1695310799202 4000.0 560000
1695310818155 4000.0 564000
1695310836094 4000.0 568000
1695310852887 4000.0 572000
1695310869682 4000.0 576000
1695310886284 4000.0 580000
1695310902990 4000.0 584000
1695310919895 4000.0 588000
1695310937685 4000.0 592000
1695310956071 4000.0 596000
1695310974793 4000.0 600000
1695310993464 4000.0 604000
1695311012300 4000.0 608000
1695311030791 4000.0 612000
1695311049132 4000.0 616000
1695311068380 4000.0 620000
1695311087356 4000.0 624000
1695311106009 4000.0 628000
1695311124445 4000.0 632000
1695311143115 4000.0 636000
1695311161490 4000.0 640000
1695311180079 4000.0 644000
1695311198568 4000.0 648000
1695311216978 4000.0 652000
1695311235290 4000.0 656000
1695311253687 4000.0 660000
1695311272614 4000.0 664000
1695311293283 4000.0 668000
1695311312831 4000.0 672000
1695311332556 4000.0 676000
1695311352080 4000.0 680000
1695311371333 4000.0 684000
1695311391042 4000.0 688000
1695311410750 4000.0 692000
1695311430488 4000.0 696000
1695311449830 4000.0 700000
1695311469550 4000.0 704000
1695311488965 4000.0 708000
1695311507723 4000.0 712000
1695311525261 4000.0 716000
1695311545163 4000.0 720000
1695311563404 4000.0 724000
1695311580630 4000.0 728000
1695311597875 4000.0 732000
1695311614914 4000.0 736000
1695311633115 4000.0 740000
1695311651478 4000.0 744000
1695311670630 4000.0 748000
1695311688265 4000.0 752000
1695311705493 4000.0 756000
1695311723906 4000.0 760000
1695311742151 4000.0 764000
1695311760313 4000.0 768000
1695311778409 4000.0 772000
1695311796473 4000.0 776000
1695311814045 4000.0 780000
1695311831589 4000.0 784000
