1695308366357 10.0 4000
1695308381944 10.0 8000
1695308398644 10.0 12000
1695308415453 10.0 16000
1695308433083 10.0 20000
1695308450591 10.0 24000
1695308467213 10.0 28000
1695308484543 10.0 32000
1695308501494 10.0 36000
1695308517789 10.0 40000
1695308534317 10.0 44000
1695308550380 10.0 48000
1695308566524 10.0 52000
1695308582637 10.0 56000
1695308598917 10.0 60000
1695308614866 10.0 64000
1695308630926 10.0 68000
1695308646830 10.0 72000
1695308662991 10.0 76000
1695308679275 10.0 80000
1695308696620 10.0 84000
1695308714046 10.0 88000
1695308731331 10.0 92000
1695308748394 10.0 96000
1695308765510 10.0 100000
1695308782755 10.0 104000
1695308799738 10.0 108000
1695308816701 10.0 112000
1695308833776 10.0 116000
1695308850785 10.0 120000
1695308868014 10.0 124000
1695308885347 10.0 128000
1695308902897 10.0 132000
1695308920206 10.0 136000
1695308937638 10.0 140000
1695308955589 10.0 144000
1695308973197 10.0 148000
1695308990978 10.0 152000
1695309008034 10.0 156000
1695309024986 10.0 160000
1695309041851 10.0 164000
1695309058922 10.0 168000
1695309076326 10.0 172000
1695309093085 10.0 176000
1695309109771 10.0 180000
1695309126078 10.0 184000
1695309143019 10.0 188000
1695309161567 10.0 192000
1695309179077 10.0 196000
1695309196834 10.0 200000
1695309214087 10.0 204000
1695309232039 10.0 208000
1695309248749 10.0 212000
1695309265853 10.0 216000
1695309283750 10.0 220000
1695309301767 10.0 224000
1695309319306 10.0 228000
1695309336406 10.0 232000
1695309353393 10.0 236000
1695309370940 10.0 240000
1695309387720 10.0 244000
1695309404523 10.0 248000
1695309420943 10.0 252000
1695309437195 10.0 256000
1695309453699 10.0 260000
1695309470962 10.0 264000
1695309487869 10.0 268000
1695309504486 10.0 272000
1695309521792 10.0 276000
1695309538363 10.0 280000
1695309554799 10.0 284000
1695309571705 10.0 288000
1695309588284 10.0 292000
1695309604900 10.0 296000
1695309621158 10.0 300000
1695309637581 10.0 304000
1695309653930 10.0 308000
1695309670392 10.0 312000
1695309686871 10.0 316000
1695309703475 10.0 320000
1695309720081 10.0 324000
1695309736732 10.0 328000
1695309753447 10.0 332000
1695309770616 10.0 336000
1695309788405 10.0 340000
1695309806255 10.0 344000
1695309823899 10.0 348000
1695309841496 10.0 352000
1695309859414 10.0 356000
1695309877012 10.0 360000
1695309895207 10.0 364000
1695309912877 10.0 368000
1695309930483 10.0 372000
1695309948071 10.0 376000
1695309965640 10.0 380000
1695309983322 10.0 384000
1695310001786 10.0 388000
1695310019120 10.0 392000
1695310037222 10.0 396000
1695310058465 10.0 400000
1695310080062 10.0 404000
1695310099801 10.0 408000
1695310119994 10.0 412000
1695310136622 10.0 416000
1695310153322 10.0 420000
1695310170821 10.0 424000
1695310189068 10.0 428000
1695310207412 10.0 432000
1695310225663 10.0 436000
1695310244088 10.0 440000
1695310262400 10.0 444000
1695310280668 10.0 448000
1695310299160 10.0 452000
1695310318007 10.0 456000
1695310336736 10.0 460000
1695310355238 10.0 464000
1695310373903 10.0 468000
1695310392652 10.0 472000
1695310411137 10.0 476000
1695310429566 10.0 480000
1695310447968 10.0 484000
1695310466411 10.0 488000
1695310485048 10.0 492000
1695310503533 10.0 496000
1695310521942 10.0 500000
1695310540656 10.0 504000
1695310558997 10.0 508000
1695310577686 10.0 512000
1695310596028 10.0 516000
1695310614629 10.0 520000
1695310633190 10.0 524000
1695310651677 10.0 528000
1695310670030 10.0 532000
1695310688385 10.0 536000
1695310706888 10.0 540000
1695310725423 10.0 544000
1695310744027 10.0 548000
1695310762423 10.0 552000
1695310780953 10.0 556000
1695310799200 10.0 560000
1695310818154 10.0 564000
1695310836092 10.0 568000
1695310852885 10.0 572000
1695310869680 10.0 576000
1695310886282 10.0 580000
1695310902988 10.0 584000
1695310919894 10.0 588000
1695310937683 10.0 592000
1695310956069 10.0 596000
1695310974791 10.0 600000
1695310993462 10.0 604000
1695311012298 10.0 608000
1695311030789 10.0 612000
1695311049130 10.0 616000
1695311068378 10.0 620000
1695311087354 10.0 624000
1695311106007 10.0 628000
1695311124443 10.0 632000
1695311143113 10.0 636000
1695311161488 10.0 640000
1695311180077 10.0 644000
1695311198566 10.0 648000
1695311216976 10.0 652000
1695311235288 10.0 656000
1695311253685 10.0 660000
1695311272612 10.0 664000
1695311293281 10.0 668000
1695311312829 10.0 672000
1695311332554 10.0 676000
1695311352078 10.0 680000
1695311371331 10.0 684000
1695311391040 10.0 688000
1695311410748 10.0 692000
1695311430486 10.0 696000
1695311449828 10.0 700000
1695311469548 10.0 704000
1695311488964 10.0 708000
1695311507721 10.0 712000
1695311525259 10.0 716000
1695311545161 10.0 720000
1695311563402 10.0 724000
1695311580629 10.0 728000
1695311597873 10.0 732000
1695311614913 10.0 736000
1695311633113 10.0 740000
1695311651476 10.0 744000
1695311670629 10.0 748000
1695311688264 10.0 752000
1695311705491 10.0 756000
1695311723905 10.0 760000
1695311742149 10.0 764000
1695311760311 10.0 768000
1695311778408 10.0 772000
1695311796471 10.0 776000
1695311814043 10.0 780000
1695311831588 10.0 784000
