1695308366361 4263.0 4000
1695308381948 4263.0 8000
1695308398649 4263.0 12000
1695308415458 4263.0 16000
1695308433087 4263.0 20000
1695308450596 4263.0 24000
1695308467217 4263.0 28000
1695308484547 4263.0 32000
1695308501498 4263.0 36000
1695308517793 4263.0 40000
1695308534321 4263.0 44000
1695308550384 4263.0 48000
1695308566528 4263.0 52000
1695308582642 4263.0 56000
1695308598921 4263.0 60000
1695308614870 4263.0 64000
1695308630930 4263.0 68000
1695308646834 4263.0 72000
1695308662995 4263.0 76000
1695308679279 4263.0 80000
1695308696625 4263.0 84000
1695308714051 4263.0 88000
1695308731335 4263.0 92000
1695308748398 4263.0 96000
1695308765515 4263.0 100000
1695308782760 4263.0 104000
1695308799743 4263.0 108000
1695308816705 4263.0 112000
1695308833780 4263.0 116000
1695308850789 4263.0 120000
1695308868018 4263.0 124000
1695308885351 4263.0 128000
1695308902901 4263.0 132000
1695308920210 4263.0 136000
1695308937642 4263.0 140000
1695308955594 4263.0 144000
1695308973202 4263.0 148000
1695308990982 4263.0 152000
1695309008038 4263.0 156000
1695309024990 4263.0 160000
1695309041856 4263.0 164000
1695309058926 4263.0 168000
1695309076330 4263.0 172000
1695309093089 4263.0 176000
1695309109775 4263.0 180000
1695309126082 4263.0 184000
1695309143024 4263.0 188000
1695309161571 4263.0 192000
1695309179082 4263.0 196000
1695309196838 4263.0 200000
1695309214091 4263.0 204000
1695309232043 4263.0 208000
1695309248754 4263.0 212000
1695309265857 4263.0 216000
1695309283755 4263.0 220000
1695309301773 4263.0 224000
1695309319310 4263.0 228000
1695309336410 4263.0 232000
1695309353397 4263.0 236000
1695309370944 4263.0 240000
1695309387724 4263.0 244000
1695309404527 4263.0 248000
1695309420947 4263.0 252000
1695309437199 4263.0 256000
1695309453703 4263.0 260000
1695309470967 4263.0 264000
1695309487873 4263.0 268000
1695309504490 4263.0 272000
1695309521797 4263.0 276000
1695309538367 4263.0 280000
1695309554803 4263.0 284000
1695309571710 4263.0 288000
1695309588288 4263.0 292000
1695309604904 4263.0 296000
1695309621162 4263.0 300000
1695309637585 4263.0 304000
1695309653935 4263.0 308000
1695309670396 4263.0 312000
1695309686875 4263.0 316000
1695309703479 4263.0 320000
1695309720086 4263.0 324000
1695309736736 4263.0 328000
1695309753451 4263.0 332000
1695309770620 4263.0 336000
1695309788409 4263.0 340000
1695309806259 4263.0 344000
1695309823903 4263.0 348000
1695309841501 4263.0 352000
1695309859419 4263.0 356000
1695309877016 4263.0 360000
1695309895211 4263.0 364000
1695309912882 4263.0 368000
1695309930487 4263.0 372000
1695309948075 4263.0 376000
1695309965644 4263.0 380000
1695309983326 4263.0 384000
1695310001790 4263.0 388000
1695310019124 4263.0 392000
1695310037226 4263.0 396000
1695310058469 4263.0 400000
1695310080066 4263.0 404000
1695310099805 4263.0 408000
1695310119999 4263.0 412000
1695310136626 4263.0 416000
1695310153327 4263.0 420000
1695310170826 4263.0 424000
1695310189073 4263.0 428000
1695310207416 4263.0 432000
1695310225668 4263.0 436000
1695310244092 4263.0 440000
1695310262405 4263.0 444000
1695310280672 4263.0 448000
1695310299165 4263.0 452000
1695310318012 4263.0 456000
1695310336740 4263.0 460000
1695310355242 4263.0 464000
1695310373908 4263.0 468000
1695310392657 4263.0 472000
1695310411141 4263.0 476000
1695310429570 4263.0 480000
1695310447972 4263.0 484000
1695310466416 4263.0 488000
1695310485054 4263.0 492000
1695310503537 4263.0 496000
1695310521947 4263.0 500000
1695310540660 4263.0 504000
1695310559002 4263.0 508000
1695310577691 4263.0 512000
1695310596032 4263.0 516000
1695310614634 4263.0 520000
1695310633195 4263.0 524000
1695310651682 4263.0 528000
1695310670034 4263.0 532000
1695310688390 4263.0 536000
1695310706893 4263.0 540000
1695310725427 4263.0 544000
1695310744032 4263.0 548000
1695310762428 4263.0 552000
1695310780957 4263.0 556000
1695310799204 4263.0 560000
1695310818158 4263.0 564000
1695310836096 4263.0 568000
1695310852890 4263.0 572000
1695310869685 4263.0 576000
1695310886286 4263.0 580000
1695310902993 4263.0 584000
1695310919898 4263.0 588000
1695310937687 4263.0 592000
1695310956074 4263.0 596000
1695310974796 4263.0 600000
1695310993466 4263.0 604000
1695311012303 4263.0 608000
1695311030794 4263.0 612000
1695311049135 4263.0 616000
1695311068383 4263.0 620000
1695311087359 4263.0 624000
1695311106012 4263.0 628000
1695311124448 4263.0 632000
1695311143117 4263.0 636000
1695311161493 4263.0 640000
1695311180082 4263.0 644000
1695311198570 4263.0 648000
1695311216981 4263.0 652000
1695311235293 4263.0 656000
1695311253690 4263.0 660000
1695311272616 4263.0 664000
1695311293286 4263.0 668000
1695311312834 4263.0 672000
1695311332559 4263.0 676000
1695311352082 4263.0 680000
1695311371336 4263.0 684000
1695311391044 4263.0 688000
1695311410753 4263.0 692000
1695311430490 4263.0 696000
1695311449833 4263.0 700000
1695311469552 4263.0 704000
1695311488968 4263.0 708000
1695311507725 4263.0 712000
1695311525263 4263.0 716000
1695311545166 4263.0 720000
1695311563407 4263.0 724000
1695311580633 4263.0 728000
1695311597878 4263.0 732000
1695311614917 4263.0 736000
1695311633118 4263.0 740000
1695311651480 4263.0 744000
1695311670633 4263.0 748000
1695311688268 4263.0 752000
1695311705496 4263.0 756000
1695311723909 4263.0 760000
1695311742154 4263.0 764000
1695311760315 4263.0 768000
1695311778412 4263.0 772000
1695311796476 4263.0 776000
1695311814047 4263.0 780000
1695311831592 4263.0 784000
