1695308366359 4000.0 4000
1695308381947 8000.0 8000
1695308398647 12000.0 12000
1695308415456 16000.0 16000
1695308433085 20000.0 20000
1695308450594 24000.0 24000
1695308467215 28000.0 28000
1695308484545 32000.0 32000
1695308501497 36000.0 36000
1695308517792 40000.0 40000
1695308534319 44000.0 44000
1695308550382 48000.0 48000
1695308566526 52000.0 52000
1695308582640 56000.0 56000
1695308598919 60000.0 60000
1695308614869 64000.0 64000
1695308630929 68000.0 68000
1695308646832 72000.0 72000
1695308662993 76000.0 76000
1695308679277 80000.0 80000
1695308696623 84000.0 84000
1695308714049 88000.0 88000
1695308731333 92000.0 92000
1695308748396 96000.0 96000
1695308765513 100000.0 100000
1695308782758 104000.0 104000
1695308799741 108000.0 108000
1695308816703 112000.0 112000
1695308833778 116000.0 116000
1695308850787 120000.0 120000
1695308868016 124000.0 124000
1695308885350 128000.0 128000
1695308902900 132000.0 132000
1695308920209 136000.0 136000
1695308937640 140000.0 140000
1695308955592 144000.0 144000
1695308973200 148000.0 148000
1695308990980 152000.0 152000
1695309008036 156000.0 156000
1695309024988 160000.0 160000
1695309041854 164000.0 164000
1695309058924 168000.0 168000
1695309076328 172000.0 172000
1695309093087 176000.0 176000
1695309109773 180000.0 180000
1695309126080 184000.0 184000
1695309143021 188000.0 188000
1695309161569 192000.0 192000
1695309179080 196000.0 196000
1695309196837 200000.0 200000
1695309214089 204000.0 204000
1695309232041 208000.0 208000
1695309248752 212000.0 212000
1695309265855 216000.0 216000
1695309283753 220000.0 220000
1695309301770 224000.0 224000
1695309319308 228000.0 228000
1695309336408 232000.0 232000
1695309353395 236000.0 236000
1695309370942 240000.0 240000
1695309387722 244000.0 244000
1695309404525 248000.0 248000
1695309420945 252000.0 252000
1695309437198 256000.0 256000
1695309453701 260000.0 260000
1695309470965 264000.0 264000
1695309487871 268000.0 268000
1695309504488 272000.0 272000
1695309521795 276000.0 276000
1695309538365 280000.0 280000
1695309554801 284000.0 284000
1695309571708 288000.0 288000
1695309588286 292000.0 292000
1695309604902 296000.0 296000
1695309621160 300000.0 300000
1695309637583 304000.0 304000
1695309653933 308000.0 308000
1695309670394 312000.0 312000
1695309686873 316000.0 316000
1695309703477 320000.0 320000
1695309720084 324000.0 324000
1695309736734 328000.0 328000
1695309753449 332000.0 332000
1695309770618 336000.0 336000
1695309788407 340000.0 340000
1695309806257 344000.0 344000
1695309823901 348000.0 348000
1695309841499 352000.0 352000
1695309859417 356000.0 356000
1695309877014 360000.0 360000
1695309895209 364000.0 364000
1695309912880 368000.0 368000
1695309930485 372000.0 372000
1695309948073 376000.0 376000
1695309965642 380000.0 380000
1695309983324 384000.0 384000
1695310001788 388000.0 388000
1695310019123 392000.0 392000
1695310037225 396000.0 396000
1695310058467 400000.0 400000
1695310080064 404000.0 404000
1695310099803 408000.0 408000
1695310119997 412000.0 412000
1695310136625 416000.0 416000
1695310153325 420000.0 420000
1695310170824 424000.0 424000
1695310189071 428000.0 428000
1695310207415 432000.0 432000
1695310225666 436000.0 436000
1695310244090 440000.0 440000
1695310262403 444000.0 444000
1695310280670 448000.0 448000
1695310299163 452000.0 452000
1695310318010 456000.0 456000
1695310336738 460000.0 460000
1695310355240 464000.0 464000
1695310373906 468000.0 468000
1695310392655 472000.0 472000
1695310411139 476000.0 476000
1695310429568 480000.0 480000
1695310447970 484000.0 484000
1695310466414 488000.0 488000
1695310485051 492000.0 492000
1695310503535 496000.0 496000
1695310521945 500000.0 500000
1695310540658 504000.0 504000
1695310559000 508000.0 508000
1695310577689 512000.0 512000
1695310596030 516000.0 516000
1695310614632 520000.0 520000
1695310633193 524000.0 524000
1695310651680 528000.0 528000
1695310670032 532000.0 532000
1695310688388 536000.0 536000
1695310706891 540000.0 540000
1695310725425 544000.0 544000
1695310744030 548000.0 548000
1695310762426 552000.0 552000
1695310780955 556000.0 556000
1695310799203 560000.0 560000
1695310818156 564000.0 564000
1695310836094 568000.0 568000
1695310852888 572000.0 572000
1695310869683 576000.0 576000
1695310886284 580000.0 580000
1695310902990 584000.0 584000
1695310919896 588000.0 588000
1695310937686 592000.0 592000
1695310956072 596000.0 596000
1695310974794 600000.0 600000
1695310993464 604000.0 604000
1695311012301 608000.0 608000
1695311030792 612000.0 612000
1695311049133 616000.0 616000
1695311068381 620000.0 620000
1695311087357 624000.0 624000
1695311106010 628000.0 628000
1695311124446 632000.0 632000
1695311143115 636000.0 636000
1695311161491 640000.0 640000
1695311180080 644000.0 644000
1695311198568 648000.0 648000
1695311216979 652000.0 652000
1695311235291 656000.0 656000
1695311253688 660000.0 660000
1695311272614 664000.0 664000
1695311293284 668000.0 668000
1695311312832 672000.0 672000
1695311332557 676000.0 676000
1695311352081 680000.0 680000
1695311371333 684000.0 684000
1695311391042 688000.0 688000
1695311410751 692000.0 692000
1695311430488 696000.0 696000
1695311449831 700000.0 700000
1695311469550 704000.0 704000
1695311488966 708000.0 708000
1695311507723 712000.0 712000
1695311525261 716000.0 716000
1695311545164 720000.0 720000
1695311563405 724000.0 724000
1695311580631 728000.0 728000
1695311597876 732000.0 732000
1695311614915 736000.0 736000
1695311633116 740000.0 740000
1695311651478 744000.0 744000
1695311670631 748000.0 748000
1695311688266 752000.0 752000
1695311705494 756000.0 756000
1695311723907 760000.0 760000
1695311742152 764000.0 764000
1695311760313 768000.0 768000
1695311778410 772000.0 772000
1695311796474 776000.0 776000
1695311814045 780000.0 780000
1695311831590 784000.0 784000
