1695308366361 1695308366.0 4000
1695308381948 1695308381.0 8000
1695308398648 1695308398.0 12000
1695308415457 1695308415.0 16000
1695308433087 1695308433.0 20000
1695308450595 1695308450.0 24000
1695308467217 1695308467.0 28000
1695308484546 1695308484.0 32000
1695308501498 1695308501.0 36000
1695308517793 1695308517.0 40000
1695308534321 1695308534.0 44000
1695308550383 1695308550.0 48000
1695308566527 1695308566.0 52000
1695308582641 1695308582.0 56000
1695308598920 1695308598.0 60000
1695308614870 1695308614.0 64000
1695308630930 1695308630.0 68000
1695308646833 1695308646.0 72000
1695308662995 1695308662.0 76000
1695308679279 1695308679.0 80000
1695308696624 1695308696.0 84000
1695308714050 1695308714.0 88000
1695308731334 1695308731.0 92000
1695308748398 1695308748.0 96000
1695308765514 1695308765.0 100000
1695308782759 1695308782.0 104000
1695308799742 1695308799.0 108000
1695308816705 1695308816.0 112000
1695308833780 1695308833.0 116000
1695308850788 1695308850.0 120000
1695308868017 1695308867.0 124000
1695308885351 1695308885.0 128000
1695308902901 1695308902.0 132000
1695308920210 1695308920.0 136000
1695308937641 1695308937.0 140000
1695308955593 1695308955.0 144000
1695308973201 1695308973.0 148000
1695308990981 1695308990.0 152000
1695309008037 1695309007.0 156000
1695309024990 1695309024.0 160000
1695309041855 1695309041.0 164000
1695309058926 1695309058.0 168000
1695309076330 1695309076.0 172000
1695309093089 1695309093.0 176000
1695309109775 1695309109.0 180000
1695309126082 1695309126.0 184000
1695309143023 1695309142.0 188000
1695309161571 1695309161.0 192000
1695309179081 1695309179.0 196000
1695309196838 1695309196.0 200000
1695309214091 1695309214.0 204000
1695309232042 1695309231.0 208000
1695309248753 1695309248.0 212000
1695309265856 1695309265.0 216000
1695309283754 1695309283.0 220000
1695309301772 1695309301.0 224000
1695309319310 1695309319.0 228000
1695309336410 1695309336.0 232000
1695309353397 1695309353.0 236000
1695309370943 1695309370.0 240000
1695309387723 1695309387.0 244000
1695309404526 1695309404.0 248000
1695309420946 1695309420.0 252000
1695309437199 1695309437.0 256000
1695309453703 1695309453.0 260000
1695309470966 1695309470.0 264000
1695309487872 1695309487.0 268000
1695309504489 1695309504.0 272000
1695309521796 1695309521.0 276000
1695309538366 1695309538.0 280000
1695309554802 1695309554.0 284000
1695309571709 1695309571.0 288000
1695309588288 1695309588.0 292000
1695309604904 1695309604.0 296000
1695309621162 1695309621.0 300000
1695309637584 1695309637.0 304000
1695309653934 1695309653.0 308000
1695309670396 1695309670.0 312000
1695309686875 1695309686.0 316000
1695309703478 1695309703.0 320000
1695309720085 1695309720.0 324000
1695309736735 1695309736.0 328000
1695309753451 1695309753.0 332000
1695309770619 1695309770.0 336000
1695309788408 1695309788.0 340000
1695309806258 1695309806.0 344000
1695309823903 1695309823.0 348000
1695309841500 1695309841.0 352000
1695309859418 1695309859.0 356000
1695309877015 1695309876.0 360000
1695309895210 1695309895.0 364000
1695309912881 1695309912.0 368000
1695309930486 1695309930.0 372000
1695309948074 1695309948.0 376000
1695309965643 1695309965.0 380000
1695309983325 1695309983.0 384000
1695310001790 1695310001.0 388000
1695310019124 1695310019.0 392000
1695310037226 1695310037.0 396000
1695310058469 1695310058.0 400000
1695310080066 1695310080.0 404000
1695310099805 1695310099.0 408000
1695310119998 1695310119.0 412000
1695310136626 1695310136.0 416000
1695310153326 1695310153.0 420000
1695310170825 1695310170.0 424000
1695310189072 1695310189.0 428000
1695310207416 1695310207.0 432000
1695310225667 1695310225.0 436000
1695310244091 1695310244.0 440000
1695310262404 1695310262.0 444000
1695310280672 1695310280.0 448000
1695310299164 1695310299.0 452000
1695310318011 1695310317.0 456000
1695310336740 1695310336.0 460000
1695310355242 1695310355.0 464000
1695310373907 1695310373.0 468000
1695310392656 1695310392.0 472000
1695310411141 1695310411.0 476000
1695310429569 1695310429.0 480000
1695310447972 1695310447.0 484000
1695310466415 1695310466.0 488000
1695310485054 1695310484.0 492000
1695310503536 1695310503.0 496000
1695310521946 1695310521.0 500000
1695310540659 1695310540.0 504000
1695310559001 1695310558.0 508000
1695310577690 1695310577.0 512000
1695310596032 1695310595.0 516000
1695310614633 1695310614.0 520000
1695310633194 1695310633.0 524000
1695310651681 1695310651.0 528000
1695310670034 1695310669.0 532000
1695310688389 1695310688.0 536000
1695310706892 1695310706.0 540000
1695310725427 1695310725.0 544000
1695310744031 1695310743.0 548000
1695310762427 1695310762.0 552000
1695310780957 1695310780.0 556000
1695310799204 1695310799.0 560000
1695310818157 1695310818.0 564000
1695310836095 1695310836.0 568000
1695310852889 1695310852.0 572000
1695310869684 1695310869.0 576000
1695310886286 1695310886.0 580000
1695310902992 1695310902.0 584000
1695310919897 1695310919.0 588000
1695310937687 1695310937.0 592000
1695310956073 1695310955.0 596000
1695310974795 1695310974.0 600000
1695310993466 1695310993.0 604000
1695311012302 1695311012.0 608000
1695311030793 1695311030.0 612000
1695311049134 1695311049.0 616000
1695311068382 1695311068.0 620000
1695311087358 1695311087.0 624000
1695311106011 1695311105.0 628000
1695311124447 1695311124.0 632000
1695311143117 1695311143.0 636000
1695311161492 1695311161.0 640000
1695311180081 1695311180.0 644000
1695311198570 1695311198.0 648000
1695311216980 1695311216.0 652000
1695311235292 1695311235.0 656000
1695311253690 1695311253.0 660000
1695311272616 1695311272.0 664000
1695311293285 1695311293.0 668000
1695311312833 1695311312.0 672000
1695311332558 1695311332.0 676000
1695311352082 1695311352.0 680000
1695311371335 1695311371.0 684000
1695311391044 1695311390.0 688000
1695311410752 1695311410.0 692000
1695311430490 1695311430.0 696000
1695311449832 1695311449.0 700000
1695311469552 1695311469.0 704000
1695311488967 1695311488.0 708000
1695311507724 1695311507.0 712000
1695311525262 1695311525.0 716000
1695311545165 1695311545.0 720000
1695311563406 1695311563.0 724000
1695311580632 1695311580.0 728000
1695311597877 1695311597.0 732000
1695311614916 1695311614.0 736000
1695311633117 1695311633.0 740000
1695311651480 1695311651.0 744000
1695311670632 1695311670.0 748000
1695311688267 1695311688.0 752000
1695311705495 1695311705.0 756000
1695311723908 1695311723.0 760000
1695311742153 1695311742.0 764000
1695311760315 1695311760.0 768000
1695311778411 1695311778.0 772000
1695311796475 1695311796.0 776000
1695311814047 1695311813.0 780000
1695311831591 1695311831.0 784000
