1695308366362 16.575454235076904 4000
1695308381949 32.053022623062134 8000
1695308398649 48.6407470703125 12000
1695308415458 65.33183360099792 16000
1695308433087 82.84033727645874 20000
1695308450596 100.23605966567993 24000
1695308467217 116.73538303375244 28000
1695308484547 133.95267033576965 32000
1695308501499 150.79336023330688 36000
1695308517794 166.9678089618683 40000
1695308534321 183.37482047080994 44000
1695308550384 199.32382988929749 48000
1695308566528 215.35479927062988 52000
1695308582642 231.35349988937378 56000
1695308598921 247.51894998550415 60000
1695308614871 263.35618019104004 64000
1695308630931 279.3023920059204 68000
1695308646834 295.08985924720764 72000
1695308662995 311.1366329193115 76000
1695308679279 327.3041350841522 80000
1695308696625 344.5237925052643 84000
1695308714051 361.8349223136902 88000
1695308731335 379.0048942565918 92000
1695308748398 395.9550278186798 96000
1695308765515 412.9539489746094 100000
1695308782760 430.08260774612427 104000
1695308799743 446.94855546951294 108000
1695308816705 463.7920503616333 112000
1695308833780 480.7537031173706 116000
1695308850789 497.64732098579407 120000
1695308868018 514.7536723613739 124000
1695308885352 531.97168135643 128000
1695308902902 549.4059762954712 132000
1695308920211 566.5966074466705 136000
1695308937642 583.9112102985382 140000
1695308955594 601.7436892986298 144000
1695308973202 619.22807097435 148000
1695308990982 636.8875954151154 152000
1695309008038 653.8198454380035 156000
1695309024991 670.6509928703308 160000
1695309041856 687.3817684650421 164000
1695309058927 704.3211505413055 168000
1695309076330 721.5935294628143 172000
1695309093089 738.2324597835541 176000
1695309109776 754.7992579936981 180000
1695309126083 770.9767467975616 184000
1695309143024 787.7954797744751 188000
1695309161572 806.2125158309937 192000
1695309179082 823.5898323059082 196000
1695309196839 841.2239334583282 200000
1695309214091 858.3404085636139 204000
1695309232043 876.1656048297882 208000
1695309248754 892.7476267814636 212000
1695309265857 909.7224254608154 216000
1695309283755 927.4928288459778 220000
1695309301773 945.3636910915375 224000
1695309319311 962.7591872215271 228000
1695309336411 979.7315528392792 232000
1695309353398 996.5920512676239 236000
1695309370944 1013.9990413188934 240000
1695309387724 1030.6448373794556 244000
1695309404527 1047.3211226463318 248000
1695309420947 1063.614482164383 252000
1695309437200 1079.737142086029 256000
1695309453703 1096.1124444007874 260000
1695309470967 1113.2449872493744 264000
1695309487873 1130.0219447612762 268000
1695309504490 1146.5077180862427 272000
1695309521797 1163.685242176056 276000
1695309538367 1180.1213510036469 280000
1695309554803 1196.4075112342834 284000
1695309571710 1213.1850309371948 288000
1695309588289 1229.635220527649 292000
1695309604905 1246.116417646408 296000
1695309621162 1262.2432119846344 300000
1695309637585 1278.534087896347 304000
1695309653935 1294.7510116100311 308000
1695309670396 1311.08261013031 312000
1695309686876 1327.4306108951569 316000
1695309703479 1343.903371334076 320000
1695309720086 1360.3644907474518 324000
1695309736736 1376.8805758953094 328000
1695309753452 1393.4619295597076 332000
1695309770620 1410.4985477924347 336000
1695309788409 1428.1555285453796 340000
1695309806259 1445.8689827919006 344000
1695309823904 1463.3775796890259 348000
1695309841501 1480.8401761054993 352000
1695309859419 1498.623216867447 356000
1695309877016 1516.0849924087524 360000
1695309895211 1534.13711810112 364000
1695309912882 1551.6724157333374 368000
1695309930487 1569.144332408905 372000
1695309948075 1586.5958535671234 376000
1695309965644 1604.0273985862732 380000
1695309983326 1621.5707404613495 384000
1695310001791 1639.9012730121613 388000
1695310019125 1657.1006922721863 392000
1695310037227 1675.065843820572 396000
1695310058470 1696.1614558696747 400000
1695310080067 1717.5817427635193 404000
1695310099806 1737.1587142944336 408000
1695310119999 1757.2020921707153 412000
1695310136627 1773.6909050941467 416000
1695310153327 1790.2528722286224 420000
1695310170826 1807.609992980957 424000
1695310189073 1825.7147104740143 428000
1695310207417 1843.9132466316223 432000
1695310225668 1862.0229997634888 436000
1695310244092 1880.297970533371 440000
1695310262405 1898.4552726745605 444000
1695310280673 1916.5746536254883 448000
1695310299165 1934.9093379974365 452000
1695310318012 1953.6098539829254 456000
1695310336741 1972.1939492225647 460000
1695310355242 1990.5508239269257 464000
1695310373908 2009.0688724517822 468000
1695310392657 2027.6684882640839 472000
1695310411142 2046.002292394638 476000
1695310429570 2064.2849793434143 480000
1695310447973 2082.530380010605 484000
1695310466416 2100.824357032776 488000
1695310485055 2119.306502342224 492000
1695310503537 2137.6358835697174 496000
1695310521947 2155.8950095176697 500000
1695310540660 2174.4552812576294 504000
1695310559002 2192.6489448547363 508000
1695310577691 2211.1867389678955 512000
1695310596033 2229.3809611797333 516000
1695310614634 2247.8300263881683 520000
1695310633195 2266.2304723262787 524000
1695310651682 2284.5629920959473 528000
1695310670034 2302.765085697174 532000
1695310688390 2320.971267938614 536000
1695310706893 2339.316529750824 540000
1695310725428 2357.695904970169 544000
1695310744032 2376.1466269493103 548000
1695310762428 2394.3880145549774 552000
1695310780958 2412.754335641861 556000
1695310799205 2430.8476338386536 560000
1695310818158 2449.639717578888 564000
1695310836096 2467.4256958961487 568000
1695310852890 2484.0694098472595 572000
1695310869685 2500.7131390571594 576000
1695310886286 2517.1660096645355 580000
1695310902993 2533.719759464264 584000
1695310919898 2550.4733502864838 588000
1695310937688 2568.1122858524323 592000
1695310956074 2586.343015432358 596000
1695310974796 2604.906656265259 600000
1695310993467 2623.411362171173 604000
1695311012303 2642.088177919388 608000
1695311030794 2660.4195449352264 612000
1695311049135 2678.598520755768 616000
1695311068383 2697.6882054805756 620000
1695311087359 2716.5011823177338 624000
1695311106012 2734.9908039569855 628000
1695311124448 2753.262133359909 632000
1695311143118 2771.767382621765 636000
1695311161493 2789.976354122162 640000
1695311180082 2808.3918685913086 644000
1695311198570 2826.7161705493927 648000
1695311216981 2844.9693310260773 652000
1695311235293 2863.120334148407 656000
1695311253690 2881.350020170212 660000
1695311272616 2900.1119952201843 664000
1695311293286 2920.6181268692017 668000
1695311312834 2939.9973409175873 672000
1695311332559 2959.550050973892 676000
1695311352083 2978.9117171764374 680000
1695311371336 2997.988763809204 684000
1695311391044 3017.5283291339874 688000
1695311410753 3037.073659658432 692000
1695311430491 3056.646517753601 696000
1695311449833 3075.8155088424683 700000
1695311469552 3095.3676149845123 704000
1695311488968 3114.6137652397156 708000
1695311507725 3133.205777645111 712000
1695311525263 3150.581844806671 716000
1695311545166 3170.314073085785 720000
1695311563407 3188.384541273117 724000
1695311580633 3205.4511387348175 728000
1695311597878 3222.5243513584137 732000
1695311614917 3239.395496368408 736000
1695311633118 3257.4324128627777 740000
1695311651480 3275.6319222450256 744000
1695311670633 3294.6224315166473 748000
1695311688268 3312.0965428352356 752000
1695311705496 3329.1593232154846 756000
1695311723909 3347.409926176071 760000
1695311742154 3365.4624247550964 764000
1695311760316 3383.444397687912 768000
1695311778412 3401.372740507126 772000
1695311796476 3419.269115447998 776000
1695311814047 3436.6751103401184 780000
1695311831592 3454.0554542541504 784000
