1695308366361 16.575454235076904 4000
1695308381948 15.47756838798523 8000
1695308398649 16.587724447250366 12000
1695308415457 16.691086530685425 16000
1695308433087 17.508503675460815 20000
1695308450596 17.39572238922119 24000
1695308467217 16.49932336807251 28000
1695308484547 17.217287302017212 32000
1695308501498 16.84068989753723 36000
1695308517793 16.1744487285614 40000
1695308534321 16.40701150894165 44000
1695308550383 15.949009418487549 48000
1695308566527 16.030969381332397 52000
1695308582641 15.998700618743896 56000
1695308598920 16.16545009613037 60000
1695308614870 15.837230205535889 64000
1695308630930 15.946211814880371 68000
1695308646833 15.787467241287231 72000
1695308662995 16.046773672103882 76000
1695308679279 16.1675021648407 80000
1695308696624 17.21965742111206 84000
1695308714050 17.311129808425903 88000
1695308731334 17.16997194290161 92000
1695308748398 16.950133562088013 96000
1695308765514 16.998921155929565 100000
1695308782759 17.128658771514893 104000
1695308799742 16.865947723388672 108000
1695308816705 16.84349489212036 112000
1695308833780 16.961652755737305 116000
1695308850788 16.893617868423462 120000
1695308868017 17.106351375579834 124000
1695308885351 17.218008995056152 128000
1695308902901 17.434294939041138 132000
1695308920210 17.19063115119934 136000
1695308937641 17.314602851867676 140000
1695308955593 17.832479000091553 144000
1695308973201 17.484381675720215 148000
1695308990982 17.65952444076538 152000
1695309008038 16.932250022888184 156000
1695309024990 16.83114743232727 160000
1695309041855 16.730775594711304 164000
1695309058926 16.939382076263428 168000
1695309076330 17.27237892150879 172000
1695309093089 16.638930320739746 176000
1695309109775 16.566798210144043 180000
1695309126082 16.177488803863525 184000
1695309143023 16.818732976913452 188000
1695309161571 18.417036056518555 192000
1695309179081 17.37731647491455 196000
1695309196838 17.634101152420044 200000
1695309214091 17.116475105285645 204000
1695309232043 17.825196266174316 208000
1695309248754 16.582021951675415 212000
1695309265857 16.974798679351807 216000
1695309283755 17.770403385162354 220000
1695309301772 17.870862245559692 224000
1695309319310 17.395496129989624 228000
1695309336410 16.972365617752075 232000
1695309353397 16.860498428344727 236000
1695309370944 17.40699005126953 240000
1695309387724 16.645796060562134 244000
1695309404526 16.67628526687622 248000
1695309420947 16.293359518051147 252000
1695309437199 16.122659921646118 256000
1695309453703 16.3753023147583 260000
1695309470966 17.132542848587036 264000
1695309487873 16.776957511901855 268000
1695309504489 16.48577332496643 272000
1695309521796 17.177524089813232 276000
1695309538367 16.436108827590942 280000
1695309554803 16.286160230636597 284000
1695309571709 16.777519702911377 288000
1695309588288 16.4501895904541 292000
1695309604904 16.481197118759155 296000
1695309621162 16.12679433822632 300000
1695309637584 16.290875911712646 304000
1695309653934 16.216923713684082 308000
1695309670396 16.33159852027893 312000
1695309686875 16.3480007648468 316000
1695309703479 16.472760438919067 320000
1695309720085 16.461119413375854 324000
1695309736735 16.516085147857666 328000
1695309753451 16.581353664398193 332000
1695309770619 17.03661823272705 336000
1695309788409 17.656980752944946 340000
1695309806259 17.713454246520996 344000
1695309823903 17.508596897125244 348000
1695309841500 17.46259641647339 352000
1695309859418 17.783040761947632 356000
1695309877015 17.461775541305542 360000
1695309895211 18.052125692367554 364000
1695309912881 17.535297632217407 368000
1695309930487 17.471916675567627 372000
1695309948075 17.451521158218384 376000
1695309965643 17.43154501914978 380000
1695309983325 17.543341875076294 384000
1695310001790 18.330532550811768 388000
1695310019124 17.199419260025024 392000
1695310037226 17.96515154838562 396000
1695310058469 21.095612049102783 400000
1695310080066 21.420286893844604 404000
1695310099805 19.576971530914307 408000
1695310119998 20.04337787628174 412000
1695310136626 16.488812923431396 416000
1695310153326 16.561967134475708 420000
1695310170825 17.357120752334595 424000
1695310189073 18.10471749305725 428000
1695310207416 18.198536157608032 432000
1695310225667 18.109753131866455 436000
1695310244092 18.274970769882202 440000
1695310262405 18.157302141189575 444000
1695310280672 18.119380950927734 448000
1695310299164 18.334684371948242 452000
1695310318011 18.70051598548889 456000
1695310336740 18.584095239639282 460000
1695310355242 18.356874704360962 464000
1695310373907 18.518048524856567 468000
1695310392657 18.599615812301636 472000
1695310411141 18.3338041305542 476000
1695310429569 18.282686948776245 480000
1695310447972 18.24540066719055 484000
1695310466415 18.29397702217102 488000
1695310485054 18.482145309448242 492000
1695310503536 18.329381227493286 496000
1695310521947 18.25912594795227 500000
1695310540659 18.560271739959717 504000
1695310559002 18.193663597106934 508000
1695310577690 18.53779411315918 512000
1695310596032 18.19422221183777 516000
1695310614633 18.44906520843506 520000
1695310633194 18.40044593811035 524000
1695310651681 18.33251976966858 528000
1695310670034 18.202093601226807 532000
1695310688390 18.20618224143982 536000
1695310706892 18.345261812210083 540000
1695310725427 18.379375219345093 544000
1695310744031 18.450721979141235 548000
1695310762427 18.241387605667114 552000
1695310780957 18.366321086883545 556000
1695310799204 18.093298196792603 560000
1695310818158 18.792083740234375 564000
1695310836096 17.785978317260742 568000
1695310852889 16.64371395111084 572000
1695310869684 16.643729209899902 576000
1695310886286 16.4528706073761 580000
1695310902992 16.553749799728394 584000
1695310919898 16.75359082221985 588000
1695310937687 17.638935565948486 592000
1695310956074 18.230729579925537 596000
1695310974795 18.563640832901 600000
1695310993466 18.504705905914307 604000
1695311012302 18.67681574821472 608000
1695311030794 18.331367015838623 612000
1695311049134 18.178975820541382 616000
1695311068382 19.08968472480774 620000
1695311087358 18.812976837158203 624000
1695311106011 18.48962163925171 628000
1695311124447 18.271329402923584 632000
1695311143117 18.50524926185608 636000
1695311161492 18.20897150039673 640000
1695311180082 18.41551446914673 644000
1695311198570 18.324301958084106 648000
1695311216980 18.25316047668457 652000
1695311235292 18.151003122329712 656000
1695311253690 18.22968602180481 660000
1695311272616 18.761975049972534 664000
1695311293286 20.506131649017334 668000
1695311312833 19.37921404838562 672000
1695311332558 19.55271005630493 676000
1695311352082 19.361666202545166 680000
1695311371335 19.077046632766724 684000
1695311391044 19.539565324783325 688000
1695311410753 19.54533052444458 692000
1695311430490 19.572858095169067 696000
1695311449832 19.168991088867188 700000
1695311469552 19.552106142044067 704000
1695311488968 19.246150255203247 708000
1695311507725 18.592012405395508 712000
1695311525263 17.37606716156006 716000
1695311545165 19.73222827911377 720000
1695311563406 18.070468187332153 724000
1695311580632 17.06659746170044 728000
1695311597878 17.07321262359619 732000
1695311614916 16.871145009994507 736000
1695311633117 18.036916494369507 740000
1695311651480 18.199509382247925 744000
1695311670632 18.990509271621704 748000
1695311688267 17.474111318588257 752000
1695311705495 17.062780380249023 756000
1695311723908 18.250602960586548 760000
1695311742154 18.05249857902527 764000
1695311760315 17.98197293281555 768000
1695311778411 17.928342819213867 772000
1695311796475 17.896374940872192 776000
1695311814047 17.40599489212036 780000
1695311831592 17.380343914031982 784000
