1695308366360 1.0 4000
1695308381948 2.0 8000
1695308398648 3.0 12000
1695308415457 4.0 16000
1695308433086 5.0 20000
1695308450595 6.0 24000
1695308467216 7.0 28000
1695308484546 8.0 32000
1695308501498 9.0 36000
1695308517793 10.0 40000
1695308534320 11.0 44000
1695308550383 12.0 48000
1695308566527 13.0 52000
1695308582641 14.0 56000
1695308598920 15.0 60000
1695308614870 16.0 64000
1695308630930 17.0 68000
1695308646833 18.0 72000
1695308662994 19.0 76000
1695308679278 20.0 80000
1695308696624 21.0 84000
1695308714050 22.0 88000
1695308731334 23.0 92000
1695308748397 24.0 96000
1695308765514 25.0 100000
1695308782759 26.0 104000
1695308799742 27.0 108000
1695308816704 28.0 112000
1695308833779 29.0 116000
1695308850788 30.0 120000
1695308868017 31.0 124000
1695308885351 32.0 128000
1695308902901 33.0 132000
1695308920210 34.0 136000
1695308937641 35.0 140000
1695308955593 36.0 144000
1695308973201 37.0 148000
1695308990981 38.0 152000
1695309008037 39.0 156000
1695309024989 40.0 160000
1695309041855 41.0 164000
1695309058925 42.0 168000
1695309076329 43.0 172000
1695309093088 44.0 176000
1695309109774 45.0 180000
1695309126082 46.0 184000
1695309143023 47.0 188000
1695309161571 48.0 192000
1695309179081 49.0 196000
1695309196838 50.0 200000
1695309214090 51.0 204000
1695309232042 52.0 208000
1695309248753 53.0 212000
1695309265856 54.0 216000
1695309283754 55.0 220000
1695309301772 56.0 224000
1695309319310 57.0 228000
1695309336410 58.0 232000
1695309353397 59.0 236000
1695309370943 60.0 240000
1695309387723 61.0 244000
1695309404526 62.0 248000
1695309420946 63.0 252000
1695309437199 64.0 256000
1695309453702 65.0 260000
1695309470966 66.0 264000
1695309487872 67.0 268000
1695309504489 68.0 272000
1695309521796 69.0 276000
1695309538366 70.0 280000
1695309554802 71.0 284000
1695309571709 72.0 288000
1695309588287 73.0 292000
1695309604903 74.0 296000
1695309621161 75.0 300000
1695309637584 76.0 304000
1695309653934 77.0 308000
1695309670395 78.0 312000
1695309686875 79.0 316000
1695309703478 80.0 320000
1695309720085 81.0 324000
1695309736735 82.0 328000
1695309753451 83.0 332000
1695309770619 84.0 336000
1695309788408 85.0 340000
1695309806258 86.0 344000
1695309823902 87.0 348000
1695309841500 88.0 352000
1695309859418 89.0 356000
1695309877015 90.0 360000
1695309895210 91.0 364000
1695309912881 92.0 368000
1695309930486 93.0 372000
1695309948074 94.0 376000
1695309965643 95.0 380000
1695309983325 96.0 384000
1695310001790 97.0 388000
1695310019124 98.0 392000
1695310037226 99.0 396000
1695310058468 100.0 400000
1695310080065 101.0 404000
1695310099804 102.0 408000
1695310119998 103.0 412000
1695310136626 104.0 416000
1695310153326 105.0 420000
1695310170825 106.0 424000
1695310189072 107.0 428000
1695310207416 108.0 432000
1695310225667 109.0 436000
1695310244091 110.0 440000
1695310262404 111.0 444000
1695310280672 112.0 448000
1695310299164 113.0 452000
1695310318011 114.0 456000
1695310336739 115.0 460000
1695310355241 116.0 464000
1695310373907 117.0 468000
1695310392656 118.0 472000
1695310411140 119.0 476000
1695310429569 120.0 480000
1695310447971 121.0 484000
1695310466415 122.0 488000
1695310485053 123.0 492000
1695310503536 124.0 496000
1695310521946 125.0 500000
1695310540659 126.0 504000
1695310559001 127.0 508000
1695310577690 128.0 512000
1695310596031 129.0 516000
1695310614633 130.0 520000
1695310633194 131.0 524000
1695310651681 132.0 528000
1695310670033 133.0 532000
1695310688389 134.0 536000
1695310706892 135.0 540000
1695310725427 136.0 544000
1695310744031 137.0 548000
1695310762427 138.0 552000
1695310780956 139.0 556000
1695310799204 140.0 560000
1695310818157 141.0 564000
1695310836095 142.0 568000
1695310852889 143.0 572000
1695310869684 144.0 576000
1695310886285 145.0 580000
1695310902992 146.0 584000
1695310919897 147.0 588000
1695310937687 148.0 592000
1695310956073 149.0 596000
1695310974795 150.0 600000
1695310993465 151.0 604000
1695311012302 152.0 608000
1695311030793 153.0 612000
1695311049134 154.0 616000
1695311068382 155.0 620000
1695311087358 156.0 624000
1695311106011 157.0 628000
1695311124447 158.0 632000
1695311143117 159.0 636000
1695311161492 160.0 640000
1695311180081 161.0 644000
1695311198569 162.0 648000
1695311216980 163.0 652000
1695311235292 164.0 656000
1695311253689 165.0 660000
1695311272615 166.0 664000
1695311293285 167.0 668000
1695311312833 168.0 672000
1695311332558 169.0 676000
1695311352082 170.0 680000
1695311371335 171.0 684000
1695311391043 172.0 688000
1695311410752 173.0 692000
1695311430489 174.0 696000
1695311449832 175.0 700000
1695311469551 176.0 704000
1695311488967 177.0 708000
1695311507724 178.0 712000
1695311525262 179.0 716000
1695311545165 180.0 720000
1695311563406 181.0 724000
1695311580632 182.0 728000
1695311597877 183.0 732000
1695311614916 184.0 736000
1695311633117 185.0 740000
1695311651479 186.0 744000
1695311670632 187.0 748000
1695311688267 188.0 752000
1695311705495 189.0 756000
1695311723908 190.0 760000
1695311742153 191.0 764000
1695311760315 192.0 768000
1695311778411 193.0 772000
1695311796475 194.0 776000
1695311814046 195.0 780000
1695311831591 196.0 784000
