1695308366394 -1.053 4000
1695308381981 -1.053 8000
1695308398684 -1.053 12000
1695308415493 -1.053 16000
1695308433119 -1.053 20000
1695308450632 -1.049 24000
1695308467251 -1.049 28000
1695308484578 -1.049 32000
1695308501532 -1.049 36000
1695308517826 -1.049 40000
1695308534353 -1.046 44000
1695308550415 -1.046 48000
1695308566559 -1.04 52000
1695308582674 -1.04 56000
1695308598952 -1.043 60000
1695308614902 -1.043 64000
1695308630962 -1.043 68000
1695308646866 -1.042 72000
1695308663027 -1.047 76000
1695308679311 -1.047 80000
1695308696656 -1.047 84000
1695308714082 -1.041 88000
1695308731365 -1.046 92000
1695308748432 -1.046 96000
1695308765547 -1.046 100000
1695308782791 -1.041 104000
1695308799777 -1.041 108000
1695308816736 -1.043 112000
1695308833811 -1.043 116000
1695308850820 -1.036 120000
1695308868049 -1.044 124000
1695308885382 -1.032 128000
1695308902934 -1.031 132000
1695308920242 -1.027 136000
1695308937674 -1.037 140000
1695308955627 -1.028 144000
1695308973233 -1.037 148000
1695308991015 -1.035 152000
1695309008070 -1.044 156000
1695309025022 -1.021 160000
1695309041889 -1.022 164000
1695309058961 -1.024 168000
1695309076362 -1.026 172000
1695309093120 -1.019 176000
1695309109808 -1.055 180000
1695309126115 -1.027 184000
1695309143055 -1.044 188000
1695309161607 -1.031 192000
1695309179113 -1.022 196000
1695309196871 -1.038 200000
1695309214124 -1.019 204000
1695309232075 -1.016 208000
1695309248789 -1.02 212000
1695309265888 -1.031 216000
1695309283790 -1.026 220000
1695309301811 -1.034 224000
1695309319343 -1.02 228000
1695309336442 -1.019 232000
1695309353431 -1.037 236000
1695309370975 -1.025 240000
1695309387757 -1.013 244000
1695309404558 -1.015 248000
1695309420980 -1.011 252000
1695309437231 -1.018 256000
1695309453736 -1.011 260000
1695309470999 -1.019 264000
1695309487906 -1.014 268000
1695309504521 -1.036 272000
1695309521829 -1.013 276000
1695309538401 -1.017 280000
1695309554835 -1.01 284000
1695309571742 -1.024 288000
1695309588324 -1.009 292000
1695309604936 -1.018 296000
1695309621195 -1.012 300000
1695309637616 -1.01 304000
1695309653968 -1.018 308000
1695309670428 -1.007 312000
1695309686908 -1.011 316000
1695309703511 -1.011 320000
1695309720117 -1.012 324000
1695309736768 -1.024 328000
1695309753483 -1.0099999999999998 332000
1695309770651 -1.027 336000
1695309788440 -1.014 340000
1695309806291 -1.009 344000
1695309823935 -1.0099999999999998 348000
1695309841532 -1.014 352000
1695309859449 -1.011 356000
1695309877047 -1.014 360000
1695309895243 -1.008 364000
1695309912913 -1.015 368000
1695309930519 -1.0139999999999998 372000
1695309948107 -1.0119999999999998 376000
1695309965676 -1.043 380000
1695309983357 -1.0219999999999998 384000
1695310001822 -1.016 388000
1695310019156 -1.034 392000
1695310037257 -1.031 396000
1695310058507 -1.017 400000
1695310080103 -1.008 404000
1695310099839 -1.01 408000
1695310120032 -1.0139999999999998 412000
1695310136658 -1.01 416000
1695310153359 -1.0099999999999998 420000
1695310170858 -1.013 424000
1695310189108 -1.009 428000
1695310207448 -1.009 432000
1695310225702 -1.007 436000
1695310244124 -1.011 440000
1695310262439 -1.011 444000
1695310280708 -1.017 448000
1695310299200 -1.01 452000
1695310318044 -1.0119999999999998 456000
1695310336773 -1.022 460000
1695310355275 -1.008 464000
1695310373940 -1.009 468000
1695310392690 -1.03 472000
1695310411174 -1.01 476000
1695310429601 -1.01 480000
1695310448007 -1.013 484000
1695310466448 -1.009 488000
1695310485091 -1.007 492000
1695310503569 -1.008 496000
1695310521982 -1.016 500000
1695310540692 -1.0139999999999998 504000
1695310559037 -1.011 508000
1695310577722 -1.031 512000
1695310596067 -1.011 516000
1695310614665 -1.01 520000
1695310633229 -1.013 524000
1695310651714 -1.032 528000
1695310670067 -1.022 532000
1695310688424 -1.0119999999999998 536000
1695310706928 -1.011 540000
1695310725460 -1.008 544000
1695310744066 -1.014 548000
1695310762467 -1.016 552000
1695310780992 -1.028 556000
1695310799236 -1.023 560000
1695310818190 -1.016 564000
1695310836128 -1.01 568000
1695310852921 -1.009 572000
1695310869718 -1.0119999999999998 576000
1695310886319 -1.008 580000
1695310903024 -1.0119999999999998 584000
1695310919930 -1.007 588000
1695310937720 -1.012 592000
1695310956108 -1.006 596000
1695310974827 -1.0259999999999998 600000
1695310993501 -1.0099999999999998 604000
1695311012335 -1.0119999999999998 608000
1695311030829 -1.007 612000
1695311049167 -1.015 616000
1695311068415 -1.022 620000
1695311087393 -1.006 624000
1695311106047 -1.006 628000
1695311124481 -1.0139999999999998 632000
1695311143153 -1.008 636000
1695311161527 -1.028 640000
1695311180117 -1.022 644000
1695311198602 -1.0059999999999998 648000
1695311217016 -1.007 652000
1695311235325 -1.023 656000
1695311253726 -1.011 660000
1695311272649 -1.007 664000
1695311293321 -1.005 668000
1695311312868 -1.009 672000
1695311332591 -1.009 676000
1695311352115 -1.016 680000
1695311371370 -1.009 684000
1695311391077 -1.009 688000
1695311410786 -1.008 692000
1695311430523 -1.022 696000
1695311449867 -1.025 700000
1695311469586 -1.006 704000
1695311489001 -1.007 708000
1695311507758 -1.017 712000
1695311525296 -1.009 716000
1695311545198 -1.007 720000
1695311563439 -1.01 724000
1695311580665 -1.008 728000
1695311597914 -1.008 732000
1695311614948 -1.0239999999999998 736000
1695311633150 -1.006 740000
1695311651512 -1.029 744000
1695311670664 -1.005 748000
1695311688299 -1.008 752000
1695311705528 -1.007 756000
1695311723941 -1.028 760000
1695311742191 -1.006 764000
1695311760348 -1.007 768000
1695311778444 -1.012 772000
1695311796508 -1.011 776000
1695311814079 -1.007 780000
1695311831624 -1.012 784000
