1695308366394 -1.016 4000
1695308381981 -1.049 8000
1695308398684 -1.049 12000
1695308415492 -1.049 16000
1695308433119 -1.049 20000
1695308450632 -1.049 24000
1695308467251 -1.047 28000
1695308484578 -1.047 32000
1695308501531 -1.038 36000
1695308517825 -1.054 40000
1695308534353 -1.054 44000
1695308550415 -1.054 48000
1695308566559 -1.054 52000
1695308582674 -1.02 56000
1695308598952 -1.046 60000
1695308614902 -1.046 64000
1695308630962 -1.046 68000
1695308646866 -1.046 72000
1695308663027 -1.013 76000
1695308679311 -1.02 80000
1695308696655 -1.02 84000
1695308714082 -1.031 88000
1695308731365 -1.031 92000
1695308748432 -1.031 96000
1695308765547 -1.015 100000
1695308782791 -1.015 104000
1695308799777 -1.011 108000
1695308816736 -1.009 112000
1695308833811 -1.029 116000
1695308850820 -1.029 120000
1695308868048 -1.001 124000
1695308885382 -1.012 128000
1695308902933 -1.008 132000
1695308920242 -1.003 136000
1695308937674 -1.006 140000
1695308955627 -1.006 144000
1695308973233 -1.003 148000
1695308991015 -1.014 152000
1695309008069 -1.077 156000
1695309025022 -1.034 160000
1695309041889 -1.002 164000
1695309058960 -1.012 168000
1695309076362 -1.009 172000
1695309093119 -1.003 176000
1695309109808 -1.003 180000
1695309126114 -1.021 184000
1695309143055 -1.007 188000
1695309161607 -1.043 192000
1695309179113 -1.002 196000
1695309196870 -1.011 200000
1695309214124 -1.007 204000
1695309232075 -1.009 208000
1695309248789 -1.011 212000
1695309265888 -1.014 216000
1695309283790 -1.007 220000
1695309301811 -1.018 224000
1695309319343 -1.0 228000
1695309336442 -1.012 232000
1695309353431 -1.006 236000
1695309370975 -1.006 240000
1695309387757 -1.002 244000
1695309404558 -1.007 248000
1695309420980 -1.006 252000
1695309437231 -1.014 256000
1695309453735 -1.004 260000
1695309470999 -1.003 264000
1695309487906 -1.002 268000
1695309504521 -1.003 272000
1695309521829 -1.017 276000
1695309538401 -1.004 280000
1695309554835 -1.001 284000
1695309571742 0.739 288000
1695309588323 -1.002 292000
1695309604935 -1.0 296000
1695309621195 -1.007 300000
1695309637616 -1.001 304000
1695309653967 -1.0 308000
1695309670427 -1.009 312000
1695309686907 -1.001 316000
1695309703511 -1.007 320000
1695309720117 -0.503 324000
1695309736768 -1.0 328000
1695309753482 -1.002 332000
1695309770651 -1.004 336000
1695309788440 -0.501 340000
1695309806291 -1.001 344000
1695309823935 -1.001 348000
1695309841532 -1.0 352000
1695309859449 -1.0 356000
1695309877047 -1.0 360000
1695309895243 -1.0 364000
1695309912913 -0.503 368000
1695309930519 -0.502 372000
1695309948107 -1.001 376000
1695309965676 -1.001 380000
1695309983357 -1.001 384000
1695310001822 -1.002 388000
1695310019156 -1.0 392000
1695310037257 -1.002 396000
1695310058507 -0.501 400000
1695310080103 -0.503 404000
1695310099839 -1.004 408000
1695310120032 -0.5 412000
1695310136658 -1.0 416000
1695310153359 -0.505 420000
1695310170858 -1.0 424000
1695310189108 -0.5 428000
1695310207448 -1.001 432000
1695310225702 -1.0 436000
1695310244124 -0.505 440000
1695310262439 -1.0 444000
1695310280708 -1.0 448000
1695310299200 -1.001 452000
1695310318044 -1.002 456000
1695310336773 -0.5 460000
1695310355274 -1.001 464000
1695310373939 -1.0 468000
1695310392690 -0.502 472000
1695310411173 -1.0 476000
1695310429601 -1.0 480000
1695310448006 -1.002 484000
1695310466448 -1.0 488000
1695310485091 -1.0 492000
1695310503568 -0.501 496000
1695310521982 -0.5 500000
1695310540692 -0.502 504000
1695310559037 -1.002 508000
1695310577722 -0.5 512000
1695310596067 -0.502 516000
1695310614665 -0.502 520000
1695310633229 -0.502 524000
1695310651714 -1.004 528000
1695310670067 -0.502 532000
1695310688424 -1.0 536000
1695310706928 -1.004 540000
1695310725460 -1.0 544000
1695310744066 -1.001 548000
1695310762467 -0.501 552000
1695310780992 -1.001 556000
1695310799236 -1.0 560000
1695310818190 -1.0 564000
1695310836128 -1.0 568000
1695310852921 -1.0 572000
1695310869717 -1.0 576000
1695310886319 -0.502 580000
1695310903023 -1.0 584000
1695310919929 -1.003 588000
1695310937719 -1.001 592000
1695310956108 -0.5 596000
1695310974827 -0.5 600000
1695310993501 -1.003 604000
1695311012335 -0.5 608000
1695311030829 -0.5 612000
1695311049167 -0.5 616000
1695311068415 -1.0 620000
1695311087393 -0.502 624000
1695311106046 -0.507 628000
1695311124481 -1.002 632000
1695311143152 -1.001 636000
1695311161527 -0.501 640000
1695311180117 -1.001 644000
1695311198602 -1.0 648000
1695311217016 -0.5 652000
1695311235325 -1.001 656000
1695311253726 -0.501 660000
1695311272649 -1.001 664000
1695311293321 -1.0 668000
1695311312868 -1.001 672000
1695311332591 -0.501 676000
1695311352114 -1.006 680000
1695311371370 -1.001 684000
1695311391077 -1.0 688000
1695311410786 -0.501 692000
1695311430523 -1.001 696000
1695311449867 -1.0 700000
1695311469586 -1.0 704000
1695311489001 -1.0 708000
1695311507758 -1.003 712000
1695311525295 -0.501 716000
1695311545197 -0.501 720000
1695311563439 -1.001 724000
1695311580664 -0.501 728000
1695311597913 -1.0 732000
1695311614948 -0.503 736000
1695311633150 -0.5 740000
1695311651512 -0.5 744000
1695311670664 -1.0 748000
1695311688299 -0.5 752000
1695311705528 -1.0 756000
1695311723941 -0.5 760000
1695311742191 -0.505 764000
1695311760348 -1.0 768000
1695311778444 -1.001 772000
1695311796508 -1.0 776000
1695311814079 -1.003 780000
1695311831624 -1.0 784000
