1695308366416 0.001 4000
1695308382002 0.001 8000
1695308398706 0.001 12000
1695308415515 0.001 16000
1695308433140 0.001 20000
1695308450656 0.001 24000
1695308467273 0.001 28000
1695308484599 0.001 32000
1695308501554 0.001 36000
1695308517846 0.001 40000
1695308534373 0.001 44000
1695308550436 0.001 48000
1695308566581 0.001 52000
1695308582695 0.001 56000
1695308598973 0.001 60000
1695308614922 0.001 64000
1695308630982 0.001 68000
1695308646886 0.001 72000
1695308663048 0.001 76000
1695308679332 0.001 80000
1695308696676 0.001 84000
1695308714102 0.001 88000
1695308731386 0.001 92000
1695308748453 0.001 96000
1695308765567 0.001 100000
1695308782811 0.001 104000
1695308799798 0.001 108000
1695308816755 0.001 112000
1695308833832 0.001 116000
1695308850840 0.001 120000
1695308868069 0.001 124000
1695308885403 0.001 128000
1695308902954 0.001 132000
1695308920263 0.001 136000
1695308937695 0.001 140000
1695308955648 0.001 144000
1695308973254 0.001 148000
1695308991037 0.001 152000
1695309008090 0.001 156000
1695309025043 0.001 160000
1695309041910 0.001 164000
1695309058983 0.001 168000
1695309076383 0.001 172000
1695309093140 0.001 176000
1695309109830 0.001 180000
1695309126136 0.001 184000
1695309143075 0.001 188000
1695309161630 0.001 192000
1695309179134 0.001 196000
1695309196892 0.001 200000
1695309214146 0.001 204000
1695309232097 0.001 208000
1695309248811 0.001 212000
1695309265909 0.001 216000
1695309283812 0.001 220000
1695309301835 0.001 224000
1695309319364 0.001 228000
1695309336462 0.001 232000
1695309353453 0.001 236000
1695309370996 0.001 240000
1695309387778 0.001 244000
1695309404579 0.001 248000
1695309421001 0.001 252000
1695309437252 0.001 256000
1695309453757 0.001 260000
1695309471020 0.001 264000
1695309487928 0.001 268000
1695309504542 0.001 272000
1695309521850 0.001 276000
1695309538426 0.001 280000
1695309554856 0.001 284000
1695309571763 0.001 288000
1695309588345 0.001 292000
1695309604956 0.001 296000
1695309621216 0.001 300000
1695309637637 0.001 304000
1695309653988 0.001 308000
1695309670448 0.001 312000
1695309686928 0.001 316000
1695309703532 0.001 320000
1695309720138 0.001 324000
1695309736789 0.001 328000
1695309753503 0.001 332000
1695309770672 0.001 336000
1695309788461 0.001 340000
1695309806312 0.001 344000
1695309823956 0.001 348000
1695309841553 0.001 352000
1695309859470 0.001 356000
1695309877068 0.001 360000
1695309895264 0.001 364000
1695309912934 0.001 368000
1695309930539 0.001 372000
1695309948128 0.001 376000
1695309965698 0.001 380000
1695309983377 0.001 384000
1695310001842 0.001 388000
1695310019177 0.001 392000
1695310037278 0.001 396000
1695310058532 0.001 400000
1695310080130 0.001 404000
1695310099862 0.001 408000
1695310120053 0.001 412000
1695310136678 0.001 416000
1695310153382 0.001 420000
1695310170879 0.001 424000
1695310189131 0.001 428000
1695310207469 0.001 432000
1695310225725 0.001 436000
1695310244146 0.001 440000
1695310262461 0.001 444000
1695310280732 0.001 448000
1695310299222 0.001 452000
1695310318065 0.001 456000
1695310336794 0.001 460000
1695310355296 0.001 464000
1695310373961 0.001 468000
1695310392712 0.001 472000
1695310411195 0.001 476000
1695310429622 0.001 480000
1695310448028 0.001 484000
1695310466469 0.001 488000
1695310485115 0.001 492000
1695310503591 0.001 496000
1695310522004 0.001 500000
1695310540713 0.001 504000
1695310559059 0.001 508000
1695310577743 0.001 512000
1695310596089 0.001 516000
1695310614686 0.001 520000
1695310633251 0.001 524000
1695310651736 0.001 528000
1695310670088 0.001 532000
1695310688445 0.001 536000
1695310706950 0.001 540000
1695310725481 0.001 544000
1695310744088 0.001 548000
1695310762489 0.001 552000
1695310781014 0.001 556000
1695310799257 0.001 560000
1695310818212 0.001 564000
1695310836149 0.001 568000
1695310852942 0.001 572000
1695310869738 0.001 576000
1695310886341 0.001 580000
1695310903044 0.001 584000
1695310919950 0.001 588000
1695310937741 0.001 592000
1695310956130 0.001 596000
1695310974848 0.001 600000
1695310993523 0.001 604000
1695311012357 0.001 608000
1695311030851 0.001 612000
1695311049189 0.001 616000
1695311068436 0.001 620000
1695311087415 0.001 624000
1695311106069 0.001 628000
1695311124502 0.001 632000
1695311143174 0.001 636000
1695311161548 0.001 640000
1695311180140 0.001 644000
1695311198624 0.001 648000
1695311217038 0.001 652000
1695311235346 0.001 656000
1695311253748 0.001 660000
1695311272671 0.001 664000
1695311293343 0.001 668000
1695311312891 0.001 672000
1695311332612 0.001 676000
1695311352135 0.001 680000
1695311371392 0.001 684000
1695311391099 0.001 688000
1695311410808 0.001 692000
1695311430545 0.001 696000
1695311449890 0.001 700000
1695311469608 0.001 704000
1695311489022 0.001 708000
1695311507780 0.001 712000
1695311525318 0.001 716000
1695311545218 0.001 720000
1695311563460 0.001 724000
1695311580685 0.001 728000
1695311597936 0.001 732000
1695311614969 0.001 736000
1695311633171 0.001 740000
1695311651533 0.001 744000
1695311670685 0.001 748000
1695311688320 0.001 752000
1695311705549 0.001 756000
1695311723962 0.001 760000
1695311742215 0.001 764000
1695311760369 0.001 768000
1695311778466 0.001 772000
1695311796529 0.001 776000
1695311814100 0.001 780000
1695311831644 0.001 784000
