1695308366416 0.5 4000
1695308382002 0.5 8000
1695308398706 0.5 12000
1695308415515 0.5 16000
1695308433140 0.5 20000
1695308450655 0.5 24000
1695308467272 0.5 28000
1695308484599 0.5 32000
1695308501553 0.5 36000
1695308517846 0.5 40000
1695308534373 0.5 44000
1695308550435 0.5 48000
1695308566580 0.5 52000
1695308582694 0.5 56000
1695308598972 0.5 60000
1695308614922 0.5 64000
1695308630982 0.5 68000
1695308646886 0.5 72000
1695308663047 0.5 76000
1695308679332 0.5 80000
1695308696675 0.5 84000
1695308714102 0.5 88000
1695308731386 0.5 92000
1695308748452 0.5 96000
1695308765567 0.5 100000
1695308782810 0.5 104000
1695308799798 0.5 108000
1695308816755 0.5 112000
1695308833832 0.5 116000
1695308850839 0.5 120000
1695308868068 0.5 124000
1695308885402 0.5 128000
1695308902954 0.5 132000
1695308920263 0.5 136000
1695308937694 0.5 140000
1695308955648 0.5 144000
1695308973253 0.5 148000
1695308991036 0.5 152000
1695309008090 0.5 156000
1695309025043 0.5 160000
1695309041909 0.5 164000
1695309058983 0.5 168000
1695309076382 0.5 172000
1695309093140 0.5 176000
1695309109829 0.5 180000
1695309126135 0.5 184000
1695309143075 0.5 188000
1695309161629 0.5 192000
1695309179134 0.5 196000
1695309196891 0.5 200000
1695309214146 0.5 204000
1695309232096 0.5 208000
1695309248811 0.5 212000
1695309265909 0.5 216000
1695309283812 0.5 220000
1695309301835 0.5 224000
1695309319364 0.5 228000
1695309336462 0.5 232000
1695309353452 0.5 236000
1695309370996 0.5 240000
1695309387778 0.5 244000
1695309404578 0.5 248000
1695309421001 0.5 252000
1695309437251 0.5 256000
1695309453756 0.5 260000
1695309471020 0.5 264000
1695309487927 0.5 268000
1695309504541 0.5 272000
1695309521849 0.5 276000
1695309538426 0.5 280000
1695309554855 0.5 284000
1695309571763 0.5 288000
1695309588345 0.5 292000
1695309604956 0.5 296000
1695309621215 0.5 300000
1695309637637 0.5 304000
1695309653988 0.5 308000
1695309670448 0.5 312000
1695309686928 0.5 316000
1695309703531 0.5 320000
1695309720138 0.5 324000
1695309736788 0.5 328000
1695309753503 0.5 332000
1695309770672 0.5 336000
1695309788461 0.5 340000
1695309806311 0.5 344000
1695309823955 0.5 348000
1695309841553 0.5 352000
1695309859469 0.5 356000
1695309877068 0.5 360000
1695309895264 0.5 364000
1695309912934 0.5 368000
1695309930539 0.5 372000
1695309948128 0.5 376000
1695309965698 0.5 380000
1695309983377 0.5 384000
1695310001842 0.5 388000
1695310019177 0.5 392000
1695310037277 0.5 396000
1695310058532 0.5 400000
1695310080130 0.5 404000
1695310099861 0.5 408000
1695310120052 0.5 412000
1695310136677 0.5 416000
1695310153382 0.5 420000
1695310170878 0.5 424000
1695310189130 0.5 428000
1695310207469 0.5 432000
1695310225725 0.5 436000
1695310244145 0.5 440000
1695310262461 0.5 444000
1695310280731 0.5 448000
1695310299222 0.5 452000
1695310318065 0.5 456000
1695310336793 0.5 460000
1695310355296 0.5 464000
1695310373960 0.5 468000
1695310392712 0.5 472000
1695310411194 0.5 476000
1695310429621 0.5 480000
1695310448027 0.5 484000
1695310466468 0.5 488000
1695310485114 0.5 492000
1695310503591 0.5 496000
1695310522004 0.5 500000
1695310540713 0.5 504000
1695310559058 0.5 508000
1695310577743 0.5 512000
1695310596088 0.5 516000
1695310614686 0.5 520000
1695310633251 0.5 524000
1695310651736 0.5 528000
1695310670087 0.5 532000
1695310688445 0.5 536000
1695310706950 0.5 540000
1695310725481 0.5 544000
1695310744088 0.5 548000
1695310762489 0.5 552000
1695310781014 0.5 556000
1695310799257 0.5 560000
1695310818211 0.5 564000
1695310836149 0.5 568000
1695310852942 0.5 572000
1695310869738 0.5 576000
1695310886340 0.5 580000
1695310903044 0.5 584000
1695310919950 0.5 588000
1695310937740 0.5 592000
1695310956129 0.5 596000
1695310974848 0.5 600000
1695310993523 0.5 604000
1695311012357 0.5 608000
1695311030851 0.5 612000
1695311049188 0.5 616000
1695311068436 0.5 620000
1695311087414 0.5 624000
1695311106069 0.5 628000
1695311124502 0.5 632000
1695311143174 0.5 636000
1695311161548 0.5 640000
1695311180139 0.5 644000
1695311198623 0.5 648000
1695311217038 0.5 652000
1695311235346 0.5 656000
1695311253748 0.5 660000
1695311272670 0.5 664000
1695311293343 0.5 668000
1695311312891 0.5 672000
1695311332612 0.5 676000
1695311352135 0.5 680000
1695311371392 0.5 684000
1695311391098 0.5 688000
1695311410807 0.5 692000
1695311430544 0.5 696000
1695311449889 0.5 700000
1695311469608 0.5 704000
1695311489022 0.5 708000
1695311507779 0.5 712000
1695311525317 0.5 716000
1695311545218 0.5 720000
1695311563459 0.5 724000
1695311580685 0.5 728000
1695311597936 0.5 732000
1695311614969 0.5 736000
1695311633171 0.5 740000
1695311651532 0.5 744000
1695311670685 0.5 748000
1695311688320 0.5 752000
1695311705549 0.5 756000
1695311723962 0.5 760000
1695311742214 0.5 764000
1695311760369 0.5 768000
1695311778466 0.5 772000
1695311796529 0.5 776000
1695311814099 0.5 780000
1695311831644 0.5 784000
