1695308366370 -1.053 4000
1695308381956 -1.053 8000
1695308398658 -1.053 12000
1695308415467 -1.053 16000
1695308433095 -1.053 20000
1695308450605 -1.049 24000
1695308467225 -1.049 28000
1695308484555 -1.049 32000
1695308501506 -1.049 36000
1695308517801 -1.049 40000
1695308534329 -1.046 44000
1695308550392 -1.046 48000
1695308566535 -1.04 52000
1695308582650 -1.04 56000
1695308598928 -1.043 60000
1695308614878 -1.043 64000
1695308630938 -1.043 68000
1695308646841 -1.042 72000
1695308663003 -1.047 76000
1695308679287 -1.047 80000
1695308696632 -1.047 84000
1695308714058 -1.041 88000
1695308731342 -1.046 92000
1695308748406 -1.046 96000
1695308765522 -1.046 100000
1695308782768 -1.041 104000
1695308799751 -1.041 108000
1695308816713 -1.043 112000
1695308833788 -1.043 116000
1695308850797 -1.036 120000
1695308868025 -1.044 124000
1695308885359 -1.032 128000
1695308902909 -1.031 132000
1695308920218 -1.027 136000
1695308937650 -1.037 140000
1695308955602 -1.028 144000
1695308973209 -1.037 148000
1695308990990 -1.035 152000
1695309008046 -1.044 156000
1695309024998 -1.021 160000
1695309041864 -1.022 164000
1695309058935 -1.024 168000
1695309076338 -1.026 172000
1695309093097 -1.019 176000
1695309109783 -1.055 180000
1695309126090 -1.027 184000
1695309143031 -1.044 188000
1695309161580 -1.031 192000
1695309179089 -1.022 196000
1695309196846 -1.038 200000
1695309214099 -1.019 204000
1695309232051 -1.016 208000
1695309248763 -1.02 212000
1695309265865 -1.031 216000
1695309283764 -1.026 220000
1695309301782 -1.034 224000
1695309319319 -1.02 228000
1695309336418 -1.019 232000
1695309353406 -1.037 236000
1695309370951 -1.025 240000
1695309387732 -1.013 244000
1695309404535 -1.015 248000
1695309420955 -1.011 252000
1695309437207 -1.018 256000
1695309453711 -1.011 260000
1695309470974 -1.019 264000
1695309487881 -1.014 268000
1695309504498 -1.036 272000
1695309521804 -1.013 276000
1695309538375 -1.017 280000
1695309554811 -1.01 284000
1695309571718 -1.024 288000
1695309588297 -1.009 292000
1695309604912 -1.018 296000
1695309621170 -1.012 300000
1695309637592 -1.01 304000
1695309653943 -1.018 308000
1695309670404 -1.007 312000
1695309686883 -1.011 316000
1695309703487 -1.011 320000
1695309720093 -1.012 324000
1695309736744 -1.024 328000
1695309753459 -1.0099999999999998 332000
1695309770627 -1.027 336000
1695309788417 -1.014 340000
1695309806267 -1.009 344000
1695309823911 -1.0099999999999998 348000
1695309841508 -1.014 352000
1695309859426 -1.011 356000
1695309877024 -1.014 360000
1695309895219 -1.008 364000
1695309912889 -1.015 368000
1695309930495 -1.0139999999999998 372000
1695309948083 -1.0119999999999998 376000
1695309965652 -1.043 380000
1695309983334 -1.0219999999999998 384000
1695310001798 -1.016 388000
1695310019132 -1.034 392000
1695310037234 -1.031 396000
1695310058479 -1.017 400000
1695310080075 -1.008 404000
1695310099814 -1.01 408000
1695310120007 -1.0139999999999998 412000
1695310136634 -1.01 416000
1695310153334 -1.0099999999999998 420000
1695310170834 -1.013 424000
1695310189082 -1.009 428000
1695310207424 -1.009 432000
1695310225676 -1.007 436000
1695310244100 -1.011 440000
1695310262413 -1.011 444000
1695310280680 -1.017 448000
1695310299174 -1.01 452000
1695310318020 -1.0119999999999998 456000
1695310336748 -1.022 460000
1695310355250 -1.008 464000
1695310373915 -1.009 468000
1695310392665 -1.03 472000
1695310411149 -1.01 476000
1695310429577 -1.01 480000
1695310447981 -1.013 484000
1695310466424 -1.009 488000
1695310485063 -1.007 492000
1695310503545 -1.008 496000
1695310521956 -1.016 500000
1695310540668 -1.0139999999999998 504000
1695310559010 -1.011 508000
1695310577698 -1.031 512000
1695310596041 -1.011 516000
1695310614641 -1.01 520000
1695310633203 -1.013 524000
1695310651689 -1.032 528000
1695310670042 -1.022 532000
1695310688398 -1.0119999999999998 536000
1695310706901 -1.011 540000
1695310725436 -1.008 544000
1695310744040 -1.014 548000
1695310762436 -1.016 552000
1695310780966 -1.028 556000
1695310799212 -1.023 560000
1695310818166 -1.016 564000
1695310836104 -1.01 568000
1695310852897 -1.009 572000
1695310869693 -1.0119999999999998 576000
1695310886294 -1.008 580000
1695310903000 -1.0119999999999998 584000
1695310919906 -1.007 588000
1695310937695 -1.012 592000
1695310956083 -1.006 596000
1695310974803 -1.0259999999999998 600000
1695310993475 -1.0099999999999998 604000
1695311012310 -1.0119999999999998 608000
1695311030803 -1.007 612000
1695311049143 -1.015 616000
1695311068391 -1.022 620000
1695311087367 -1.006 624000
1695311106020 -1.006 628000
1695311124456 -1.0139999999999998 632000
1695311143126 -1.008 636000
1695311161501 -1.028 640000
1695311180091 -1.022 644000
1695311198578 -1.0059999999999998 648000
1695311216990 -1.007 652000
1695311235301 -1.023 656000
1695311253699 -1.011 660000
1695311272624 -1.007 664000
1695311293294 -1.005 668000
1695311312842 -1.009 672000
1695311332567 -1.009 676000
1695311352090 -1.016 680000
1695311371344 -1.009 684000
1695311391053 -1.009 688000
1695311410761 -1.008 692000
1695311430498 -1.022 696000
1695311449841 -1.025 700000
1695311469561 -1.006 704000
1695311488976 -1.007 708000
1695311507733 -1.017 712000
1695311525271 -1.009 716000
1695311545173 -1.007 720000
1695311563414 -1.01 724000
1695311580640 -1.008 728000
1695311597887 -1.008 732000
1695311614925 -1.0239999999999998 736000
1695311633126 -1.006 740000
1695311651488 -1.029 744000
1695311670641 -1.005 748000
1695311688276 -1.008 752000
1695311705504 -1.007 756000
1695311723917 -1.028 760000
1695311742163 -1.006 764000
1695311760323 -1.007 768000
1695311778420 -1.012 772000
1695311796483 -1.011 776000
1695311814055 -1.007 780000
1695311831600 -1.012 784000
