1695308366369 -1.016 4000
1695308381956 -1.049 8000
1695308398657 -1.049 12000
1695308415466 -1.049 16000
1695308433095 -1.049 20000
1695308450605 -1.049 24000
1695308467225 -1.047 28000
1695308484554 -1.047 32000
1695308501506 -1.038 36000
1695308517801 -1.054 40000
1695308534329 -1.054 44000
1695308550392 -1.054 48000
1695308566535 -1.054 52000
1695308582649 -1.02 56000
1695308598928 -1.046 60000
1695308614878 -1.046 64000
1695308630938 -1.046 68000
1695308646841 -1.046 72000
1695308663003 -1.013 76000
1695308679287 -1.02 80000
1695308696632 -1.02 84000
1695308714058 -1.031 88000
1695308731342 -1.031 92000
1695308748406 -1.031 96000
1695308765522 -1.015 100000
1695308782767 -1.015 104000
1695308799751 -1.011 108000
1695308816712 -1.009 112000
1695308833788 -1.029 116000
1695308850796 -1.029 120000
1695308868025 -1.001 124000
1695308885359 -1.012 128000
1695308902909 -1.008 132000
1695308920218 -1.003 136000
1695308937650 -1.006 140000
1695308955601 -1.006 144000
1695308973209 -1.003 148000
1695308990990 -1.014 152000
1695309008046 -1.077 156000
1695309024998 -1.034 160000
1695309041864 -1.002 164000
1695309058934 -1.012 168000
1695309076338 -1.009 172000
1695309093096 -1.003 176000
1695309109783 -1.003 180000
1695309126090 -1.021 184000
1695309143031 -1.007 188000
1695309161580 -1.043 192000
1695309179089 -1.002 196000
1695309196846 -1.011 200000
1695309214099 -1.007 204000
1695309232050 -1.009 208000
1695309248762 -1.011 212000
1695309265864 -1.014 216000
1695309283764 -1.007 220000
1695309301782 -1.018 224000
1695309319318 -1.0 228000
1695309336418 -1.012 232000
1695309353406 -1.006 236000
1695309370951 -1.006 240000
1695309387732 -1.002 244000
1695309404534 -1.007 248000
1695309420955 -1.006 252000
1695309437207 -1.014 256000
1695309453711 -1.004 260000
1695309470974 -1.003 264000
1695309487881 -1.002 268000
1695309504497 -1.003 272000
1695309521804 -1.017 276000
1695309538375 -1.004 280000
1695309554811 -1.001 284000
1695309571717 0.739 288000
1695309588297 -1.002 292000
1695309604912 -1.0 296000
1695309621170 -1.007 300000
1695309637592 -1.001 304000
1695309653943 -1.0 308000
1695309670404 -1.009 312000
1695309686883 -1.001 316000
1695309703487 -1.007 320000
1695309720093 -0.503 324000
1695309736743 -1.0 328000
1695309753459 -1.002 332000
1695309770627 -1.004 336000
1695309788417 -0.501 340000
1695309806266 -1.001 344000
1695309823911 -1.001 348000
1695309841508 -1.0 352000
1695309859426 -1.0 356000
1695309877023 -1.0 360000
1695309895219 -1.0 364000
1695309912889 -0.503 368000
1695309930495 -0.502 372000
1695309948083 -1.001 376000
1695309965652 -1.001 380000
1695309983333 -1.001 384000
1695310001798 -1.002 388000
1695310019132 -1.0 392000
1695310037234 -1.002 396000
1695310058478 -0.501 400000
1695310080075 -0.503 404000
1695310099813 -1.004 408000
1695310120007 -0.5 412000
1695310136634 -1.0 416000
1695310153334 -0.505 420000
1695310170833 -1.0 424000
1695310189082 -0.5 428000
1695310207424 -1.001 432000
1695310225676 -1.0 436000
1695310244099 -0.505 440000
1695310262413 -1.0 444000
1695310280680 -1.0 448000
1695310299173 -1.001 452000
1695310318020 -1.002 456000
1695310336748 -0.5 460000
1695310355250 -1.001 464000
1695310373915 -1.0 468000
1695310392665 -0.502 472000
1695310411149 -1.0 476000
1695310429577 -1.0 480000
1695310447981 -1.002 484000
1695310466423 -1.0 488000
1695310485063 -1.0 492000
1695310503544 -0.501 496000
1695310521955 -0.5 500000
1695310540667 -0.502 504000
1695310559010 -1.002 508000
1695310577698 -0.5 512000
1695310596040 -0.502 516000
1695310614641 -0.502 520000
1695310633203 -0.502 524000
1695310651689 -1.004 528000
1695310670042 -0.502 532000
1695310688398 -1.0 536000
1695310706901 -1.004 540000
1695310725435 -1.0 544000
1695310744040 -1.001 548000
1695310762435 -0.501 552000
1695310780966 -1.001 556000
1695310799212 -1.0 560000
1695310818165 -1.0 564000
1695310836104 -1.0 568000
1695310852897 -1.0 572000
1695310869693 -1.0 576000
1695310886294 -0.502 580000
1695310903000 -1.0 584000
1695310919906 -1.003 588000
1695310937695 -1.001 592000
1695310956082 -0.5 596000
1695310974803 -0.5 600000
1695310993474 -1.003 604000
1695311012310 -0.5 608000
1695311030802 -0.5 612000
1695311049143 -0.5 616000
1695311068390 -1.0 620000
1695311087367 -0.502 624000
1695311106020 -0.507 628000
1695311124455 -1.002 632000
1695311143126 -1.001 636000
1695311161501 -0.501 640000
1695311180090 -1.001 644000
1695311198578 -1.0 648000
1695311216990 -0.5 652000
1695311235300 -1.001 656000
1695311253698 -0.501 660000
1695311272624 -1.001 664000
1695311293294 -1.0 668000
1695311312841 -1.001 672000
1695311332566 -0.501 676000
1695311352090 -1.006 680000
1695311371344 -1.001 684000
1695311391052 -1.0 688000
1695311410761 -0.501 692000
1695311430498 -1.001 696000
1695311449841 -1.0 700000
1695311469560 -1.0 704000
1695311488976 -1.0 708000
1695311507733 -1.003 712000
1695311525271 -0.501 716000
1695311545173 -0.501 720000
1695311563414 -1.001 724000
1695311580640 -0.501 728000
1695311597886 -1.0 732000
1695311614924 -0.503 736000
1695311633126 -0.5 740000
1695311651488 -0.5 744000
1695311670640 -1.0 748000
1695311688275 -0.5 752000
1695311705504 -1.0 756000
1695311723916 -0.5 760000
1695311742163 -0.505 764000
1695311760323 -1.0 768000
1695311778419 -1.001 772000
1695311796483 -1.0 776000
1695311814055 -1.003 780000
1695311831599 -1.0 784000
