1695308366418 0.9 4000
1695308382004 0.9 8000
1695308398708 0.9 12000
1695308415517 0.9 16000
1695308433142 0.9 20000
1695308450657 0.9 24000
1695308467274 0.9 28000
1695308484601 0.9 32000
1695308501556 0.9 36000
1695308517848 0.9 40000
1695308534375 0.9 44000
1695308550438 0.9 48000
1695308566582 0.9 52000
1695308582696 0.9 56000
1695308598974 0.9 60000
1695308614924 0.9 64000
1695308630984 0.9 68000
1695308646888 0.9 72000
1695308663049 0.9 76000
1695308679334 0.9 80000
1695308696677 0.9 84000
1695308714104 0.9 88000
1695308731388 0.9 92000
1695308748454 0.9 96000
1695308765569 0.9 100000
1695308782812 0.9 104000
1695308799800 0.9 108000
1695308816757 0.9 112000
1695308833834 0.9 116000
1695308850841 0.9 120000
1695308868070 0.9 124000
1695308885404 0.9 128000
1695308902956 0.9 132000
1695308920264 0.9 136000
1695308937697 0.9 140000
1695308955650 0.9 144000
1695308973255 0.9 148000
1695308991038 0.9 152000
1695309008092 0.9 156000
1695309025045 0.9 160000
1695309041911 0.9 164000
1695309058985 0.9 168000
1695309076384 0.9 172000
1695309093141 0.9 176000
1695309109831 0.9 180000
1695309126137 0.9 184000
1695309143077 0.9 188000
1695309161631 0.9 192000
1695309179136 0.9 196000
1695309196893 0.9 200000
1695309214148 0.9 204000
1695309232098 0.9 208000
1695309248813 0.9 212000
1695309265911 0.9 216000
1695309283814 0.9 220000
1695309301837 0.9 224000
1695309319366 0.9 228000
1695309336464 0.9 232000
1695309353455 0.9 236000
1695309370998 0.9 240000
1695309387780 0.9 244000
1695309404580 0.9 248000
1695309421003 0.9 252000
1695309437253 0.9 256000
1695309453758 0.9 260000
1695309471022 0.9 264000
1695309487929 0.9 268000
1695309504543 0.9 272000
1695309521851 0.9 276000
1695309538428 0.9 280000
1695309554857 0.9 284000
1695309571765 0.9 288000
1695309588347 0.9 292000
1695309604958 0.9 296000
1695309621217 0.9 300000
1695309637638 0.9 304000
1695309653990 0.9 308000
1695309670450 0.9 312000
1695309686930 0.9 316000
1695309703533 0.9 320000
1695309720140 0.9 324000
1695309736790 0.9 328000
1695309753505 0.9 332000
1695309770674 0.9 336000
1695309788463 0.9 340000
1695309806313 0.9 344000
1695309823957 0.9 348000
1695309841555 0.9 352000
1695309859471 0.9 356000
1695309877070 0.9 360000
1695309895266 0.9 364000
1695309912936 0.9 368000
1695309930541 0.9 372000
1695309948130 0.9 376000
1695309965700 0.9 380000
1695309983378 0.9 384000
1695310001844 0.9 388000
1695310019179 0.9 392000
1695310037279 0.9 396000
1695310058534 0.9 400000
1695310080132 0.9 404000
1695310099864 0.9 408000
1695310120054 0.9 412000
1695310136679 0.9 416000
1695310153384 0.9 420000
1695310170880 0.9 424000
1695310189132 0.9 428000
1695310207471 0.9 432000
1695310225727 0.9 436000
1695310244147 0.9 440000
1695310262463 0.9 444000
1695310280734 0.9 448000
1695310299224 0.9 452000
1695310318067 0.9 456000
1695310336796 0.9 460000
1695310355298 0.9 464000
1695310373962 0.9 468000
1695310392714 0.9 472000
1695310411196 0.9 476000
1695310429623 0.9 480000
1695310448029 0.9 484000
1695310466470 0.9 488000
1695310485117 0.9 492000
1695310503593 0.9 496000
1695310522006 0.9 500000
1695310540715 0.9 504000
1695310559060 0.9 508000
1695310577745 0.9 512000
1695310596090 0.9 516000
1695310614688 0.9 520000
1695310633253 0.9 524000
1695310651738 0.9 528000
1695310670089 0.9 532000
1695310688447 0.9 536000
1695310706952 0.9 540000
1695310725483 0.9 544000
1695310744090 0.9 548000
1695310762491 0.9 552000
1695310781016 0.9 556000
1695310799259 0.9 560000
1695310818213 0.9 564000
1695310836151 0.9 568000
1695310852944 0.9 572000
1695310869740 0.9 576000
1695310886342 0.9 580000
1695310903046 0.9 584000
1695310919952 0.9 588000
1695310937742 0.9 592000
1695310956131 0.9 596000
1695310974849 0.9 600000
1695310993525 0.9 604000
1695311012359 0.9 608000
1695311030853 0.9 612000
1695311049190 0.9 616000
1695311068438 0.9 620000
1695311087416 0.9 624000
1695311106071 0.9 628000
1695311124504 0.9 632000
1695311143176 0.9 636000
1695311161550 0.9 640000
1695311180142 0.9 644000
1695311198626 0.9 648000
1695311217040 0.9 652000
1695311235348 0.9 656000
1695311253750 0.9 660000
1695311272672 0.9 664000
1695311293345 0.9 668000
1695311312893 0.9 672000
1695311332614 0.9 676000
1695311352137 0.9 680000
1695311371394 0.9 684000
1695311391100 0.9 688000
1695311410809 0.9 692000
1695311430547 0.9 696000
1695311449891 0.9 700000
1695311469610 0.9 704000
1695311489024 0.9 708000
1695311507781 0.9 712000
1695311525319 0.9 716000
1695311545220 0.9 720000
1695311563461 0.9 724000
1695311580687 0.9 728000
1695311597938 0.9 732000
1695311614971 0.9 736000
1695311633173 0.9 740000
1695311651534 0.9 744000
1695311670687 0.9 748000
1695311688322 0.9 752000
1695311705551 0.9 756000
1695311723964 0.9 760000
1695311742216 0.9 764000
1695311760371 0.9 768000
1695311778468 0.9 772000
1695311796531 0.9 776000
1695311814101 0.9 780000
1695311831646 0.9 784000
