1695308366367 4000.0 4000
1695308381954 8000.0 8000
1695308398655 12000.0 12000
1695308415464 16000.0 16000
1695308433093 20000.0 20000
1695308450603 24000.0 24000
1695308467223 28000.0 28000
1695308484553 32000.0 32000
1695308501504 36000.0 36000
1695308517799 40000.0 40000
1695308534327 44000.0 44000
1695308550389 48000.0 48000
1695308566533 52000.0 52000
1695308582647 56000.0 56000
1695308598926 60000.0 60000
1695308614876 64000.0 64000
1695308630936 68000.0 68000
1695308646839 72000.0 72000
1695308663001 76000.0 76000
1695308679285 80000.0 80000
1695308696630 84000.0 84000
1695308714056 88000.0 88000
1695308731340 92000.0 92000
1695308748404 96000.0 96000
1695308765520 100000.0 100000
1695308782766 104000.0 104000
1695308799749 108000.0 108000
1695308816711 112000.0 112000
1695308833786 116000.0 116000
1695308850794 120000.0 120000
1695308868023 124000.0 124000
1695308885357 128000.0 128000
1695308902907 132000.0 132000
1695308920216 136000.0 136000
1695308937648 140000.0 140000
1695308955599 144000.0 144000
1695308973207 148000.0 148000
1695308990988 152000.0 152000
1695309008044 156000.0 156000
1695309024996 160000.0 160000
1695309041862 164000.0 164000
1695309058932 168000.0 168000
1695309076336 172000.0 172000
1695309093094 176000.0 176000
1695309109781 180000.0 180000
1695309126088 184000.0 184000
1695309143029 188000.0 188000
1695309161578 192000.0 192000
1695309179087 196000.0 196000
1695309196844 200000.0 200000
1695309214097 204000.0 204000
1695309232049 208000.0 208000
1695309248760 212000.0 212000
1695309265863 216000.0 216000
1695309283761 220000.0 220000
1695309301779 224000.0 224000
1695309319316 228000.0 228000
1695309336416 232000.0 232000
1695309353403 236000.0 236000
1695309370949 240000.0 240000
1695309387730 244000.0 244000
1695309404532 248000.0 248000
1695309420953 252000.0 252000
1695309437205 256000.0 256000
1695309453709 260000.0 260000
1695309470972 264000.0 264000
1695309487879 268000.0 268000
1695309504495 272000.0 272000
1695309521802 276000.0 276000
1695309538373 280000.0 280000
1695309554809 284000.0 284000
1695309571715 288000.0 288000
1695309588295 292000.0 292000
1695309604910 296000.0 296000
1695309621168 300000.0 300000
1695309637590 304000.0 304000
1695309653941 308000.0 308000
1695309670402 312000.0 312000
1695309686881 316000.0 316000
1695309703485 320000.0 320000
1695309720091 324000.0 324000
1695309736741 328000.0 328000
1695309753457 332000.0 332000
1695309770625 336000.0 336000
1695309788415 340000.0 340000
1695309806265 344000.0 344000
1695309823909 348000.0 348000
1695309841506 352000.0 352000
1695309859424 356000.0 356000
1695309877022 360000.0 360000
1695309895217 364000.0 364000
1695309912887 368000.0 368000
1695309930493 372000.0 372000
1695309948081 376000.0 376000
1695309965650 380000.0 380000
1695309983332 384000.0 384000
1695310001796 388000.0 388000
1695310019130 392000.0 392000
1695310037232 396000.0 396000
1695310058476 400000.0 400000
1695310080073 404000.0 404000
1695310099811 408000.0 408000
1695310120005 412000.0 412000
1695310136632 416000.0 416000
1695310153332 420000.0 420000
1695310170832 424000.0 424000
1695310189079 428000.0 428000
1695310207422 432000.0 432000
1695310225674 436000.0 436000
1695310244098 440000.0 440000
1695310262411 444000.0 444000
1695310280678 448000.0 448000
1695310299171 452000.0 452000
1695310318018 456000.0 456000
1695310336746 460000.0 460000
1695310355248 464000.0 464000
1695310373913 468000.0 468000
1695310392663 472000.0 472000
1695310411147 476000.0 476000
1695310429575 480000.0 480000
1695310447979 484000.0 484000
1695310466421 488000.0 488000
1695310485061 492000.0 492000
1695310503542 496000.0 496000
1695310521953 500000.0 500000
1695310540666 504000.0 504000
1695310559008 508000.0 508000
1695310577696 512000.0 512000
1695310596038 516000.0 516000
1695310614639 520000.0 520000
1695310633201 524000.0 524000
1695310651687 528000.0 528000
1695310670040 532000.0 532000
1695310688396 536000.0 536000
1695310706899 540000.0 540000
1695310725433 544000.0 544000
1695310744038 548000.0 548000
1695310762434 552000.0 552000
1695310780964 556000.0 556000
1695310799210 560000.0 560000
1695310818164 564000.0 564000
1695310836102 568000.0 568000
1695310852895 572000.0 572000
1695310869691 576000.0 576000
1695310886292 580000.0 580000
1695310902998 584000.0 584000
1695310919904 588000.0 588000
1695310937693 592000.0 592000
1695310956080 596000.0 596000
1695310974801 600000.0 600000
1695310993472 604000.0 604000
1695311012308 608000.0 608000
1695311030800 612000.0 612000
1695311049141 616000.0 616000
1695311068388 620000.0 620000
1695311087365 624000.0 624000
1695311106018 628000.0 628000
1695311124453 632000.0 632000
1695311143124 636000.0 636000
1695311161499 640000.0 640000
1695311180088 644000.0 644000
1695311198576 648000.0 648000
1695311216988 652000.0 652000
1695311235299 656000.0 656000
1695311253696 660000.0 660000
1695311272622 664000.0 664000
1695311293292 668000.0 668000
1695311312840 672000.0 672000
1695311332564 676000.0 676000
1695311352088 680000.0 680000
1695311371342 684000.0 684000
1695311391050 688000.0 688000
1695311410759 692000.0 692000
1695311430496 696000.0 696000
1695311449839 700000.0 700000
1695311469558 704000.0 704000
1695311488974 708000.0 708000
1695311507731 712000.0 712000
1695311525269 716000.0 716000
1695311545171 720000.0 720000
1695311563412 724000.0 724000
1695311580638 728000.0 728000
1695311597884 732000.0 732000
1695311614923 736000.0 736000
1695311633124 740000.0 740000
1695311651486 744000.0 744000
1695311670638 748000.0 748000
1695311688273 752000.0 752000
1695311705502 756000.0 756000
1695311723915 760000.0 760000
1695311742161 764000.0 764000
1695311760321 768000.0 768000
1695311778418 772000.0 772000
1695311796481 776000.0 776000
1695311814053 780000.0 780000
1695311831597 784000.0 784000
