1695308366405 300.0 4000
1695308381991 300.0 8000
1695308398695 300.0 12000
1695308415503 300.0 16000
1695308433129 300.0 20000
1695308450644 300.0 24000
1695308467262 300.0 28000
1695308484588 300.0 32000
1695308501542 300.0 36000
1695308517836 300.0 40000
1695308534363 300.0 44000
1695308550425 300.0 48000
1695308566570 300.0 52000
1695308582684 300.0 56000
1695308598962 300.0 60000
1695308614911 300.0 64000
1695308630972 300.0 68000
1695308646875 300.0 72000
1695308663037 300.0 76000
1695308679321 300.0 80000
1695308696665 300.0 84000
1695308714092 300.0 88000
1695308731375 300.0 92000
1695308748442 300.0 96000
1695308765556 300.0 100000
1695308782800 300.0 104000
1695308799787 300.0 108000
1695308816745 300.0 112000
1695308833821 300.0 116000
1695308850830 300.0 120000
1695308868058 300.0 124000
1695308885392 300.0 128000
1695308902944 300.0 132000
1695308920252 300.0 136000
1695308937684 300.0 140000
1695308955637 300.0 144000
1695308973243 300.0 148000
1695308991025 300.0 152000
1695309008080 300.0 156000
1695309025032 300.0 160000
1695309041899 300.0 164000
1695309058972 300.0 168000
1695309076372 300.0 172000
1695309093129 300.0 176000
1695309109818 300.0 180000
1695309126125 300.0 184000
1695309143065 300.0 188000
1695309161618 300.0 192000
1695309179123 300.0 196000
1695309196881 300.0 200000
1695309214135 300.0 204000
1695309232086 300.0 208000
1695309248800 300.0 212000
1695309265898 300.0 216000
1695309283801 300.0 220000
1695309301823 300.0 224000
1695309319354 300.0 228000
1695309336452 300.0 232000
1695309353442 300.0 236000
1695309370985 300.0 240000
1695309387767 300.0 244000
1695309404568 300.0 248000
1695309420990 300.0 252000
1695309437241 300.0 256000
1695309453746 300.0 260000
1695309471009 300.0 264000
1695309487917 300.0 268000
1695309504531 300.0 272000
1695309521839 300.0 276000
1695309538412 300.0 280000
1695309554845 300.0 284000
1695309571752 300.0 288000
1695309588334 300.0 292000
1695309604946 300.0 296000
1695309621205 300.0 300000
1695309637626 300.0 304000
1695309653978 300.0 308000
1695309670437 300.0 312000
1695309686918 300.0 316000
1695309703521 300.0 320000
1695309720127 300.0 324000
1695309736778 300.0 328000
1695309753493 300.0 332000
1695309770662 300.0 336000
1695309788451 300.0 340000
1695309806301 300.0 344000
1695309823945 300.0 348000
1695309841542 300.0 352000
1695309859459 300.0 356000
1695309877057 300.0 360000
1695309895253 300.0 364000
1695309912924 300.0 368000
1695309930529 300.0 372000
1695309948117 300.0 376000
1695309965687 300.0 380000
1695309983367 300.0 384000
1695310001831 300.0 388000
1695310019167 300.0 392000
1695310037267 300.0 396000
1695310058520 300.0 400000
1695310080114 300.0 404000
1695310099850 300.0 408000
1695310120042 300.0 412000
1695310136668 300.0 416000
1695310153370 300.0 420000
1695310170868 300.0 424000
1695310189119 300.0 428000
1695310207458 300.0 432000
1695310225713 300.0 436000
1695310244135 300.0 440000
1695310262450 300.0 444000
1695310280720 300.0 448000
1695310299211 300.0 452000
1695310318054 300.0 456000
1695310336783 300.0 460000
1695310355285 300.0 464000
1695310373950 300.0 468000
1695310392701 300.0 472000
1695310411184 300.0 476000
1695310429611 300.0 480000
1695310448017 300.0 484000
1695310466458 300.0 488000
1695310485102 300.0 492000
1695310503580 300.0 496000
1695310521993 300.0 500000
1695310540702 300.0 504000
1695310559047 300.0 508000
1695310577732 300.0 512000
1695310596077 300.0 516000
1695310614675 300.0 520000
1695310633240 300.0 524000
1695310651725 300.0 528000
1695310670077 300.0 532000
1695310688434 300.0 536000
1695310706939 300.0 540000
1695310725470 300.0 544000
1695310744077 300.0 548000
1695310762478 300.0 552000
1695310781003 300.0 556000
1695310799246 300.0 560000
1695310818201 300.0 564000
1695310836138 300.0 568000
1695310852931 300.0 572000
1695310869728 300.0 576000
1695310886330 300.0 580000
1695310903033 300.0 584000
1695310919940 300.0 588000
1695310937730 300.0 592000
1695310956119 300.0 596000
1695310974837 300.0 600000
1695310993512 300.0 604000
1695311012346 300.0 608000
1695311030840 300.0 612000
1695311049178 300.0 616000
1695311068425 300.0 620000
1695311087403 300.0 624000
1695311106058 300.0 628000
1695311124491 300.0 632000
1695311143163 300.0 636000
1695311161537 300.0 640000
1695311180128 300.0 644000
1695311198613 300.0 648000
1695311217027 300.0 652000
1695311235335 300.0 656000
1695311253737 300.0 660000
1695311272660 300.0 664000
1695311293332 300.0 668000
1695311312878 300.0 672000
1695311332601 300.0 676000
1695311352125 300.0 680000
1695311371381 300.0 684000
1695311391087 300.0 688000
1695311410796 300.0 692000
1695311430534 300.0 696000
1695311449878 300.0 700000
1695311469597 300.0 704000
1695311489011 300.0 708000
1695311507769 300.0 712000
1695311525306 300.0 716000
1695311545208 300.0 720000
1695311563449 300.0 724000
1695311580675 300.0 728000
1695311597925 300.0 732000
1695311614958 300.0 736000
1695311633160 300.0 740000
1695311651522 300.0 744000
1695311670674 300.0 748000
1695311688309 300.0 752000
1695311705538 300.0 756000
1695311723951 300.0 760000
1695311742202 300.0 764000
1695311760358 300.0 768000
1695311778455 300.0 772000
1695311796519 300.0 776000
1695311814089 300.0 780000
1695311831634 300.0 784000
