1695308366405 1.0 4000
1695308381991 1.0 8000
1695308398695 1.0 12000
1695308415503 1.0 16000
1695308433129 1.0 20000
1695308450643 1.0 24000
1695308467261 1.0 28000
1695308484588 1.0 32000
1695308501542 1.0 36000
1695308517835 1.0 40000
1695308534363 1.0 44000
1695308550425 1.0 48000
1695308566569 1.0 52000
1695308582684 1.0 56000
1695308598962 1.0 60000
1695308614911 1.0 64000
1695308630972 1.0 68000
1695308646875 1.0 72000
1695308663037 1.0 76000
1695308679321 1.0 80000
1695308696665 1.0 84000
1695308714092 1.0 88000
1695308731375 1.0 92000
1695308748442 1.0 96000
1695308765556 1.0 100000
1695308782800 1.0 104000
1695308799787 1.0 108000
1695308816745 1.0 112000
1695308833821 1.0 116000
1695308850830 1.0 120000
1695308868058 1.0 124000
1695308885392 1.0 128000
1695308902943 1.0 132000
1695308920252 1.0 136000
1695308937684 1.0 140000
1695308955637 1.0 144000
1695308973243 1.0 148000
1695308991025 1.0 152000
1695309008079 1.0 156000
1695309025032 1.0 160000
1695309041899 1.0 164000
1695309058972 1.0 168000
1695309076372 1.0 172000
1695309093129 1.0 176000
1695309109818 1.0 180000
1695309126124 1.0 184000
1695309143065 1.0 188000
1695309161617 1.0 192000
1695309179123 1.0 196000
1695309196881 1.0 200000
1695309214135 1.0 204000
1695309232085 1.0 208000
1695309248800 1.0 212000
1695309265898 1.0 216000
1695309283801 1.0 220000
1695309301823 1.0 224000
1695309319353 1.0 228000
1695309336451 1.0 232000
1695309353441 1.0 236000
1695309370985 1.0 240000
1695309387767 1.0 244000
1695309404568 1.0 248000
1695309420990 1.0 252000
1695309437241 1.0 256000
1695309453746 1.0 260000
1695309471009 1.0 264000
1695309487917 1.0 268000
1695309504531 1.0 272000
1695309521839 1.0 276000
1695309538412 1.0 280000
1695309554845 1.0 284000
1695309571752 1.0 288000
1695309588334 1.0 292000
1695309604945 1.0 296000
1695309621205 1.0 300000
1695309637626 1.0 304000
1695309653977 1.0 308000
1695309670437 1.0 312000
1695309686917 1.0 316000
1695309703521 1.0 320000
1695309720127 1.0 324000
1695309736778 1.0 328000
1695309753492 1.0 332000
1695309770661 1.0 336000
1695309788450 1.0 340000
1695309806301 1.0 344000
1695309823945 1.0 348000
1695309841542 1.0 352000
1695309859459 1.0 356000
1695309877057 1.0 360000
1695309895253 1.0 364000
1695309912923 1.0 368000
1695309930529 1.0 372000
1695309948117 1.0 376000
1695309965686 1.0 380000
1695309983366 1.0 384000
1695310001831 1.0 388000
1695310019166 1.0 392000
1695310037267 1.0 396000
1695310058519 1.0 400000
1695310080114 1.0 404000
1695310099850 1.0 408000
1695310120042 1.0 412000
1695310136667 1.0 416000
1695310153369 1.0 420000
1695310170868 1.0 424000
1695310189119 1.0 428000
1695310207458 1.0 432000
1695310225713 1.0 436000
1695310244135 1.0 440000
1695310262450 1.0 444000
1695310280719 1.0 448000
1695310299211 1.0 452000
1695310318054 1.0 456000
1695310336783 1.0 460000
1695310355285 1.0 464000
1695310373949 1.0 468000
1695310392701 1.0 472000
1695310411184 1.0 476000
1695310429611 1.0 480000
1695310448017 1.0 484000
1695310466458 1.0 488000
1695310485102 1.0 492000
1695310503579 1.0 496000
1695310521993 1.0 500000
1695310540702 1.0 504000
1695310559047 1.0 508000
1695310577732 1.0 512000
1695310596077 1.0 516000
1695310614675 1.0 520000
1695310633240 1.0 524000
1695310651725 1.0 528000
1695310670077 1.0 532000
1695310688434 1.0 536000
1695310706938 1.0 540000
1695310725470 1.0 544000
1695310744077 1.0 548000
1695310762478 1.0 552000
1695310781003 1.0 556000
1695310799246 1.0 560000
1695310818200 1.0 564000
1695310836138 1.0 568000
1695310852931 1.0 572000
1695310869728 1.0 576000
1695310886329 1.0 580000
1695310903033 1.0 584000
1695310919939 1.0 588000
1695310937730 1.0 592000
1695310956118 1.0 596000
1695310974837 1.0 600000
1695310993512 1.0 604000
1695311012345 1.0 608000
1695311030839 1.0 612000
1695311049178 1.0 616000
1695311068425 1.0 620000
1695311087403 1.0 624000
1695311106057 1.0 628000
1695311124491 1.0 632000
1695311143163 1.0 636000
1695311161537 1.0 640000
1695311180128 1.0 644000
1695311198612 1.0 648000
1695311217027 1.0 652000
1695311235335 1.0 656000
1695311253737 1.0 660000
1695311272659 1.0 664000
1695311293332 1.0 668000
1695311312878 1.0 672000
1695311332601 1.0 676000
1695311352124 1.0 680000
1695311371381 1.0 684000
1695311391087 1.0 688000
1695311410796 1.0 692000
1695311430534 1.0 696000
1695311449878 1.0 700000
1695311469597 1.0 704000
1695311489011 1.0 708000
1695311507768 1.0 712000
1695311525306 1.0 716000
1695311545207 1.0 720000
1695311563449 1.0 724000
1695311580674 1.0 728000
1695311597925 1.0 732000
1695311614958 1.0 736000
1695311633160 1.0 740000
1695311651522 1.0 744000
1695311670674 1.0 748000
1695311688309 1.0 752000
1695311705538 1.0 756000
1695311723951 1.0 760000
1695311742202 1.0 764000
1695311760358 1.0 768000
1695311778454 1.0 772000
1695311796518 1.0 776000
1695311814089 1.0 780000
1695311831633 1.0 784000
