1695308366417 0.001 4000
1695308382003 0.001 8000
1695308398707 0.001 12000
1695308415516 0.001 16000
1695308433141 0.001 20000
1695308450657 0.001 24000
1695308467274 0.001 28000
1695308484600 0.001 32000
1695308501555 0.001 36000
1695308517847 0.001 40000
1695308534374 0.001 44000
1695308550437 0.001 48000
1695308566582 0.001 52000
1695308582696 0.001 56000
1695308598974 0.001 60000
1695308614923 0.001 64000
1695308630983 0.001 68000
1695308646887 0.001 72000
1695308663049 0.001 76000
1695308679333 0.001 80000
1695308696676 0.001 84000
1695308714103 0.001 88000
1695308731387 0.001 92000
1695308748453 0.001 96000
1695308765568 0.001 100000
1695308782811 0.001 104000
1695308799799 0.001 108000
1695308816756 0.001 112000
1695308833833 0.001 116000
1695308850841 0.001 120000
1695308868070 0.001 124000
1695308885403 0.001 128000
1695308902955 0.001 132000
1695308920264 0.001 136000
1695308937696 0.001 140000
1695308955649 0.001 144000
1695308973255 0.001 148000
1695308991037 0.001 152000
1695309008091 0.001 156000
1695309025044 0.001 160000
1695309041910 0.001 164000
1695309058984 0.001 168000
1695309076383 0.001 172000
1695309093141 0.001 176000
1695309109830 0.001 180000
1695309126137 0.001 184000
1695309143076 0.001 188000
1695309161630 0.001 192000
1695309179135 0.001 196000
1695309196893 0.001 200000
1695309214147 0.001 204000
1695309232097 0.001 208000
1695309248812 0.001 212000
1695309265910 0.001 216000
1695309283813 0.001 220000
1695309301836 0.001 224000
1695309319365 0.001 228000
1695309336463 0.001 232000
1695309353454 0.001 236000
1695309370997 0.001 240000
1695309387779 0.001 244000
1695309404580 0.001 248000
1695309421002 0.001 252000
1695309437252 0.001 256000
1695309453757 0.001 260000
1695309471021 0.001 264000
1695309487928 0.001 268000
1695309504542 0.001 272000
1695309521851 0.001 276000
1695309538427 0.001 280000
1695309554857 0.001 284000
1695309571764 0.001 288000
1695309588346 0.001 292000
1695309604957 0.001 296000
1695309621217 0.001 300000
1695309637638 0.001 304000
1695309653989 0.001 308000
1695309670449 0.001 312000
1695309686929 0.001 316000
1695309703533 0.001 320000
1695309720139 0.001 324000
1695309736790 0.001 328000
1695309753504 0.001 332000
1695309770673 0.001 336000
1695309788462 0.001 340000
1695309806313 0.001 344000
1695309823957 0.001 348000
1695309841554 0.001 352000
1695309859471 0.001 356000
1695309877069 0.001 360000
1695309895265 0.001 364000
1695309912935 0.001 368000
1695309930540 0.001 372000
1695309948129 0.001 376000
1695309965699 0.001 380000
1695309983378 0.001 384000
1695310001843 0.001 388000
1695310019178 0.001 392000
1695310037278 0.001 396000
1695310058533 0.001 400000
1695310080131 0.001 404000
1695310099863 0.001 408000
1695310120053 0.001 412000
1695310136679 0.001 416000
1695310153383 0.001 420000
1695310170879 0.001 424000
1695310189132 0.001 428000
1695310207470 0.001 432000
1695310225726 0.001 436000
1695310244147 0.001 440000
1695310262462 0.001 444000
1695310280733 0.001 448000
1695310299223 0.001 452000
1695310318066 0.001 456000
1695310336795 0.001 460000
1695310355297 0.001 464000
1695310373962 0.001 468000
1695310392713 0.001 472000
1695310411196 0.001 476000
1695310429623 0.001 480000
1695310448029 0.001 484000
1695310466470 0.001 488000
1695310485116 0.001 492000
1695310503592 0.001 496000
1695310522005 0.001 500000
1695310540714 0.001 504000
1695310559060 0.001 508000
1695310577744 0.001 512000
1695310596089 0.001 516000
1695310614687 0.001 520000
1695310633252 0.001 524000
1695310651737 0.001 528000
1695310670088 0.001 532000
1695310688446 0.001 536000
1695310706951 0.001 540000
1695310725482 0.001 544000
1695310744089 0.001 548000
1695310762490 0.001 552000
1695310781015 0.001 556000
1695310799258 0.001 560000
1695310818213 0.001 564000
1695310836150 0.001 568000
1695310852943 0.001 572000
1695310869739 0.001 576000
1695310886341 0.001 580000
1695310903045 0.001 584000
1695310919951 0.001 588000
1695310937742 0.001 592000
1695310956131 0.001 596000
1695310974849 0.001 600000
1695310993524 0.001 604000
1695311012358 0.001 608000
1695311030852 0.001 612000
1695311049190 0.001 616000
1695311068437 0.001 620000
1695311087415 0.001 624000
1695311106070 0.001 628000
1695311124503 0.001 632000
1695311143175 0.001 636000
1695311161549 0.001 640000
1695311180141 0.001 644000
1695311198625 0.001 648000
1695311217039 0.001 652000
1695311235347 0.001 656000
1695311253749 0.001 660000
1695311272672 0.001 664000
1695311293344 0.001 668000
1695311312892 0.001 672000
1695311332613 0.001 676000
1695311352136 0.001 680000
1695311371393 0.001 684000
1695311391100 0.001 688000
1695311410808 0.001 692000
1695311430546 0.001 696000
1695311449891 0.001 700000
1695311469609 0.001 704000
1695311489023 0.001 708000
1695311507781 0.001 712000
1695311525319 0.001 716000
1695311545219 0.001 720000
1695311563460 0.001 724000
1695311580686 0.001 728000
1695311597937 0.001 732000
1695311614970 0.001 736000
1695311633172 0.001 740000
1695311651534 0.001 744000
1695311670686 0.001 748000
1695311688321 0.001 752000
1695311705550 0.001 756000
1695311723963 0.001 760000
1695311742216 0.001 764000
1695311760370 0.001 768000
1695311778467 0.001 772000
1695311796530 0.001 776000
1695311814101 0.001 780000
1695311831645 0.001 784000
