1695308366417 0.5 4000
1695308382003 0.5 8000
1695308398707 0.5 12000
1695308415516 0.5 16000
1695308433141 0.5 20000
1695308450656 0.5 24000
1695308467273 0.5 28000
1695308484600 0.5 32000
1695308501554 0.5 36000
1695308517847 0.5 40000
1695308534374 0.5 44000
1695308550436 0.5 48000
1695308566581 0.5 52000
1695308582695 0.5 56000
1695308598973 0.5 60000
1695308614922 0.5 64000
1695308630983 0.5 68000
1695308646886 0.5 72000
1695308663048 0.5 76000
1695308679333 0.5 80000
1695308696676 0.5 84000
1695308714102 0.5 88000
1695308731386 0.5 92000
1695308748453 0.5 96000
1695308765567 0.5 100000
1695308782811 0.5 104000
1695308799798 0.5 108000
1695308816756 0.5 112000
1695308833832 0.5 116000
1695308850840 0.5 120000
1695308868069 0.5 124000
1695308885403 0.5 128000
1695308902955 0.5 132000
1695308920263 0.5 136000
1695308937695 0.5 140000
1695308955648 0.5 144000
1695308973254 0.5 148000
1695308991037 0.5 152000
1695309008090 0.5 156000
1695309025044 0.5 160000
1695309041910 0.5 164000
1695309058984 0.5 168000
1695309076383 0.5 172000
1695309093140 0.5 176000
1695309109830 0.5 180000
1695309126136 0.5 184000
1695309143076 0.5 188000
1695309161630 0.5 192000
1695309179134 0.5 196000
1695309196892 0.5 200000
1695309214146 0.5 204000
1695309232097 0.5 208000
1695309248811 0.5 212000
1695309265910 0.5 216000
1695309283813 0.5 220000
1695309301836 0.5 224000
1695309319365 0.5 228000
1695309336463 0.5 232000
1695309353453 0.5 236000
1695309370996 0.5 240000
1695309387778 0.5 244000
1695309404579 0.5 248000
1695309421002 0.5 252000
1695309437252 0.5 256000
1695309453757 0.5 260000
1695309471021 0.5 264000
1695309487928 0.5 268000
1695309504542 0.5 272000
1695309521850 0.5 276000
1695309538427 0.5 280000
1695309554856 0.5 284000
1695309571763 0.5 288000
1695309588346 0.5 292000
1695309604957 0.5 296000
1695309621216 0.5 300000
1695309637637 0.5 304000
1695309653988 0.5 308000
1695309670448 0.5 312000
1695309686929 0.5 316000
1695309703532 0.5 320000
1695309720138 0.5 324000
1695309736789 0.5 328000
1695309753504 0.5 332000
1695309770673 0.5 336000
1695309788462 0.5 340000
1695309806312 0.5 344000
1695309823956 0.5 348000
1695309841553 0.5 352000
1695309859470 0.5 356000
1695309877069 0.5 360000
1695309895265 0.5 364000
1695309912934 0.5 368000
1695309930539 0.5 372000
1695309948129 0.5 376000
1695309965698 0.5 380000
1695309983377 0.5 384000
1695310001842 0.5 388000
1695310019178 0.5 392000
1695310037278 0.5 396000
1695310058533 0.5 400000
1695310080131 0.5 404000
1695310099862 0.5 408000
1695310120053 0.5 412000
1695310136678 0.5 416000
1695310153383 0.5 420000
1695310170879 0.5 424000
1695310189131 0.5 428000
1695310207470 0.5 432000
1695310225725 0.5 436000
1695310244146 0.5 440000
1695310262462 0.5 444000
1695310280732 0.5 448000
1695310299223 0.5 452000
1695310318065 0.5 456000
1695310336794 0.5 460000
1695310355297 0.5 464000
1695310373961 0.5 468000
1695310392713 0.5 472000
1695310411195 0.5 476000
1695310429622 0.5 480000
1695310448028 0.5 484000
1695310466469 0.5 488000
1695310485115 0.5 492000
1695310503591 0.5 496000
1695310522005 0.5 500000
1695310540714 0.5 504000
1695310559059 0.5 508000
1695310577743 0.5 512000
1695310596089 0.5 516000
1695310614687 0.5 520000
1695310633252 0.5 524000
1695310651737 0.5 528000
1695310670088 0.5 532000
1695310688445 0.5 536000
1695310706950 0.5 540000
1695310725481 0.5 544000
1695310744089 0.5 548000
1695310762490 0.5 552000
1695310781015 0.5 556000
1695310799258 0.5 560000
1695310818212 0.5 564000
1695310836150 0.5 568000
1695310852942 0.5 572000
1695310869739 0.5 576000
1695310886341 0.5 580000
1695310903045 0.5 584000
1695310919951 0.5 588000
1695310937741 0.5 592000
1695310956130 0.5 596000
1695310974848 0.5 600000
1695310993524 0.5 604000
1695311012357 0.5 608000
1695311030851 0.5 612000
1695311049189 0.5 616000
1695311068437 0.5 620000
1695311087415 0.5 624000
1695311106070 0.5 628000
1695311124503 0.5 632000
1695311143175 0.5 636000
1695311161549 0.5 640000
1695311180140 0.5 644000
1695311198624 0.5 648000
1695311217038 0.5 652000
1695311235346 0.5 656000
1695311253748 0.5 660000
1695311272671 0.5 664000
1695311293344 0.5 668000
1695311312892 0.5 672000
1695311332613 0.5 676000
1695311352136 0.5 680000
1695311371393 0.5 684000
1695311391099 0.5 688000
1695311410808 0.5 692000
1695311430545 0.5 696000
1695311449890 0.5 700000
1695311469609 0.5 704000
1695311489022 0.5 708000
1695311507780 0.5 712000
1695311525318 0.5 716000
1695311545219 0.5 720000
1695311563460 0.5 724000
1695311580686 0.5 728000
1695311597937 0.5 732000
1695311614969 0.5 736000
1695311633172 0.5 740000
1695311651533 0.5 744000
1695311670685 0.5 748000
1695311688320 0.5 752000
1695311705550 0.5 756000
1695311723963 0.5 760000
1695311742215 0.5 764000
1695311760369 0.5 768000
1695311778466 0.5 772000
1695311796530 0.5 776000
1695311814100 0.5 780000
1695311831645 0.5 784000
