1695308366413 0.0 4000
1695308382000 0.0 8000
1695308398704 0.0 12000
1695308415512 0.0 16000
1695308433138 0.0 20000
1695308450653 0.0 24000
1695308467270 0.0 28000
1695308484597 0.0 32000
1695308501551 0.0 36000
1695308517844 0.0 40000
1695308534371 0.0 44000
1695308550433 0.0 48000
1695308566578 0.0 52000
1695308582692 0.0 56000
1695308598970 0.0 60000
1695308614919 0.0 64000
1695308630980 0.0 68000
1695308646883 0.0 72000
1695308663045 0.0 76000
1695308679329 0.0 80000
1695308696673 0.0 84000
1695308714099 0.0 88000
1695308731383 0.0 92000
1695308748450 0.0 96000
1695308765564 0.0 100000
1695308782808 0.0 104000
1695308799795 0.0 108000
1695308816753 0.0 112000
1695308833830 0.0 116000
1695308850837 0.0 120000
1695308868066 0.0 124000
1695308885400 0.0 128000
1695308902951 0.0 132000
1695308920260 0.0 136000
1695308937692 0.0 140000
1695308955645 0.0 144000
1695308973251 0.0 148000
1695308991034 0.0 152000
1695309008087 0.0 156000
1695309025041 0.0 160000
1695309041907 0.0 164000
1695309058981 0.0 168000
1695309076380 0.0 172000
1695309093137 0.0 176000
1695309109827 0.0 180000
1695309126133 0.0 184000
1695309143073 0.0 188000
1695309161627 0.0 192000
1695309179131 0.0 196000
1695309196889 0.0 200000
1695309214143 0.0 204000
1695309232094 0.0 208000
1695309248808 0.0 212000
1695309265907 0.0 216000
1695309283810 0.0 220000
1695309301832 0.0 224000
1695309319362 0.0 228000
1695309336460 0.0 232000
1695309353450 0.0 236000
1695309370993 0.0 240000
1695309387775 0.0 244000
1695309404576 0.0 248000
1695309420999 0.0 252000
1695309437249 0.0 256000
1695309453754 0.0 260000
1695309471018 0.0 264000
1695309487925 0.0 268000
1695309504539 0.0 272000
1695309521847 0.0 276000
1695309538423 0.0 280000
1695309554853 0.0 284000
1695309571760 0.0 288000
1695309588343 0.0 292000
1695309604954 0.0 296000
1695309621213 0.0 300000
1695309637634 0.0 304000
1695309653985 0.0 308000
1695309670445 0.0 312000
1695309686926 0.0 316000
1695309703529 0.0 320000
1695309720135 0.0 324000
1695309736786 0.0 328000
1695309753501 0.0 332000
1695309770670 0.0 336000
1695309788458 0.0 340000
1695309806309 0.0 344000
1695309823953 0.0 348000
1695309841551 0.0 352000
1695309859467 0.0 356000
1695309877065 0.0 360000
1695309895262 0.0 364000
1695309912931 0.0 368000
1695309930537 0.0 372000
1695309948125 0.0 376000
1695309965695 0.0 380000
1695309983374 0.0 384000
1695310001839 0.0 388000
1695310019175 0.0 392000
1695310037275 0.0 396000
1695310058529 0.0 400000
1695310080127 0.0 404000
1695310099859 0.0 408000
1695310120050 0.0 412000
1695310136675 0.0 416000
1695310153379 0.0 420000
1695310170876 0.0 424000
1695310189128 0.0 428000
1695310207466 0.0 432000
1695310225722 0.0 436000
1695310244143 0.0 440000
1695310262459 0.0 444000
1695310280729 0.0 448000
1695310299219 0.0 452000
1695310318062 0.0 456000
1695310336791 0.0 460000
1695310355294 0.0 464000
1695310373958 0.0 468000
1695310392709 0.0 472000
1695310411192 0.0 476000
1695310429619 0.0 480000
1695310448025 0.0 484000
1695310466466 0.0 488000
1695310485110 0.0 492000
1695310503588 0.0 496000
1695310522002 0.0 500000
1695310540711 0.0 504000
1695310559056 0.0 508000
1695310577740 0.0 512000
1695310596086 0.0 516000
1695310614683 0.0 520000
1695310633249 0.0 524000
1695310651733 0.0 528000
1695310670085 0.0 532000
1695310688442 0.0 536000
1695310706947 0.0 540000
1695310725478 0.0 544000
1695310744086 0.0 548000
1695310762487 0.0 552000
1695310781012 0.0 556000
1695310799254 0.0 560000
1695310818209 0.0 564000
1695310836147 0.0 568000
1695310852939 0.0 572000
1695310869736 0.0 576000
1695310886338 0.0 580000
1695310903042 0.0 584000
1695310919948 0.0 588000
1695310937738 0.0 592000
1695310956127 0.0 596000
1695310974845 0.0 600000
1695310993520 0.0 604000
1695311012354 0.0 608000
1695311030848 0.0 612000
1695311049186 0.0 616000
1695311068434 0.0 620000
1695311087412 0.0 624000
1695311106067 0.0 628000
1695311124500 0.0 632000
1695311143172 0.0 636000
1695311161546 0.0 640000
1695311180137 0.0 644000
1695311198621 0.0 648000
1695311217035 0.0 652000
1695311235343 0.0 656000
1695311253745 0.0 660000
1695311272668 0.0 664000
1695311293341 0.0 668000
1695311312889 0.0 672000
1695311332609 0.0 676000
1695311352133 0.0 680000
1695311371390 0.0 684000
1695311391096 0.0 688000
1695311410805 0.0 692000
1695311430542 0.0 696000
1695311449887 0.0 700000
1695311469605 0.0 704000
1695311489019 0.0 708000
1695311507777 0.0 712000
1695311525315 0.0 716000
1695311545216 0.0 720000
1695311563457 0.0 724000
1695311580683 0.0 728000
1695311597933 0.0 732000
1695311614966 0.0 736000
1695311633168 0.0 740000
1695311651530 0.0 744000
1695311670682 0.0 748000
1695311688317 0.0 752000
1695311705546 0.0 756000
1695311723959 0.0 760000
1695311742212 0.0 764000
1695311760366 0.0 768000
1695311778463 0.0 772000
1695311796527 0.0 776000
1695311814097 0.0 780000
1695311831642 0.0 784000
