1695308366414 5.0000000000000016e-05 4000
1695308382000 5.0000000000000016e-05 8000
1695308398704 5.0000000000000016e-05 12000
1695308415513 5.0000000000000016e-05 16000
1695308433138 5.0000000000000016e-05 20000
1695308450653 5.0000000000000016e-05 24000
1695308467271 5.0000000000000016e-05 28000
1695308484597 5.0000000000000016e-05 32000
1695308501552 5.0000000000000016e-05 36000
1695308517844 5.0000000000000016e-05 40000
1695308534371 5.0000000000000016e-05 44000
1695308550434 5.0000000000000016e-05 48000
1695308566579 5.0000000000000016e-05 52000
1695308582693 5.0000000000000016e-05 56000
1695308598971 5.0000000000000016e-05 60000
1695308614920 5.0000000000000016e-05 64000
1695308630980 5.0000000000000016e-05 68000
1695308646884 5.0000000000000016e-05 72000
1695308663046 5.0000000000000016e-05 76000
1695308679330 5.0000000000000016e-05 80000
1695308696674 5.0000000000000016e-05 84000
1695308714100 5.0000000000000016e-05 88000
1695308731384 5.0000000000000016e-05 92000
1695308748451 5.0000000000000016e-05 96000
1695308765565 5.0000000000000016e-05 100000
1695308782809 5.0000000000000016e-05 104000
1695308799796 5.0000000000000016e-05 108000
1695308816754 5.0000000000000016e-05 112000
1695308833830 5.0000000000000016e-05 116000
1695308850838 5.0000000000000016e-05 120000
1695308868067 5.0000000000000016e-05 124000
1695308885401 5.0000000000000016e-05 128000
1695308902952 5.0000000000000016e-05 132000
1695308920261 5.0000000000000016e-05 136000
1695308937692 5.0000000000000016e-05 140000
1695308955646 5.0000000000000016e-05 144000
1695308973252 5.0000000000000016e-05 148000
1695308991034 5.0000000000000016e-05 152000
1695309008088 5.0000000000000016e-05 156000
1695309025041 5.0000000000000016e-05 160000
1695309041908 5.0000000000000016e-05 164000
1695309058981 5.0000000000000016e-05 168000
1695309076380 5.0000000000000016e-05 172000
1695309093138 5.0000000000000016e-05 176000
1695309109827 5.0000000000000016e-05 180000
1695309126134 5.0000000000000016e-05 184000
1695309143073 5.0000000000000016e-05 188000
1695309161627 5.0000000000000016e-05 192000
1695309179132 5.0000000000000016e-05 196000
1695309196890 5.0000000000000016e-05 200000
1695309214144 5.0000000000000016e-05 204000
1695309232094 5.0000000000000016e-05 208000
1695309248809 5.0000000000000016e-05 212000
1695309265907 5.0000000000000016e-05 216000
1695309283810 5.0000000000000016e-05 220000
1695309301833 5.0000000000000016e-05 224000
1695309319362 5.0000000000000016e-05 228000
1695309336460 5.0000000000000016e-05 232000
1695309353451 5.0000000000000016e-05 236000
1695309370994 5.0000000000000016e-05 240000
1695309387776 5.0000000000000016e-05 244000
1695309404577 5.0000000000000016e-05 248000
1695309420999 5.0000000000000016e-05 252000
1695309437250 5.0000000000000016e-05 256000
1695309453755 5.0000000000000016e-05 260000
1695309471018 5.0000000000000016e-05 264000
1695309487926 5.0000000000000016e-05 268000
1695309504539 5.0000000000000016e-05 272000
1695309521848 5.0000000000000016e-05 276000
1695309538424 5.0000000000000016e-05 280000
1695309554854 5.0000000000000016e-05 284000
1695309571761 5.0000000000000016e-05 288000
1695309588343 5.0000000000000016e-05 292000
1695309604954 5.0000000000000016e-05 296000
1695309621214 5.0000000000000016e-05 300000
1695309637635 5.0000000000000016e-05 304000
1695309653986 5.0000000000000016e-05 308000
1695309670446 5.0000000000000016e-05 312000
1695309686926 5.0000000000000016e-05 316000
1695309703530 5.0000000000000016e-05 320000
1695309720136 5.0000000000000016e-05 324000
1695309736787 5.0000000000000016e-05 328000
1695309753501 5.0000000000000016e-05 332000
1695309770670 5.0000000000000016e-05 336000
1695309788459 5.0000000000000016e-05 340000
1695309806310 5.0000000000000016e-05 344000
1695309823954 5.0000000000000016e-05 348000
1695309841551 5.0000000000000016e-05 352000
1695309859468 5.0000000000000016e-05 356000
1695309877065 5.0000000000000016e-05 360000
1695309895262 5.0000000000000016e-05 364000
1695309912932 5.0000000000000016e-05 368000
1695309930537 5.0000000000000016e-05 372000
1695309948126 5.0000000000000016e-05 376000
1695309965696 5.0000000000000016e-05 380000
1695309983375 5.0000000000000016e-05 384000
1695310001840 5.0000000000000016e-05 388000
1695310019175 5.0000000000000016e-05 392000
1695310037276 5.0000000000000016e-05 396000
1695310058530 5.0000000000000016e-05 400000
1695310080128 5.0000000000000016e-05 404000
1695310099859 5.0000000000000016e-05 408000
1695310120051 5.0000000000000016e-05 412000
1695310136676 5.0000000000000016e-05 416000
1695310153380 5.0000000000000016e-05 420000
1695310170877 5.0000000000000016e-05 424000
1695310189129 5.0000000000000016e-05 428000
1695310207467 5.0000000000000016e-05 432000
1695310225723 5.0000000000000016e-05 436000
1695310244144 5.0000000000000016e-05 440000
1695310262459 5.0000000000000016e-05 444000
1695310280729 5.0000000000000016e-05 448000
1695310299220 5.0000000000000016e-05 452000
1695310318063 5.0000000000000016e-05 456000
1695310336792 5.0000000000000016e-05 460000
1695310355294 5.0000000000000016e-05 464000
1695310373959 5.0000000000000016e-05 468000
1695310392710 5.0000000000000016e-05 472000
1695310411193 5.0000000000000016e-05 476000
1695310429620 5.0000000000000016e-05 480000
1695310448026 5.0000000000000016e-05 484000
1695310466467 5.0000000000000016e-05 488000
1695310485111 5.0000000000000016e-05 492000
1695310503589 5.0000000000000016e-05 496000
1695310522002 5.0000000000000016e-05 500000
1695310540711 5.0000000000000016e-05 504000
1695310559057 5.0000000000000016e-05 508000
1695310577741 5.0000000000000016e-05 512000
1695310596087 5.0000000000000016e-05 516000
1695310614684 5.0000000000000016e-05 520000
1695310633249 5.0000000000000016e-05 524000
1695310651734 5.0000000000000016e-05 528000
1695310670085 5.0000000000000016e-05 532000
1695310688443 5.0000000000000016e-05 536000
1695310706948 5.0000000000000016e-05 540000
1695310725479 5.0000000000000016e-05 544000
1695310744086 5.0000000000000016e-05 548000
1695310762487 5.0000000000000016e-05 552000
1695310781012 5.0000000000000016e-05 556000
1695310799255 5.0000000000000016e-05 560000
1695310818210 5.0000000000000016e-05 564000
1695310836147 5.0000000000000016e-05 568000
1695310852940 5.0000000000000016e-05 572000
1695310869736 5.0000000000000016e-05 576000
1695310886338 5.0000000000000016e-05 580000
1695310903042 5.0000000000000016e-05 584000
1695310919948 5.0000000000000016e-05 588000
1695310937739 5.0000000000000016e-05 592000
1695310956128 5.0000000000000016e-05 596000
1695310974846 5.0000000000000016e-05 600000
1695310993521 5.0000000000000016e-05 604000
1695311012355 5.0000000000000016e-05 608000
1695311030849 5.0000000000000016e-05 612000
1695311049187 5.0000000000000016e-05 616000
1695311068434 5.0000000000000016e-05 620000
1695311087412 5.0000000000000016e-05 624000
1695311106067 5.0000000000000016e-05 628000
1695311124500 5.0000000000000016e-05 632000
1695311143172 5.0000000000000016e-05 636000
1695311161546 5.0000000000000016e-05 640000
1695311180138 5.0000000000000016e-05 644000
1695311198622 5.0000000000000016e-05 648000
1695311217036 5.0000000000000016e-05 652000
1695311235344 5.0000000000000016e-05 656000
1695311253746 5.0000000000000016e-05 660000
1695311272668 5.0000000000000016e-05 664000
1695311293341 5.0000000000000016e-05 668000
1695311312889 5.0000000000000016e-05 672000
1695311332610 5.0000000000000016e-05 676000
1695311352133 5.0000000000000016e-05 680000
1695311371390 5.0000000000000016e-05 684000
1695311391096 5.0000000000000016e-05 688000
1695311410805 5.0000000000000016e-05 692000
1695311430543 5.0000000000000016e-05 696000
1695311449888 5.0000000000000016e-05 700000
1695311469606 5.0000000000000016e-05 704000
1695311489020 5.0000000000000016e-05 708000
1695311507778 5.0000000000000016e-05 712000
1695311525315 5.0000000000000016e-05 716000
1695311545216 5.0000000000000016e-05 720000
1695311563458 5.0000000000000016e-05 724000
1695311580683 5.0000000000000016e-05 728000
1695311597934 5.0000000000000016e-05 732000
1695311614967 5.0000000000000016e-05 736000
1695311633169 5.0000000000000016e-05 740000
1695311651531 5.0000000000000016e-05 744000
1695311670683 5.0000000000000016e-05 748000
1695311688318 5.0000000000000016e-05 752000
1695311705547 5.0000000000000016e-05 756000
1695311723960 5.0000000000000016e-05 760000
1695311742212 5.0000000000000016e-05 764000
1695311760367 5.0000000000000016e-05 768000
1695311778464 5.0000000000000016e-05 772000
1695311796527 5.0000000000000016e-05 776000
1695311814098 5.0000000000000016e-05 780000
1695311831642 5.0000000000000016e-05 784000
