1695308366414 0.20000000000000004 4000
1695308382000 0.20000000000000004 8000
1695308398704 0.20000000000000004 12000
1695308415512 0.20000000000000004 16000
1695308433138 0.20000000000000004 20000
1695308450653 0.20000000000000004 24000
1695308467270 0.20000000000000004 28000
1695308484597 0.20000000000000004 32000
1695308501551 0.20000000000000004 36000
1695308517844 0.20000000000000004 40000
1695308534371 0.20000000000000004 44000
1695308550434 0.20000000000000004 48000
1695308566578 0.20000000000000004 52000
1695308582693 0.20000000000000004 56000
1695308598971 0.20000000000000004 60000
1695308614920 0.20000000000000004 64000
1695308630980 0.20000000000000004 68000
1695308646884 0.20000000000000004 72000
1695308663045 0.20000000000000004 76000
1695308679330 0.20000000000000004 80000
1695308696674 0.20000000000000004 84000
1695308714100 0.20000000000000004 88000
1695308731384 0.20000000000000004 92000
1695308748450 0.20000000000000004 96000
1695308765565 0.20000000000000004 100000
1695308782808 0.20000000000000004 104000
1695308799796 0.20000000000000004 108000
1695308816753 0.20000000000000004 112000
1695308833830 0.20000000000000004 116000
1695308850838 0.20000000000000004 120000
1695308868067 0.20000000000000004 124000
1695308885400 0.20000000000000004 128000
1695308902952 0.20000000000000004 132000
1695308920261 0.20000000000000004 136000
1695308937692 0.20000000000000004 140000
1695308955646 0.20000000000000004 144000
1695308973252 0.20000000000000004 148000
1695308991034 0.20000000000000004 152000
1695309008088 0.20000000000000004 156000
1695309025041 0.20000000000000004 160000
1695309041907 0.20000000000000004 164000
1695309058981 0.20000000000000004 168000
1695309076380 0.20000000000000004 172000
1695309093138 0.20000000000000004 176000
1695309109827 0.20000000000000004 180000
1695309126133 0.20000000000000004 184000
1695309143073 0.20000000000000004 188000
1695309161627 0.20000000000000004 192000
1695309179132 0.20000000000000004 196000
1695309196890 0.20000000000000004 200000
1695309214144 0.20000000000000004 204000
1695309232094 0.20000000000000004 208000
1695309248809 0.20000000000000004 212000
1695309265907 0.20000000000000004 216000
1695309283810 0.20000000000000004 220000
1695309301832 0.20000000000000004 224000
1695309319362 0.20000000000000004 228000
1695309336460 0.20000000000000004 232000
1695309353450 0.20000000000000004 236000
1695309370994 0.20000000000000004 240000
1695309387776 0.20000000000000004 244000
1695309404577 0.20000000000000004 248000
1695309420999 0.20000000000000004 252000
1695309437249 0.20000000000000004 256000
1695309453754 0.20000000000000004 260000
1695309471018 0.20000000000000004 264000
1695309487925 0.20000000000000004 268000
1695309504539 0.20000000000000004 272000
1695309521848 0.20000000000000004 276000
1695309538424 0.20000000000000004 280000
1695309554854 0.20000000000000004 284000
1695309571761 0.20000000000000004 288000
1695309588343 0.20000000000000004 292000
1695309604954 0.20000000000000004 296000
1695309621213 0.20000000000000004 300000
1695309637635 0.20000000000000004 304000
1695309653986 0.20000000000000004 308000
1695309670446 0.20000000000000004 312000
1695309686926 0.20000000000000004 316000
1695309703530 0.20000000000000004 320000
1695309720136 0.20000000000000004 324000
1695309736787 0.20000000000000004 328000
1695309753501 0.20000000000000004 332000
1695309770670 0.20000000000000004 336000
1695309788459 0.20000000000000004 340000
1695309806309 0.20000000000000004 344000
1695309823954 0.20000000000000004 348000
1695309841551 0.20000000000000004 352000
1695309859468 0.20000000000000004 356000
1695309877065 0.20000000000000004 360000
1695309895262 0.20000000000000004 364000
1695309912932 0.20000000000000004 368000
1695309930537 0.20000000000000004 372000
1695309948126 0.20000000000000004 376000
1695309965696 0.20000000000000004 380000
1695309983375 0.20000000000000004 384000
1695310001840 0.20000000000000004 388000
1695310019175 0.20000000000000004 392000
1695310037275 0.20000000000000004 396000
1695310058530 0.20000000000000004 400000
1695310080128 0.20000000000000004 404000
1695310099859 0.20000000000000004 408000
1695310120050 0.20000000000000004 412000
1695310136676 0.20000000000000004 416000
1695310153380 0.20000000000000004 420000
1695310170876 0.20000000000000004 424000
1695310189128 0.20000000000000004 428000
1695310207467 0.20000000000000004 432000
1695310225723 0.20000000000000004 436000
1695310244144 0.20000000000000004 440000
1695310262459 0.20000000000000004 444000
1695310280729 0.20000000000000004 448000
1695310299220 0.20000000000000004 452000
1695310318063 0.20000000000000004 456000
1695310336791 0.20000000000000004 460000
1695310355294 0.20000000000000004 464000
1695310373959 0.20000000000000004 468000
1695310392710 0.20000000000000004 472000
1695310411193 0.20000000000000004 476000
1695310429620 0.20000000000000004 480000
1695310448026 0.20000000000000004 484000
1695310466467 0.20000000000000004 488000
1695310485111 0.20000000000000004 492000
1695310503589 0.20000000000000004 496000
1695310522002 0.20000000000000004 500000
1695310540711 0.20000000000000004 504000
1695310559056 0.20000000000000004 508000
1695310577741 0.20000000000000004 512000
1695310596086 0.20000000000000004 516000
1695310614684 0.20000000000000004 520000
1695310633249 0.20000000000000004 524000
1695310651734 0.20000000000000004 528000
1695310670085 0.20000000000000004 532000
1695310688443 0.20000000000000004 536000
1695310706948 0.20000000000000004 540000
1695310725479 0.20000000000000004 544000
1695310744086 0.20000000000000004 548000
1695310762487 0.20000000000000004 552000
1695310781012 0.20000000000000004 556000
1695310799255 0.20000000000000004 560000
1695310818209 0.20000000000000004 564000
1695310836147 0.20000000000000004 568000
1695310852940 0.20000000000000004 572000
1695310869736 0.20000000000000004 576000
1695310886338 0.20000000000000004 580000
1695310903042 0.20000000000000004 584000
1695310919948 0.20000000000000004 588000
1695310937739 0.20000000000000004 592000
1695310956128 0.20000000000000004 596000
1695310974846 0.20000000000000004 600000
1695310993521 0.20000000000000004 604000
1695311012355 0.20000000000000004 608000
1695311030849 0.20000000000000004 612000
1695311049187 0.20000000000000004 616000
1695311068434 0.20000000000000004 620000
1695311087412 0.20000000000000004 624000
1695311106067 0.20000000000000004 628000
1695311124500 0.20000000000000004 632000
1695311143172 0.20000000000000004 636000
1695311161546 0.20000000000000004 640000
1695311180137 0.20000000000000004 644000
1695311198622 0.20000000000000004 648000
1695311217036 0.20000000000000004 652000
1695311235344 0.20000000000000004 656000
1695311253746 0.20000000000000004 660000
1695311272668 0.20000000000000004 664000
1695311293341 0.20000000000000004 668000
1695311312889 0.20000000000000004 672000
1695311332610 0.20000000000000004 676000
1695311352133 0.20000000000000004 680000
1695311371390 0.20000000000000004 684000
1695311391096 0.20000000000000004 688000
1695311410805 0.20000000000000004 692000
1695311430543 0.20000000000000004 696000
1695311449887 0.20000000000000004 700000
1695311469606 0.20000000000000004 704000
1695311489020 0.20000000000000004 708000
1695311507777 0.20000000000000004 712000
1695311525315 0.20000000000000004 716000
1695311545216 0.20000000000000004 720000
1695311563457 0.20000000000000004 724000
1695311580683 0.20000000000000004 728000
1695311597934 0.20000000000000004 732000
1695311614967 0.20000000000000004 736000
1695311633169 0.20000000000000004 740000
1695311651531 0.29999999999999993 744000
1695311670683 0.29999999999999993 748000
1695311688318 0.29999999999999993 752000
1695311705547 0.29999999999999993 756000
1695311723960 0.29999999999999993 760000
1695311742212 0.29999999999999993 764000
1695311760367 0.29999999999999993 768000
1695311778464 0.29999999999999993 772000
1695311796527 0.29999999999999993 776000
1695311814098 0.29999999999999993 780000
1695311831642 0.29999999999999993 784000
