1695308366415 1.9342926199237505 4000
1695308382001 1.9130852243552605 8000
1695308398705 1.895264803742369 12000
1695308415514 1.8811661238471666 16000
1695308433139 1.8662275237341721 20000
1695308450655 1.8613838547219832 24000
1695308467272 1.860271181166172 28000
1695308484598 1.838161330173413 32000
1695308501553 1.807276413217187 36000
1695308517845 1.7798022504895925 40000
1695308534372 1.7118874799460173 44000
1695308550435 1.7184860027084747 48000
1695308566580 1.7238719827185074 52000
1695308582694 1.6954400102297464 56000
1695308598972 1.6389820553362369 60000
1695308614921 1.6012431013087431 64000
1695308630982 1.6237468591580788 68000
1695308646885 1.5950842533260583 72000
1695308663047 1.6098100822418928 76000
1695308679331 1.6025917544960975 80000
1695308696675 1.5555613862971465 84000
1695308714101 1.535733896618088 88000
1695308731385 1.532578091820081 92000
1695308748452 1.5250381643573443 96000
1695308765566 1.4149623263627291 100000
1695308782810 1.3517883608738581 104000
1695308799797 1.3813005771487952 108000
1695308816755 1.369807224844893 112000
1695308833831 1.3119278147816658 116000
1695308850839 1.248352925106883 120000
1695308868068 1.2907524964461723 124000
1695308885402 1.241705167045196 128000
1695308902953 1.2104338419934113 132000
1695308920262 1.2247931923717261 136000
1695308937694 1.1720255710184575 140000
1695308955647 1.229671524465084 144000
1695308973253 1.177725525572896 148000
1695308991035 1.1622632312277952 152000
1695309008089 1.145865317247808 156000
1695309025042 1.1108147569000721 160000
1695309041909 1.0998227294534444 164000
1695309058982 1.1242631707961361 168000
1695309076382 1.1017139794304966 172000
1695309093139 1.0928844957922896 176000
1695309109829 1.0544827420264482 180000
1695309126135 1.0883682238558927 184000
1695309143075 1.0009658667569359 188000
1695309161629 0.9970101154098908 192000
1695309179133 0.9307761960973342 196000
1695309196891 1.0285083276530107 200000
1695309214145 0.9568341424688697 204000
1695309232095 0.9700083072607716 208000
1695309248810 0.9300442653397719 212000
1695309265908 0.962951689461867 216000
1695309283811 0.9149354612454772 220000
1695309301834 0.9427660344789426 224000
1695309319363 0.910731078311801 228000
1695309336461 0.9561739598711332 232000
1695309353452 0.9486431712905566 236000
1695309370995 0.9279859579478701 240000
1695309387777 0.8978494909281532 244000
1695309404578 0.9109814841921131 248000
1695309421001 0.8927212385460734 252000
1695309437251 0.8954022504389286 256000
1695309453756 0.8215137155105671 260000
1695309471019 0.8449626148367921 264000
1695309487927 0.8371792253727715 268000
1695309504541 0.788391859208544 272000
1695309521849 0.8167395484944184 276000
1695309538425 0.8408229822292924 280000
1695309554855 0.8062331693867842 284000
1695309571762 0.7586569321962694 288000
1695309588344 0.763161932490766 292000
1695309604955 0.7662036215265592 296000
1695309621215 0.7292945976369083 300000
1695309637636 0.7449614678819975 304000
1695309653987 0.7636922404790918 308000
1695309670447 0.7594527529552579 312000
1695309686928 0.7886326186979811 316000
1695309703531 0.7445257051537434 320000
1695309720137 0.7492359740659594 324000
1695309736788 0.7049666935577988 328000
1695309753502 0.7010565740987659 332000
1695309770671 0.7441752009093762 336000
1695309788460 0.7029213316738605 340000
1695309806311 0.6475703083599608 344000
1695309823955 0.6612627668927114 348000
1695309841552 0.6577810655348003 352000
1695309859469 0.6529066325475772 356000
1695309877067 0.6664824170681337 360000
1695309895263 0.6346408242359758 364000
1695309912933 0.6537941343461474 368000
1695309930538 0.6699931976695855 372000
1695309948127 0.6588099408584337 376000
1695309965697 0.696161683400472 380000
1695309983376 0.6963812848553061 384000
1695310001841 0.6435087169210116 388000
1695310019176 0.6138358738273382 392000
1695310037277 0.617873148744305 396000
1695310058531 0.5727823945383231 400000
1695310080129 0.5020214491523802 404000
1695310099861 0.5426343424245715 408000
1695310120052 0.5272210527521869 412000
1695310136677 0.5472302661277354 416000
1695310153381 0.5198602909532686 420000
1695310170878 0.5014715605415404 424000
1695310189130 0.4485692954622209 428000
1695310207468 0.47077124000837406 432000
1695310225724 0.4958161359342436 436000
1695310244145 0.49091721024985113 440000
1695310262460 0.4827386217812697 444000
1695310280731 0.5376977360496918 448000
1695310299221 0.5099371472373605 452000
1695310318064 0.5247273759916424 456000
1695310336793 0.5301210494711995 460000
1695310355295 0.5076436821060876 464000
1695310373960 0.5170547019069394 468000
1695310392711 0.5372857534016172 472000
1695310411194 0.512669401243329 476000
1695310429621 0.4787960051248471 480000
1695310448027 0.4911444278433919 484000
1695310466468 0.46345961435387534 488000
1695310485113 0.4228870300576091 492000
1695310503590 0.47329013257597885 496000
1695310522003 0.45294674473504226 500000
1695310540712 0.46940320484961073 504000
1695310559058 0.555427748678873 508000
1695310577742 0.46653124432389936 512000
1695310596088 0.4487018751911819 516000
1695310614685 0.47377622288962207 520000
1695310633250 0.4697734562369684 524000
1695310651735 0.45637514743333063 528000
1695310670087 0.5490676376968622 532000
1695310688444 0.4458955700819691 536000
1695310706949 0.4451980401140948 540000
1695310725480 0.3760546919268866 544000
1695310744087 0.4301969264013072 548000
1695310762488 0.4103225830321511 552000
1695310781013 0.4398812197459241 556000
1695310799256 0.4724313411551217 560000
1695310818211 0.4860842015594244 564000
1695310836148 0.45113692867259186 568000
1695310852941 0.4515666140553852 572000
1695310869737 0.44794505392201245 576000
1695310886340 0.42100414164985217 580000
1695310903043 0.47396415791784724 584000
1695310919949 0.4366102097555995 588000
1695310937740 0.4336136265968283 592000
1695310956129 0.3671772541788717 596000
1695310974847 0.4177826007207235 600000
1695310993522 0.3567733872371415 604000
1695311012356 0.3902144300751388 608000
1695311030850 0.36265827072784307 612000
1695311049188 0.3586946787312627 616000
1695311068435 0.358337274302418 620000
1695311087414 0.34095228084673485 624000
1695311106068 0.3679262104133765 628000
1695311124502 0.40466689886525276 632000
1695311143173 0.4446023894784351 636000
1695311161547 0.4581963712659975 640000
1695311180139 0.4072595595071713 644000
1695311198623 0.39946755801017086 648000
1695311217037 0.4129753991961479 652000
1695311235345 0.4405327067089578 656000
1695311253747 0.4342879133609434 660000
1695311272670 0.44078483115881684 664000
1695311293342 0.4037496058115115 668000
1695311312891 0.41227844956641396 672000
1695311332611 0.41690674405545 676000
1695311352134 0.44716249344249565 680000
1695311371391 0.42667766800150275 684000
1695311391098 0.5048759954360624 688000
1695311410807 0.40599186342830457 692000
1695311430544 0.4333114819601178 696000
1695311449889 0.4929603325823943 700000
1695311469607 0.3934294119477272 704000
1695311489021 0.3843607325106859 708000
1695311507779 0.44473003554157914 712000
1695311525317 0.42555767331893246 716000
1695311545217 0.4059048370458186 720000
1695311563459 0.41019313282643755 724000
1695311580684 0.40243643966193 728000
1695311597935 0.40873015228038034 732000
1695311614968 0.34753014729358256 736000
1695311633170 0.464229901197056 740000
1695311651532 0.4243691583474477 744000
1695311670684 0.3789409315834443 748000
1695311688319 0.4001843944191933 752000
1695311705548 0.4795478989991049 756000
1695311723961 0.4191334838668505 760000
1695311742214 0.38374642077833415 764000
1695311760368 0.3749294119266172 768000
1695311778465 0.4309843744772176 772000
1695311796528 0.46510616100082797 776000
1695311814099 0.43436648106823367 780000
1695311831644 0.3592281439807266 784000
