1695308366415 0.0010000000000000005 4000
1695308382002 0.0010000000000000005 8000
1695308398705 0.0010000000000000005 12000
1695308415514 0.0010000000000000005 16000
1695308433139 0.0010000000000000005 20000
1695308450655 0.0010000000000000005 24000
1695308467272 0.0010000000000000005 28000
1695308484598 0.0010000000000000005 32000
1695308501553 0.0010000000000000005 36000
1695308517846 0.0010000000000000005 40000
1695308534373 0.0010000000000000005 44000
1695308550435 0.0010000000000000005 48000
1695308566580 0.0010000000000000005 52000
1695308582694 0.0010000000000000005 56000
1695308598972 0.0010000000000000005 60000
1695308614921 0.0010000000000000005 64000
1695308630982 0.0010000000000000005 68000
1695308646885 0.0010000000000000005 72000
1695308663047 0.0010000000000000005 76000
1695308679331 0.0010000000000000005 80000
1695308696675 0.0010000000000000005 84000
1695308714101 0.0010000000000000005 88000
1695308731385 0.0010000000000000005 92000
1695308748452 0.0010000000000000005 96000
1695308765566 0.0010000000000000005 100000
1695308782810 0.0010000000000000005 104000
1695308799797 0.0010000000000000005 108000
1695308816755 0.0010000000000000005 112000
1695308833831 0.0010000000000000005 116000
1695308850839 0.0010000000000000005 120000
1695308868068 0.0010000000000000005 124000
1695308885402 0.0010000000000000005 128000
1695308902953 0.0010000000000000005 132000
1695308920262 0.0010000000000000005 136000
1695308937694 0.0010000000000000005 140000
1695308955647 0.0010000000000000005 144000
1695308973253 0.0010000000000000005 148000
1695308991036 0.0010000000000000005 152000
1695309008089 0.0010000000000000005 156000
1695309025042 0.0010000000000000005 160000
1695309041909 0.0010000000000000005 164000
1695309058983 0.0010000000000000005 168000
1695309076382 0.0010000000000000005 172000
1695309093139 0.0010000000000000005 176000
1695309109829 0.0010000000000000005 180000
1695309126135 0.0010000000000000005 184000
1695309143075 0.0010000000000000005 188000
1695309161629 0.0010000000000000005 192000
1695309179133 0.0010000000000000005 196000
1695309196891 0.0010000000000000005 200000
1695309214145 0.0010000000000000005 204000
1695309232096 0.0010000000000000005 208000
1695309248810 0.0010000000000000005 212000
1695309265908 0.0010000000000000005 216000
1695309283812 0.0010000000000000005 220000
1695309301834 0.0010000000000000005 224000
1695309319364 0.0010000000000000005 228000
1695309336462 0.0010000000000000005 232000
1695309353452 0.0010000000000000005 236000
1695309370995 0.0010000000000000005 240000
1695309387777 0.0010000000000000005 244000
1695309404578 0.0010000000000000005 248000
1695309421001 0.0010000000000000005 252000
1695309437251 0.0010000000000000005 256000
1695309453756 0.0010000000000000005 260000
1695309471020 0.0010000000000000005 264000
1695309487927 0.0010000000000000005 268000
1695309504541 0.0010000000000000005 272000
1695309521849 0.0010000000000000005 276000
1695309538425 0.0010000000000000005 280000
1695309554855 0.0010000000000000005 284000
1695309571762 0.0010000000000000005 288000
1695309588345 0.0010000000000000005 292000
1695309604956 0.0010000000000000005 296000
1695309621215 0.0010000000000000005 300000
1695309637636 0.0010000000000000005 304000
1695309653987 0.0010000000000000005 308000
1695309670447 0.0010000000000000005 312000
1695309686928 0.0010000000000000005 316000
1695309703531 0.0010000000000000005 320000
1695309720137 0.0010000000000000005 324000
1695309736788 0.0010000000000000005 328000
1695309753503 0.0010000000000000005 332000
1695309770672 0.0010000000000000005 336000
1695309788460 0.0010000000000000005 340000
1695309806311 0.0010000000000000005 344000
1695309823955 0.0010000000000000005 348000
1695309841552 0.0010000000000000005 352000
1695309859469 0.0010000000000000005 356000
1695309877067 0.0010000000000000005 360000
1695309895264 0.0010000000000000005 364000
1695309912933 0.0010000000000000005 368000
1695309930538 0.0010000000000000005 372000
1695309948127 0.0010000000000000005 376000
1695309965697 0.0010000000000000005 380000
1695309983376 0.0010000000000000005 384000
1695310001841 0.0010000000000000005 388000
1695310019176 0.0010000000000000005 392000
1695310037277 0.0010000000000000005 396000
1695310058532 0.0010000000000000005 400000
1695310080130 0.0010000000000000005 404000
1695310099861 0.0010000000000000005 408000
1695310120052 0.0010000000000000005 412000
1695310136677 0.0010000000000000005 416000
1695310153381 0.0010000000000000005 420000
1695310170878 0.0010000000000000005 424000
1695310189130 0.0010000000000000005 428000
1695310207468 0.0010000000000000005 432000
1695310225724 0.0010000000000000005 436000
1695310244145 0.0010000000000000005 440000
1695310262461 0.0010000000000000005 444000
1695310280731 0.0010000000000000005 448000
1695310299221 0.0010000000000000005 452000
1695310318064 0.0010000000000000005 456000
1695310336793 0.0010000000000000005 460000
1695310355296 0.0010000000000000005 464000
1695310373960 0.0010000000000000005 468000
1695310392712 0.0010000000000000005 472000
1695310411194 0.0010000000000000005 476000
1695310429621 0.0010000000000000005 480000
1695310448027 0.0010000000000000005 484000
1695310466468 0.0010000000000000005 488000
1695310485113 0.0010000000000000005 492000
1695310503590 0.0010000000000000005 496000
1695310522004 0.0010000000000000005 500000
1695310540713 0.0010000000000000005 504000
1695310559058 0.0010000000000000005 508000
1695310577742 0.0010000000000000005 512000
1695310596088 0.0010000000000000005 516000
1695310614685 0.0010000000000000005 520000
1695310633251 0.0010000000000000005 524000
1695310651735 0.0010000000000000005 528000
1695310670087 0.0010000000000000005 532000
1695310688444 0.0010000000000000005 536000
1695310706949 0.0010000000000000005 540000
1695310725480 0.0010000000000000005 544000
1695310744088 0.0010000000000000005 548000
1695310762489 0.0010000000000000005 552000
1695310781014 0.0010000000000000005 556000
1695310799256 0.0010000000000000005 560000
1695310818211 0.0010000000000000005 564000
1695310836148 0.0010000000000000005 568000
1695310852941 0.0010000000000000005 572000
1695310869738 0.0010000000000000005 576000
1695310886340 0.0010000000000000005 580000
1695310903044 0.0010000000000000005 584000
1695310919949 0.0010000000000000005 588000
1695310937740 0.0010000000000000005 592000
1695310956129 0.0010000000000000005 596000
1695310974847 0.0010000000000000005 600000
1695310993522 0.0010000000000000005 604000
1695311012356 0.0010000000000000005 608000
1695311030850 0.0010000000000000005 612000
1695311049188 0.0010000000000000005 616000
1695311068436 0.0010000000000000005 620000
1695311087414 0.0010000000000000005 624000
1695311106069 0.0010000000000000005 628000
1695311124502 0.0010000000000000005 632000
1695311143174 0.0010000000000000005 636000
1695311161548 0.0010000000000000005 640000
1695311180139 0.0010000000000000005 644000
1695311198623 0.0010000000000000005 648000
1695311217037 0.0010000000000000005 652000
1695311235345 0.0010000000000000005 656000
1695311253747 0.0010000000000000005 660000
1695311272670 0.0010000000000000005 664000
1695311293343 0.0010000000000000005 668000
1695311312891 0.0010000000000000005 672000
1695311332611 0.0010000000000000005 676000
1695311352135 0.0010000000000000005 680000
1695311371392 0.0010000000000000005 684000
1695311391098 0.0010000000000000005 688000
1695311410807 0.0010000000000000005 692000
1695311430544 0.0010000000000000005 696000
1695311449889 0.0010000000000000005 700000
1695311469607 0.0010000000000000005 704000
1695311489021 0.0010000000000000005 708000
1695311507779 0.0010000000000000005 712000
1695311525317 0.0010000000000000005 716000
1695311545218 0.0010000000000000005 720000
1695311563459 0.0010000000000000005 724000
1695311580685 0.0010000000000000005 728000
1695311597935 0.0010000000000000005 732000
1695311614968 0.0010000000000000005 736000
1695311633170 0.0010000000000000005 740000
1695311651532 0.0010000000000000005 744000
1695311670684 0.0010000000000000005 748000
1695311688319 0.0010000000000000005 752000
1695311705548 0.0010000000000000005 756000
1695311723961 0.0010000000000000005 760000
1695311742214 0.0010000000000000005 764000
1695311760368 0.0010000000000000005 768000
1695311778465 0.0010000000000000005 772000
1695311796528 0.0010000000000000005 776000
1695311814099 0.0010000000000000005 780000
1695311831644 0.0010000000000000005 784000
