1695308366414 0.6280368632947405 4000
1695308382000 0.8258052169034878 8000
1695308398704 0.9306123565882445 12000
1695308415512 0.9816592570394278 16000
1695308433138 1.106918807203571 20000
1695308450653 1.1442162324363987 24000
1695308467270 1.0760899933675925 28000
1695308484597 1.1282452239344518 32000
1695308501551 1.234022118151188 36000
1695308517844 1.2595797170574465 40000
1695308534371 1.2928586641947428 44000
1695308550433 1.3728773011515538 48000
1695308566578 1.461150082324942 52000
1695308582692 1.5188404167070986 56000
1695308598970 1.5412896500279507 60000
1695308614920 1.627102381301423 64000
1695308630980 1.548842219201227 68000
1695308646883 1.5860953419158856 72000
1695308663045 1.5801191987469791 76000
1695308679329 1.605131720378995 80000
1695308696673 1.6129065425445637 84000
1695308714100 1.6662936152269443 88000
1695308731384 1.7396572820842267 92000
1695308748450 1.7916967621694009 96000
1695308765565 1.745827051003774 100000
1695308782808 1.7914285046358904 104000
1695308799796 1.8827730737626553 108000
1695308816753 1.8569683071225882 112000
1695308833830 1.9047264557952681 116000
1695308850838 1.8571703191225728 120000
1695308868066 1.8967513942470153 124000
1695308885400 1.8634045425181587 128000
1695308902952 1.8190137441580494 132000
1695308920261 1.8407693448786935 136000
1695308937692 1.8559814268102248 140000
1695308955645 2.051068096173306 144000
1695308973251 2.0209297825892767 148000
1695308991034 2.050164945796132 152000
1695309008088 2.1730510431031385 156000
1695309025041 1.9584803472583492 160000
1695309041907 1.9160401176661253 164000
1695309058981 1.8788341151550412 168000
1695309076380 1.943614411354065 172000
1695309093137 1.9956669608751934 176000
1695309109827 2.1977708243454495 180000
1695309126133 2.1933916855603455 184000
1695309143073 2.1489640408505997 188000
1695309161627 2.2186136822526654 192000
1695309179132 2.0900071672474345 196000
1695309196889 2.031112643890083 200000
1695309214143 2.1337791598712403 204000
1695309232094 2.005180759044985 208000
1695309248808 2.0931544109558065 212000
1695309265907 2.345160551182926 216000
1695309283810 2.190731610978643 220000
1695309301832 2.208599762059748 224000
1695309319362 1.936221312607328 228000
1695309336460 2.4331103704869745 232000
1695309353450 2.18243912315617 236000
1695309370994 2.045003559316198 240000
1695309387776 1.9000134902074932 244000
1695309404576 1.9873569565514724 248000
1695309420999 1.9587115533649921 252000
1695309437249 2.021896255078415 256000
1695309453754 1.7983190846939883 260000
1695309471018 2.0073948625475166 264000
1695309487925 1.9444462456429998 268000
1695309504539 1.9741152366623282 272000
1695309521847 2.072680832011004 276000
1695309538424 1.866817513667047 280000
1695309554853 1.9274730055282514 284000
1695309571761 1.9906305786843101 288000
1695309588343 2.1062242264548936 292000
1695309604954 1.9585059850787123 296000
1695309621213 2.0296320422242085 300000
1695309637634 1.9307069567963482 304000
1695309653986 1.891602226967613 308000
1695309670446 2.186457936838269 312000
1695309686926 2.0771148012330136 316000
1695309703529 1.8799710512782137 320000
1695309720136 2.102328902731339 324000
1695309736786 1.9078704427927733 328000
1695309753501 1.9889560909320911 332000
1695309770670 2.1493783936525386 336000
1695309788459 1.9259558350468675 340000
1695309806309 1.9445468539992967 344000
1695309823953 1.8670999184250832 348000
1695309841551 2.0021754008407395 352000
1695309859467 1.9801226726422707 356000
1695309877065 2.0003300873562693 360000
1695309895262 1.991178889013827 364000
1695309912932 2.1711461572597424 368000
1695309930537 2.3768709039936464 372000
1695309948126 2.107767158995072 376000
1695309965695 2.164123720365266 380000
1695309983374 2.3656650324662527 384000
1695310001840 2.1599499455342692 388000
1695310019175 2.178874024686714 392000
1695310037275 2.1992575840403634 396000
1695310058530 2.017956920899451 400000
1695310080128 2.0361505822589 404000
1695310099859 2.147592969487111 408000
1695310120050 1.9707483941689135 412000
1695310136676 2.145955016774436 416000
1695310153380 2.261101817091306 420000
1695310170876 2.2029300507158043 424000
1695310189128 1.5869728321830432 428000
1695310207467 1.9423723165566722 432000
1695310225723 2.1502283145363132 436000
1695310244143 2.0520009554922582 440000
1695310262459 1.764108719304204 444000
1695310280729 2.046292911035319 448000
1695310299220 2.0426726738611856 452000
1695310318062 2.022859261184931 456000
1695310336791 1.9707483754803736 460000
1695310355294 2.1952339767167968 464000
1695310373958 1.8552681105832258 468000
1695310392710 2.1048583262289564 472000
1695310411192 1.7528822887067994 476000
1695310429619 2.1432076051210363 480000
1695310448025 2.1658119400963187 484000
1695310466466 1.9916311877469222 488000
1695310485111 2.0911191716169317 492000
1695310503588 1.7386237641175588 496000
1695310522002 1.639694432541728 500000
1695310540711 1.8203302817419171 504000
1695310559056 2.2112358942627908 508000
1695310577741 2.179211361333728 512000
1695310596086 1.7710269400849938 516000
1695310614684 1.8526436040798824 520000
1695310633249 1.9661409803355734 524000
1695310651734 2.2603071856622896 528000
1695310670085 2.3142317899813256 532000
1695310688442 1.8458523316308857 536000
1695310706947 1.7843047187353174 540000
1695310725478 1.871971831843257 544000
1695310744086 1.964163396321237 548000
1695310762487 1.8672186731671294 552000
1695310781012 2.2185290649533274 556000
1695310799255 2.214894640445709 560000
1695310818209 2.0432315705964963 564000
1695310836147 2.1525263941536346 568000
1695310852939 2.0792114614198605 572000
1695310869736 1.629136804646502 576000
1695310886338 2.0406261707966524 580000
1695310903042 2.037703013792634 584000
1695310919948 1.8708795682216683 588000
1695310937738 1.662375012692064 592000
1695310956127 1.7014342808475098 596000
1695310974845 2.151059468028446 600000
1695310993520 1.6174832427253325 604000
1695311012354 1.5018821503346165 608000
1695311030848 1.5868980896969636 612000
1695311049186 1.5875857681035996 616000
1695311068434 1.4700713112639885 620000
1695311087412 1.734555749843518 624000
1695311106067 1.8220435654123623 628000
1695311124500 2.0138439275324345 632000
1695311143172 2.0571152857815225 636000
1695311161546 1.8751908586050072 640000
1695311180137 1.5295143126199642 644000
1695311198621 1.7075527169120808 648000
1695311217035 1.773776031502833 652000
1695311235344 2.187120696219305 656000
1695311253746 1.9760638649264972 660000
1695311272668 1.7261097181588412 664000
1695311293341 1.8031076181369523 668000
1695311312889 1.6509344212710857 672000
1695311332610 1.621166246260206 676000
1695311352133 2.037942458316684 680000
1695311371390 1.8497938705608248 684000
1695311391096 1.9946386470769844 688000
1695311410805 1.5422763551895817 692000
1695311430542 1.740770167298615 696000
1695311449887 2.09574970168372 700000
1695311469606 1.445700866015007 704000
1695311489020 1.7128634454061589 708000
1695311507777 1.7900104065115252 712000
1695311525315 1.5128655571490526 716000
1695311545216 1.5399821589700877 720000
1695311563457 1.5681655692557495 724000
1695311580683 1.5468500721578797 728000
1695311597934 1.7833251483738422 732000
1695311614967 1.78346096444875 736000
1695311633169 2.1629945671806734 740000
1695311651530 1.884647499769926 744000
1695311670683 1.6769806897888582 748000
1695311688318 1.8450048249214888 752000
1695311705547 2.560025144120057 756000
1695311723960 1.774425407126546 760000
1695311742212 1.7036139731295408 764000
1695311760366 1.687053991140177 768000
1695311778464 1.8741955465947588 772000
1695311796527 2.2265258843700093 776000
1695311814097 2.0483940231303372 780000
1695311831642 1.8029535525167981 784000
