1695308366415 0.01169158284608972 4000
1695308382001 0.011591201454665282 8000
1695308398705 0.01047588856868186 12000
1695308415514 0.011471970409942633 16000
1695308433139 0.014479086474427838 20000
1695308450654 0.010806673271719535 24000
1695308467272 0.010079873256850539 28000
1695308484598 0.011371717053144085 32000
1695308501553 0.013979242830171185 36000
1695308517845 0.012994767466965148 40000
1695308534372 0.011561350622951256 44000
1695308550435 0.013079691851672237 48000
1695308566580 0.01242189438049776 52000
1695308582694 0.013386682840420347 56000
1695308598972 0.017334775892042426 60000
1695308614921 0.012686800076821641 64000
1695308630981 0.011215871134731704 68000
1695308646885 0.011591800410970639 72000
1695308663047 0.009147279356164972 76000
1695308679331 0.014406262325227697 80000
1695308696675 0.013516145138547604 84000
1695308714101 0.011376319680052437 88000
1695308731385 0.012195990809540305 92000
1695308748452 0.010593045148171765 96000
1695308765566 0.009888095397104705 100000
1695308782810 0.011588476622700374 104000
1695308799797 0.013108846337120953 108000
1695308816754 0.011925768311796977 112000
1695308833831 0.014830924630183219 116000
1695308850839 0.013474539972549764 120000
1695308868068 0.011413515760884115 124000
1695308885401 0.012723547066821014 128000
1695308902953 0.0119531154088337 132000
1695308920262 0.010395320131198149 136000
1695308937693 0.011514905246942967 140000
1695308955647 0.012699999553825373 144000
1695308973253 0.01251064843710855 148000
1695308991035 0.012357450874452705 152000
1695309008089 0.01482927011606554 156000
1695309025042 0.009915753133375298 160000
1695309041908 0.011866919602562085 164000
1695309058982 0.013800490194379521 168000
1695309076381 0.012947925360122828 172000
1695309093139 0.01243617068257284 176000
1695309109828 0.011638825926814119 180000
1695309126135 0.012121846840521902 184000
1695309143074 0.010725805972636853 188000
1695309161628 0.012846900465106155 192000
1695309179133 0.009728908528227624 196000
1695309196891 0.010758146446719744 200000
1695309214145 0.011103943301236803 204000
1695309232095 0.011720152717330509 208000
1695309248810 0.011389498452611708 212000
1695309265908 0.012191314796639633 216000
1695309283811 0.011339699192772439 220000
1695309301834 0.011496868252603178 224000
1695309319363 0.008737912885029194 228000
1695309336461 0.01064192027681467 232000
1695309353452 0.012325666530887241 236000
1695309370995 0.012231831993136022 240000
1695309387777 0.008852202692075909 244000
1695309404578 0.011416097400577504 248000
1695309421000 0.01169519700002038 252000
1695309437251 0.013249545884582404 256000
1695309453756 0.008257005889631817 260000
1695309471019 0.00833518753214293 264000
1695309487927 0.00984470507837095 268000
1695309504540 0.011098720303968435 272000
1695309521849 0.011842553327199962 276000
1695309538425 0.013819238026475363 280000
1695309554855 0.010608494224083265 284000
1695309571762 0.011494891499553963 288000
1695309588344 0.011279289920490971 292000
1695309604955 0.007934587966603575 296000
1695309621215 0.010105377496536979 300000
1695309637636 0.008822652053339415 304000
1695309653987 0.012525969114189668 308000
1695309670447 0.009519738532869108 312000
1695309686927 0.00942895174772765 316000
1695309703531 0.009580965886256839 320000
1695309720137 0.01162754732649531 324000
1695309736788 0.012803878489403757 328000
1695309753502 0.009507708858679515 332000
1695309770671 0.011162982394148223 336000
1695309788460 0.009188259897655371 340000
1695309806310 0.009304320085696328 344000
1695309823955 0.011491100956726726 348000
1695309841552 0.010391372202989638 352000
1695309859469 0.008717987122288487 356000
1695309877067 0.010199837791784223 360000
1695309895263 0.008676315443087694 364000
1695309912933 0.01155593361171654 368000
1695309930538 0.008551053730131822 372000
1695309948127 0.00939860819039969 376000
1695309965697 0.008606619861579025 380000
1695309983376 0.011023213367876046 384000
1695310001841 0.00937429135919844 388000
1695310019176 0.011133567156452766 392000
1695310037277 0.010223096968912446 396000
1695310058531 0.015601776447537456 400000
1695310080129 0.00825987900322656 404000
1695310099861 0.009813495742913715 408000
1695310120052 0.009828337807121248 412000
1695310136677 0.00825340881243115 416000
1695310153381 0.009676485313079927 420000
1695310170878 0.008478434787803872 424000
1695310189130 0.006375659231223494 428000
1695310207468 0.009447807586114753 432000
1695310225724 0.01127597336110933 436000
1695310244145 0.007870620631711874 440000
1695310262460 0.00795628613878824 444000
1695310280730 0.01155682800778853 448000
1695310299221 0.00880908967777332 452000
1695310318064 0.009662101199182054 456000
1695310336793 0.010518967182119683 460000
1695310355295 0.008184358255194056 464000
1695310373960 0.00827226112832626 468000
1695310392711 0.012015881982235254 472000
1695310411194 0.007930596536826085 476000
1695310429621 0.010620060208430888 480000
1695310448027 0.008380374202153462 484000
1695310466468 0.007140092114795501 488000
1695310485112 0.009926679140645316 492000
1695310503590 0.007536690895610185 496000
1695310522003 0.00814150734591665 500000
1695310540712 0.0094585578748558 504000
1695310559058 0.009142962391009254 508000
1695310577742 0.008735622319898084 512000
1695310596088 0.009957563217618788 516000
1695310614685 0.00921948423892586 520000
1695310633250 0.009024514668679255 524000
1695310651735 0.009516356490968759 528000
1695310670086 0.012086159803876957 532000
1695310688444 0.00893260042060174 536000
1695310706949 0.007673732779411881 540000
1695310725480 0.007309432236170449 544000
1695310744087 0.008420156848062754 548000
1695310762488 0.009780825481910053 552000
1695310781013 0.00952903349188037 556000
1695310799256 0.012832557796885132 560000
1695310818211 0.00815448439852399 564000
1695310836148 0.007801713475805199 568000
1695310852941 0.010210761771257048 572000
1695310869737 0.006853603477985596 576000
1695310886339 0.010379558367198272 580000
1695310903043 0.009672083110005955 584000
1695310919949 0.00807092157831789 588000
1695310937740 0.00714486311266496 592000
1695310956129 0.008593634855572744 596000
1695310974847 0.011478513805716755 600000
1695310993522 0.006849535625735352 604000
1695311012356 0.008181480782749889 608000
1695311030850 0.007371704091480069 612000
1695311049188 0.008211206064077048 616000
1695311068435 0.007462905345741831 620000
1695311087413 0.006703994257038866 624000
1695311106068 0.00744193808241862 628000
1695311124501 0.010234119767037475 632000
1695311143173 0.007575989568282724 636000
1695311161547 0.00890013582834654 640000
1695311180139 0.00750704722866531 644000
1695311198623 0.007810965482882041 648000
1695311217037 0.009588070946375794 652000
1695311235345 0.012613704208620622 656000
1695311253747 0.007396295555244842 660000
1695311272669 0.0072080471569485015 664000
1695311293342 0.0077622550354094115 668000
1695311312890 0.006660749114216932 672000
1695311332611 0.006438629977799261 676000
1695311352134 0.009877033841940663 680000
1695311371391 0.00895370858872108 684000
1695311391098 0.012685883124656126 688000
1695311410806 0.007334344861035682 692000
1695311430544 0.011916482556586982 696000
1695311449889 0.009476695510051676 700000
1695311469607 0.006925996700517691 704000
1695311489021 0.008388896968007448 708000
1695311507779 0.00957422501826386 712000
1695311525316 0.007995038374372742 716000
1695311545217 0.007157725068947141 720000
1695311563458 0.009793639624269964 724000
1695311580684 0.006372419162650093 728000
1695311597935 0.01118630892334238 732000
1695311614968 0.009476706264244135 736000
1695311633170 0.025994125920056867 740000
1695311651532 0.005132676790940969 744000
1695311670684 0.006369651364138917 748000
1695311688319 0.006640616252653257 752000
1695311705548 0.010486055955171198 756000
1695311723961 0.007960799270389203 760000
1695311742213 0.006061721873299675 764000
1695311760368 0.00717500482096088 768000
1695311778465 0.008223722928205331 772000
1695311796528 0.008345992173366195 776000
1695311814099 0.007338591927125352 780000
1695311831643 0.005450911079353667 784000
