1695308366414 -0.018118535082855183 4000
1695308382001 -0.017924785468979583 8000
1695308398705 -0.016776494548442617 12000
1695308415513 -0.01800198444883184 16000
1695308433138 -0.022293892786062013 20000
1695308450654 -0.0217277104871755 24000
1695308467271 -0.017901659418081788 28000
1695308484598 -0.018109847924885496 32000
1695308501552 -0.022094223193562357 36000
1695308517845 -0.01881698189972667 40000
1695308534372 -0.02096337715241437 44000
1695308550434 -0.020011175729935833 48000
1695308566579 -0.02110200070407397 52000
1695308582693 -0.021781392472378987 56000
1695308598971 -0.026874181745612683 60000
1695308614920 -0.024734534140346418 64000
1695308630981 -0.021640086976791886 68000
1695308646884 -0.021619169782206883 72000
1695308663046 -0.016893280300428158 76000
1695308679330 -0.026515010391691855 80000
1695308696674 -0.025417012405523565 84000
1695308714100 -0.01918304263817845 88000
1695308731384 -0.026156826469499114 92000
1695308748451 -0.02406406853212199 96000
1695308765565 -0.019255687089268274 100000
1695308782809 -0.023710071559859595 104000
1695308799796 -0.023559695727696332 108000
1695308816754 -0.025965251562107976 112000
1695308833830 -0.02637280371709494 116000
1695308850838 -0.029239864776900503 120000
1695308868067 -0.021840371539292393 124000
1695308885401 -0.02120702448349524 128000
1695308902952 -0.023460534954210743 132000
1695308920261 -0.020857404188912673 136000
1695308937693 -0.022047991998745905 140000
1695308955646 -0.022895904316101223 144000
1695308973252 -0.02180647536588367 148000
1695308991035 -0.02448702729792179 152000
1695309008088 -0.027275837452422517 156000
1695309025042 -0.02040394470532192 160000
1695309041908 -0.022277891500561964 164000
1695309058982 -0.026764872154065717 168000
1695309076381 -0.02550457711186027 172000
1695309093138 -0.025467010938155 176000
1695309109828 -0.01831451036268845 180000
1695309126134 -0.02297038940305356 184000
1695309143074 -0.022375382136912474 188000
1695309161628 -0.026231722347438334 192000
1695309179132 -0.018576540057983947 196000
1695309196890 -0.019651049566891742 200000
1695309214144 -0.020503623847131773 204000
1695309232095 -0.020759434882590237 208000
1695309248809 -0.020418702777048263 212000
1695309265908 -0.02588557517786588 216000
1695309283811 -0.025874017160094808 220000
1695309301833 -0.022201986008925208 224000
1695309319363 -0.01861070452311348 228000
1695309336461 -0.023231988424959125 232000
1695309353451 -0.024430408142264545 236000
1695309370994 -0.02965584706592684 240000
1695309387776 -0.017040677762027674 244000
1695309404577 -0.022064665681682527 248000
1695309421000 -0.02517143509418626 252000
1695309437250 -0.0255492449500404 256000
1695309453755 -0.016989352238548843 260000
1695309471019 -0.02071478201833088 264000
1695309487926 -0.02040311471161355 268000
1695309504540 -0.02340750372192512 272000
1695309521848 -0.019964036260110635 276000
1695309538424 -0.028287106498222178 280000
1695309554854 -0.024192755415667004 284000
1695309571761 -0.029710243553563487 288000
1695309588344 -0.0221199259988983 292000
1695309604955 -0.01749478391817926 296000
1695309621214 -0.025824220261226098 300000
1695309637635 -0.017838215841766213 304000
1695309653986 -0.026929775389968807 308000
1695309670446 -0.02108499226063335 312000
1695309686927 -0.02111325537407538 316000
1695309703530 -0.02328965368166488 320000
1695309720136 -0.02472544990572108 324000
1695309736787 -0.023651028272433906 328000
1695309753502 -0.02215004824732508 332000
1695309770671 -0.024356379606372987 336000
1695309788460 -0.018479091405849128 340000
1695309806310 -0.02175707310670987 344000
1695309823954 -0.021989902142377105 348000
1695309841551 -0.018584507876706388 352000
1695309859468 -0.018444870392947146 356000
1695309877066 -0.022094275831720248 360000
1695309895263 -0.018872587911513014 364000
1695309912932 -0.025311404342452683 368000
1695309930537 -0.017969895803738232 372000
1695309948126 -0.02080022033381586 376000
1695309965696 -0.021057370810497862 380000
1695309983375 -0.021880987738647186 384000
1695310001840 -0.022748335720583174 388000
1695310019175 -0.024519784243602773 392000
1695310037276 -0.025041312660565987 396000
1695310058530 -0.029266302078758598 400000
1695310080128 -0.01839914620043904 404000
1695310099860 -0.0227344917046139 408000
1695310120051 -0.023022748023746924 412000
1695310136676 -0.018822280962194782 416000
1695310153380 -0.021814494836386682 420000
1695310170877 -0.017662804461239526 424000
1695310189129 -0.011409998601205491 428000
1695310207467 -0.018982575347278423 432000
1695310225723 -0.02549984633975934 436000
1695310244144 -0.020655442896531893 440000
1695310262460 -0.01781934136900721 444000
1695310280730 -0.022395186443948962 448000
1695310299220 -0.019103304387438888 452000
1695310318063 -0.02387722324638162 456000
1695310336792 -0.025090935965999962 460000
1695310355295 -0.021152337810538786 464000
1695310373959 -0.023434015549173636 468000
1695310392710 -0.023684009004985757 472000
1695310411193 -0.021449421081342734 476000
1695310429620 -0.022034944966435432 480000
1695310448026 -0.019871423581571436 484000
1695310466467 -0.016170097511591545 488000
1695310485111 -0.022026328226396195 492000
1695310503589 -0.01611275417963043 496000
1695310522003 -0.01629519549557396 500000
1695310540712 -0.019283068742030687 504000
1695310559057 -0.02089860134292394 508000
1695310577741 -0.02062138346785408 512000
1695310596087 -0.02084238270666295 516000
1695310614684 -0.021443958508704477 520000
1695310633250 -0.020928555511394126 524000
1695310651734 -0.02585515100702954 528000
1695310670086 -0.022050033019816815 532000
1695310688443 -0.020823552302317694 536000
1695310706948 -0.021616399583338837 540000
1695310725479 -0.022053393021875915 544000
1695310744087 -0.019088155292896165 548000
1695310762488 -0.01870203631745729 552000
1695310781013 -0.020976345784098762 556000
1695310799255 -0.02555124021091615 560000
1695310818210 -0.018488134618867964 564000
1695310836148 -0.01778586916043423 568000
1695310852940 -0.020947986812825548 572000
1695310869737 -0.016343971952543748 576000
1695310886339 -0.023934923827861592 580000
1695310903043 -0.021311607941485514 584000
1695310919949 -0.021984814845927757 588000
1695310937739 -0.014867577160475775 592000
1695310956128 -0.020113864515102855 596000
1695310974846 -0.025237180703455427 600000
1695310993521 -0.019570443515355387 604000
1695311012355 -0.015660184693600362 608000
1695311030849 -0.019454339925626604 612000
1695311049187 -0.017404202788263014 616000
1695311068435 -0.015288788287580245 620000
1695311087413 -0.014586881231419586 624000
1695311106068 -0.019435720928595402 628000
1695311124501 -0.020671902502848147 632000
1695311143173 -0.015917338099340365 636000
1695311161547 -0.018750235055874025 640000
1695311180138 -0.020708301676737997 644000
1695311198622 -0.018174458670061237 648000
1695311217036 -0.017275532342318912 652000
1695311235344 -0.02813572553131962 656000
1695311253746 -0.016210154032160064 660000
1695311272669 -0.013832685684610624 664000
1695311293342 -0.01642046406971834 668000
1695311312890 -0.01486760145368559 672000
1695311332610 -0.01304419993175543 676000
1695311352134 -0.02557221945486769 680000
1695311371391 -0.01905549398846536 684000
1695311391097 -0.019428926905675326 688000
1695311410806 -0.015499241018066339 692000
1695311430543 -0.02371594410093773 696000
1695311449888 -0.021116617689889 700000
1695311469606 -0.01612990766298026 704000
1695311489020 -0.020135284730834733 708000
1695311507778 -0.019091775336467737 712000
1695311525316 -0.01851976972587484 716000
1695311545217 -0.012139257116359659 720000
1695311563458 -0.018528516368799805 724000
1695311580684 -0.010907509578949733 728000
1695311597934 -0.023254121598680892 732000
1695311614967 -0.02128126082146385 736000
1695311633169 -0.03449033355015369 740000
1695311651531 -0.012728108306085536 744000
1695311670683 -0.018227679694246036 748000
1695311688318 -0.017250277093990008 752000
1695311705547 -0.016181361733470113 756000
1695311723960 -0.02013766097164383 760000
1695311742213 -0.01861607746517014 764000
1695311760367 -0.018060753830165293 768000
1695311778464 -0.021943570511454406 772000
1695311796528 -0.023921807389221308 776000
1695311814098 -0.022134564801914773 780000
1695311831643 -0.013804174596346759 784000
