1695308366414 0.005763431255369748 4000
1695308382000 0.02602029487073499 8000
1695308398704 0.02943668065381644 12000
1695308415513 0.006762293196879909 16000
1695308433138 0.025513916358067944 20000
1695308450654 0.01379042758004895 24000
1695308467271 0.012728535643570163 28000
1695308484597 0.01701884768541883 32000
1695308501552 0.027440290498755834 36000
1695308517844 0.015374516166290656 40000
1695308534372 0.014982680555840488 44000
1695308550434 0.007524904175807023 48000
1695308566579 0.0207984053814774 52000
1695308582693 0.04094254868881156 56000
1695308598971 0.000507447891626119 60000
1695308614920 0.026101743573963176 64000
1695308630981 0.0349604583675197 68000
1695308646884 0.01878644988076606 72000
1695308663046 0.029922617397278372 76000
1695308679330 0.0314930977440478 80000
1695308696674 0.011144520568632289 84000
1695308714100 0.0225248421223417 88000
1695308731384 0.018524623529689657 92000
1695308748451 0.03730126237296645 96000
1695308765565 0.03549241898290347 100000
1695308782809 0.026684779644165248 104000
1695308799796 0.019277029904939506 108000
1695308816754 0.015108167014356392 112000
1695308833830 0.026266178261160653 116000
1695308850838 -0.006335800728508426 120000
1695308868067 0.03362875380759457 124000
1695308885401 0.034590073801882684 128000
1695308902952 0.02880359199286128 132000
1695308920261 0.024324388872022002 136000
1695308937692 0.028256373289210993 140000
1695308955646 0.029244555709980583 144000
1695308973252 0.04222548907346209 148000
1695308991035 0.0421774136643459 152000
1695309008088 0.0539798531033739 156000
1695309025041 0.0571811348436313 160000
1695309041908 0.01588185100924117 164000
1695309058981 0.034823393760962065 168000
1695309076381 0.028826930922999358 172000
1695309093138 0.0553149126466451 176000
1695309109828 0.05041828396412408 180000
1695309126134 0.06996371650093351 184000
1695309143074 0.04714668710160671 188000
1695309161627 0.05765933554575895 192000
1695309179132 0.04605217627467937 196000
1695309196890 0.03497933854984391 200000
1695309214144 0.049885134448171206 204000
1695309232095 0.03906344522717215 208000
1695309248809 0.04695883417807636 212000
1695309265907 0.08610208143284884 216000
1695309283810 0.06246780861292791 220000
1695309301833 0.05412958736536287 224000
1695309319362 0.009710388722730083 228000
1695309336461 0.07463167174937553 232000
1695309353451 0.04910511314325656 236000
1695309370994 0.025771664724500928 240000
1695309387776 0.02808121475378963 244000
1695309404577 0.01611266287715504 248000
1695309421000 0.039813625494086104 252000
1695309437250 0.04940428562137337 256000
1695309453755 0.031941049572742485 260000
1695309471018 0.04840133597329744 264000
1695309487926 0.025518413142829863 268000
1695309504540 0.02304223305254709 272000
1695309521848 0.03965745838207416 276000
1695309538424 0.010713175677422745 280000
1695309554854 0.0174317627093842 284000
1695309571761 -0.011462780153427351 288000
1695309588344 0.03236024979244879 292000
1695309604954 0.038621272420944784 296000
1695309621214 0.009600683546280683 300000
1695309637635 0.024403780849994897 304000
1695309653986 0.005378020686839591 308000
1695309670446 0.042248004469972025 312000
1695309686927 0.02932345690302706 316000
1695309703530 0.015360293004778213 320000
1695309720136 -0.0013230033834891704 324000
1695309736787 0.0327702008621903 328000
1695309753501 0.028237555048569143 332000
1695309770670 0.022641873612034638 336000
1695309788459 0.004037384624704525 340000
1695309806310 0.017929066038777818 344000
1695309823954 0.006397186824324308 348000
1695309841551 0.021796651883172067 352000
1695309859468 0.03324695647352201 356000
1695309877066 0.01664245273374642 360000
1695309895262 0.027610146123940162 364000
1695309912932 0.011434629919676809 368000
1695309930537 0.02985874809346569 372000
1695309948126 0.006721085424518 376000
1695309965696 0.022252111621067647 380000
1695309983375 0.03313034573948244 384000
1695310001840 0.0014284886528912466 388000
1695310019175 -0.007798660493790521 392000
1695310037276 0.0197891530351626 396000
1695310058530 -0.013261401069030399 400000
1695310080128 0.006829798644866969 404000
1695310099860 0.034547931773098145 408000
1695310120051 -0.0060093701026441215 412000
1695310136676 0.02622005206818964 416000
1695310153380 0.011200632628970197 420000
1695310170877 0.04379548619641961 424000
1695310189129 0.009771342623328868 428000
1695310207467 0.02287381562261241 432000
1695310225723 0.041266001840449464 436000
1695310244144 0.02512171872616212 440000
1695310262459 -0.0019418194261864605 444000
1695310280730 0.030783953612020316 448000
1695310299220 0.042550285457931145 452000
1695310318063 0.015224742686586978 456000
1695310336792 -0.0009491643912042491 460000
1695310355294 0.04699376313049773 464000
1695310373959 0.017972998290133546 468000
1695310392710 0.007806618394655137 472000
1695310411193 0.018926246911723864 476000
1695310429620 0.020021378723322415 480000
1695310448026 0.046880284666622175 484000
1695310466467 0.024060652207360058 488000
1695310485111 0.034631672744762906 492000
1695310503589 0.0010636510680342326 496000
1695310522002 0.01150322007494348 500000
1695310540711 0.01673829616532506 504000
1695310559057 0.04866051044955384 508000
1695310577741 0.006723440061493117 512000
1695310596087 -0.0011129332993732532 516000
1695310614684 0.010941192111507311 520000
1695310633249 0.014458452891631168 524000
1695310651734 0.03733106088620843 528000
1695310670086 0.03229737136534823 532000
1695310688443 0.009390372015332105 536000
1695310706948 0.012048198381307884 540000
1695310725479 0.025713226272576623 544000
1695310744086 0.019506078616965777 548000
1695310762487 0.02326261339452079 552000
1695310781012 0.030589635033660065 556000
1695310799255 0.04253557956459796 560000
1695310818210 0.013825942023686366 564000
1695310836147 0.05032514919397121 568000
1695310852940 0.017258469243339885 572000
1695310869736 0.012743639135927272 576000
1695310886339 0.02275996141737172 580000
1695310903042 0.015104239774276114 584000
1695310919948 -0.008348314891190967 588000
1695310937739 0.018829973702122516 592000
1695310956128 -0.009423847549805941 596000
1695310974846 0.013158612939635835 600000
1695310993521 0.01172526376873672 604000
1695311012355 0.004347614926033808 608000
1695311030849 -0.005218536020159566 612000
1695311049187 -0.005158893877887749 616000
1695311068434 0.014596360149334941 620000
1695311087413 0.040074871010195544 624000
1695311106067 0.01863355496298027 628000
1695311124500 0.020200973607885923 632000
1695311143172 0.0442460515689163 636000
1695311161547 0.019942338633700273 640000
1695311180138 0.022592691963048615 644000
1695311198622 0.02081784010709574 648000
1695311217036 0.0004648342917789705 652000
1695311235344 0.04117562365766692 656000
1695311253746 0.016753848897072505 660000
1695311272669 0.02176804283517413 664000
1695311293341 0.006873008817638038 668000
1695311312889 0.014892708037223201 672000
1695311332610 0.020897591436005315 676000
1695311352134 0.02997633237937407 680000
1695311371390 0.028499264831407346 684000
1695311391097 0.02011435691135072 688000
1695311410806 0.010502027356778854 692000
1695311430543 0.019234571271954336 696000
1695311449888 0.014638362990929939 700000
1695311469606 0.008204171610244278 704000
1695311489020 0.016055159347464116 708000
1695311507778 0.014500401737799014 712000
1695311525316 0.0039015110859812316 716000
1695311545216 0.01624469957702483 720000
1695311563458 0.023092969223095377 724000
1695311580683 0.01685754772091362 728000
1695311597934 -0.007399384945165366 732000
1695311614967 0.013410740090148466 736000
1695311633169 0.0062275728060437055 740000
1695311651531 0.013850690393580105 744000
1695311670683 0.020699570406335018 748000
1695311688318 0.013717581598120887 752000
1695311705547 0.019188304131724485 756000
1695311723960 0.007322156999725849 760000
1695311742213 0.01076798377580417 764000
1695311760367 0.010325398546350091 768000
1695311778464 0.0265991647864818 772000
1695311796527 0.030378204437693058 776000
1695311814098 0.035982481304260246 780000
1695311831643 0.03380057396698248 784000
