1695308366415 0.09281879483411709 4000
1695308382001 0.11257772631943226 8000
1695308398705 0.11093361582607031 12000
1695308415514 0.2745564891025424 16000
1695308433139 0.2705448068678379 20000
1695308450654 0.18522416980316242 24000
1695308467271 0.1287437445173661 28000
1695308484598 0.1754234004765749 32000
1695308501552 0.09989032857120037 36000
1695308517845 0.19428129587322474 40000
1695308534372 0.23233598756293455 44000
1695308550435 0.2797011876478791 48000
1695308566579 0.1932046496619781 52000
1695308582693 0.1422647826994459 56000
1695308598972 0.3139171898365021 60000
1695308614921 0.24292921150724092 64000
1695308630981 0.127040517081817 68000
1695308646885 0.18154607880860568 72000
1695308663046 0.14244100855042538 76000
1695308679330 0.18566448104878266 80000
1695308696674 0.2369665299852689 84000
1695308714101 0.16454881684233744 88000
1695308731385 0.14593780605743328 92000
1695308748451 0.21374181204785903 96000
1695308765566 0.20926052425056696 100000
1695308782809 0.2708046357457837 104000
1695308799797 0.28103472174455724 108000
1695308816754 0.23967827968299388 112000
1695308833831 0.2682622200498978 116000
1695308850839 0.3894642390931646 120000
1695308868067 0.2737356597557664 124000
1695308885401 0.2744821747764945 128000
1695308902953 0.18543907888233663 132000
1695308920262 0.21144398196289937 136000
1695308937693 0.21595301795750857 140000
1695308955647 0.4385948346927762 144000
1695308973253 0.2749487745265166 148000
1695308991035 0.3277076404541731 152000
1695309008089 0.3238140979781747 156000
1695309025042 0.1911832505216201 160000
1695309041908 0.29243746170153223 164000
1695309058982 0.17873298544436694 168000
1695309076381 0.2846479345113039 172000
1695309093139 0.15018917980293434 176000
1695309109828 0.3036183896164099 180000
1695309126134 0.24590381296972433 184000
1695309143074 0.18743777970472972 188000
1695309161628 0.2670374926800529 192000
1695309179133 0.13481940384954214 196000
1695309196890 0.30829772222787144 200000
1695309214145 0.2686016660183668 204000
1695309232095 0.19015966958055894 208000
1695309248810 0.16035675629973412 212000
1695309265908 0.19756177434076866 216000
1695309283811 0.16354809453090033 220000
1695309301834 0.17070354136327903 224000
1695309319363 0.2657527597621083 228000
1695309336461 0.1870965862646699 232000
1695309353451 0.21243375384559235 236000
1695309370995 0.3301358504220843 240000
1695309387777 0.1863281503940622 244000
1695309404577 0.22979445451249678 248000
1695309421000 0.17834048749258122 252000
1695309437250 0.18670218971868355 256000
1695309453755 0.08705000815292199 260000
1695309471019 0.0783694975078106 264000
1695309487926 0.18395035552481812 268000
1695309504540 0.327197958342731 272000
1695309521848 0.19155978777756294 276000
1695309538425 0.29365782464543977 280000
1695309554855 0.17678269352763892 284000
1695309571762 0.342873677611351 288000
1695309588344 0.28790294770151376 292000
1695309604955 0.1467791576559345 296000
1695309621214 0.27071941072742145 300000
1695309637636 0.20719382539391518 304000
1695309653987 0.3267765829960505 308000
1695309670447 0.24782349672168494 312000
1695309686927 0.16038299538195133 316000
1695309703530 0.21735495620717604 320000
1695309720137 0.35167213963965577 324000
1695309736787 0.29916367239008346 328000
1695309753502 0.22046328044186037 332000
1695309770671 0.2782588083297014 336000
1695309788460 0.37451359710345666 340000
1695309806310 0.25872661198178926 344000
1695309823955 0.32191595484813057 348000
1695309841552 0.39003983947137993 352000
1695309859468 0.26803381244341534 356000
1695309877066 0.3243815132106344 360000
1695309895263 0.26768086223552623 364000
1695309912933 0.45989637716362874 368000
1695309930538 0.36972867529839276 372000
1695309948127 0.47939820581426223 376000
1695309965697 0.5445426952093839 380000
1695309983376 0.3863153095046679 384000
1695310001841 0.4900081826373935 388000
1695310019176 0.6563143608470757 392000
1695310037276 0.38629419847081103 396000
1695310058531 0.6117881126701832 400000
1695310080129 0.453695699510475 404000
1695310099860 0.3402638503660758 408000
1695310120051 0.5555092059696715 412000
1695310136677 0.3593704763179024 416000
1695310153381 0.4342451690385739 420000
1695310170877 0.29943082959701617 424000
1695310189129 0.5137727918103338 428000
1695310207468 0.36874721236526964 432000
1695310225724 0.273623719997704 436000
1695310244144 0.3182334398229917 440000
1695310262460 0.5812074776738883 444000
1695310280730 0.3781524501120051 448000
1695310299221 0.2664178656414151 452000
1695310318064 0.3823978930711746 456000
1695310336792 0.5074534497534235 460000
1695310355295 0.22806600406765937 464000
1695310373959 0.3561801694954435 468000
1695310392711 0.5331329785908262 472000
1695310411193 0.3800321853409211 476000
1695310429620 0.3456694372619192 480000
1695310448027 0.2598482199634115 484000
1695310466468 0.33153705888738233 488000
1695310485112 0.3463698923587799 492000
1695310503590 0.5920177520563205 496000
1695310522003 0.4877935711294413 500000
1695310540712 0.3888411105299989 504000
1695310559057 0.2618008079007268 508000
1695310577742 0.5636773554608225 512000
1695310596087 0.5889935689667861 516000
1695310614685 0.4626033382490277 520000
1695310633250 0.4319540925323963 524000
1695310651735 0.35260474532842634 528000
1695310670086 0.4098828773324688 532000
1695310688444 0.47455812357366084 536000
1695310706949 0.4165909412627419 540000
1695310725480 0.34052891576041777 544000
1695310744087 0.41430566689620413 548000
1695310762488 0.3741522449379166 552000
1695310781013 0.477716024654607 556000
1695310799256 0.2976798855389158 560000
1695310818210 0.44443193823099136 564000
1695310836148 0.2787981095413367 568000
1695310852941 0.408991379228731 572000
1695310869737 0.4807442269598444 576000
1695310886339 0.42278365703920523 580000
1695310903043 0.41390499112506707 584000
1695310919949 0.6469500652824839 588000
1695310937740 0.41747984060396753 592000
1695310956128 0.7483037123456597 596000
1695310974847 0.5019956056028605 600000
1695310993522 0.43957056434204184 604000
1695311012356 0.5883718436583877 608000
1695311030850 0.6116056334227323 612000
1695311049188 0.6949525933091839 616000
1695311068435 0.4931970410669843 620000
1695311087413 0.28817623710880674 624000
1695311106068 0.465446901631852 628000
1695311124501 0.4263178905472159 632000
1695311143173 0.3517454879358411 636000
1695311161547 0.44836900755763054 640000
1695311180138 0.3871243106201291 644000
1695311198623 0.39641247124721607 648000
1695311217037 0.6077760594586531 652000
1695311235345 0.4178786591937145 656000
1695311253747 0.5080399289106329 660000
1695311272669 0.4397118772069613 664000
1695311293342 0.5498196130618453 668000
1695311312890 0.4878588885689775 672000
1695311332611 0.4593544987340768 676000
1695311352134 0.3878574271996816 680000
1695311371391 0.3813408577814698 684000
1695311391097 0.4746394069865346 688000
1695311410806 0.5240342340742549 692000
1695311430543 0.41153421737253665 696000
1695311449888 0.5551303701475263 700000
1695311469607 0.6004206100478768 704000
1695311489021 0.46317757088691 708000
1695311507778 0.47930455189198257 712000
1695311525316 0.5785631772130728 716000
1695311545217 0.47407609013219676 720000
1695311563458 0.4013645677516858 724000
1695311580684 0.48457975406199694 728000
1695311597935 0.6437938412030538 732000
1695311614968 0.45459833753605683 736000
1695311633170 0.5561232550690571 740000
1695311651531 0.540629398698608 744000
1695311670684 0.48875241043667 748000
1695311688319 0.6162231844539444 752000
1695311705548 0.7325566355759899 756000
1695311723961 0.6738206082955003 760000
1695311742213 0.5031243998557329 764000
1695311760368 0.5990480520452063 768000
1695311778465 0.45342441151539487 772000
1695311796528 0.5047279688840111 776000
1695311814099 0.45594925098121164 780000
1695311831643 0.34594382519523303 784000
