1695308366415 0.046955885755596685 4000
1695308382001 0.0870798504135261 8000
1695308398705 0.09202652454841882 12000
1695308415513 0.048702099366346376 16000
1695308433139 0.09355643907329067 20000
1695308450654 0.07043637562310323 24000
1695308467271 0.06094898358957532 28000
1695308484598 0.06938502740425369 32000
1695308501552 0.09709188252842675 36000
1695308517845 0.06674469352777426 40000
1695308534372 0.0706913498385499 44000
1695308550434 0.05327725581785974 48000
1695308566579 0.08227979857862616 52000
1695308582693 0.1234840907699739 56000
1695308598971 0.05110731427169715 60000
1695308614921 0.09980032167707881 64000
1695308630981 0.11196223588582749 68000
1695308646884 0.07936468620318919 72000
1695308663046 0.09319250439099656 76000
1695308679330 0.11345889368094504 80000
1695308696674 0.07082772964301208 84000
1695308714101 0.08193670876013735 88000
1695308731384 0.08754966102618103 92000
1695308748451 0.12154352030095955 96000
1695308765566 0.10837089963024482 100000
1695308782809 0.09885788699612022 104000
1695308799796 0.08319251268791655 108000
1695308816754 0.0801161444222089 112000
1695308833831 0.101969449276415 116000
1695308850838 0.04291501731689398 120000
1695308868067 0.10895434777485206 124000
1695308885401 0.10898818772984668 128000
1695308902953 0.10216787616955117 132000
1695308920261 0.08865504590794444 136000
1695308937693 0.09834682002741223 140000
1695308955646 0.10166026421744997 144000
1695308973252 0.12541512213647366 148000
1695308991035 0.13071042739708597 152000
1695309008089 0.15887140296399593 156000
1695309025042 0.15342548709207524 160000
1695309041908 0.07377236306589717 164000
1695309058982 0.11990486222978992 168000
1695309076381 0.10568727478967048 172000
1695309093138 0.15877514809447651 176000
1695309109828 0.13491902415795873 180000
1695309126134 0.183196209394373 184000
1695309143074 0.13675574818237995 188000
1695309161628 0.16463737584417687 192000
1695309179132 0.12722742145027344 196000
1695309196890 0.10701453551882878 200000
1695309214145 0.13824960764419908 204000
1695309232095 0.11689771626649113 208000
1695309248809 0.1320593626432431 212000
1695309265908 0.2210246913600713 216000
1695309283811 0.17397764245979488 220000
1695309301833 0.14994993110885843 224000
1695309319363 0.05496848230638231 228000
1695309336461 0.19338289943601314 232000
1695309353451 0.14403806309370945 236000
1695309370994 0.10781826270977035 240000
1695309387777 0.08849860376794823 244000
1695309404577 0.0736101812547228 248000
1695309421000 0.12707748463144525 252000
1695309437250 0.14639804743928836 256000
1695309453755 0.0962010279588867 260000
1695309471019 0.13658808586769738 264000
1695309487926 0.08957953297455484 268000
1695309504540 0.09003676925300776 272000
1695309521848 0.116139446819822 276000
1695309538425 0.0741545164200943 280000
1695309554854 0.08061810457147658 284000
1695309571761 0.033414283568466395 288000
1695309588344 0.10597495889718024 292000
1695309604955 0.11059068578567045 296000
1695309621214 0.06826624667737632 300000
1695309637635 0.08244485616645154 304000
1695309653987 0.06113259013994442 308000
1695309670447 0.12437700361091023 312000
1695309686927 0.0986791088905496 316000
1695309703530 0.07495655883394647 320000
1695309720137 0.043652345667942426 324000
1695309736787 0.10913084040706357 328000
1695309753502 0.09837423573480919 332000
1695309770671 0.09101966292752574 336000
1695309788460 0.0427634896710515 340000
1695309806310 0.07694569083396345 344000
1695309823954 0.0535002631804673 348000
1695309841552 0.07792133325516867 352000
1695309859468 0.1012022711064977 356000
1695309877066 0.07472648734498459 360000
1695309895263 0.09076422359697366 364000
1695309912933 0.07017728324087026 368000
1695309930538 0.09357685428306771 372000
1695309948127 0.052600789060428116 376000
1695309965696 0.08456864066732427 380000
1695309983375 0.10700614461869312 384000
1695310001840 0.045890948849652585 388000
1695310019176 0.030216491931544926 392000
1695310037276 0.08680743865552358 396000
1695310058531 0.026914656257334475 400000
1695310080129 0.048157980425943 404000
1695310099860 0.11172471640941997 408000
1695310120051 0.031149862797853225 412000
1695310136676 0.08787776373598415 416000
1695310153381 0.06319938061836486 420000
1695310170877 0.12052815030522955 424000
1695310189129 0.04070955778685554 428000
1695310207468 0.08087520188710187 432000
1695310225724 0.13001293868777186 436000
1695310244144 0.0893879114902423 440000
1695310262460 0.02953800657511844 444000
1695310280730 0.10281094360786179 448000
1695310299221 0.12080341853725259 452000
1695310318063 0.07538854548086722 456000
1695310336792 0.04513619869831018 460000
1695310355295 0.13403374690096825 464000
1695310373959 0.08053923203066612 468000
1695310392711 0.05924947351256075 472000
1695310411193 0.07860443550162018 476000
1695310429620 0.08082221647588692 480000
1695310448026 0.13113355459839415 484000
1695310466467 0.0785323818854522 488000
1695310485112 0.11019110348036823 492000
1695310503589 0.032284715362766295 496000
1695310522003 0.05324612046436717 500000
1695310540712 0.06919811233140839 504000
1695310559057 0.13657189373819467 508000
1695310577741 0.05212845981877763 512000
1695310596087 0.036373276565670194 516000
1695310614685 0.062030060000446 520000
1695310633250 0.06810375636268873 524000
1695310651735 0.1234786320788165 528000
1695310670086 0.10495848015222388 532000
1695310688443 0.05774660119883871 536000
1695310706948 0.06515009882762873 540000
1695310725479 0.09336157710543679 544000
1695310744087 0.07468079757818487 548000
1695310762488 0.08083761491773961 552000
1695310781013 0.1002001111706098 556000
1695310799256 0.13198547945163833 560000
1695310818210 0.06233852826602136 564000
1695310836148 0.13400362603424582 568000
1695310852940 0.0732317418010401 572000
1695310869737 0.05632967161460935 576000
1695310886339 0.09007995591285484 580000
1695310903043 0.06991078998544253 584000
1695310919949 0.0249178517900873 588000
1695310937739 0.06540438458371985 592000
1695310956128 0.01867693436239885 596000
1695310974846 0.07303574709124708 600000
1695310993521 0.060565148128080185 604000
1695311012355 0.03752343585996035 608000
1695311030849 0.02624824383916954 612000
1695311049187 0.021923524463879098 616000
1695311068435 0.05750180905500504 620000
1695311087413 0.1073238127894001 624000
1695311106068 0.07389762841824753 628000
1695311124501 0.07846143824475196 632000
1695311143173 0.11818558821978513 636000
1695311161547 0.0747414861243063 640000
1695311180138 0.08441368789450886 644000
1695311198622 0.07565914792794501 648000
1695311217036 0.03247145693749189 652000
1695311235344 0.13445828255304756 656000
1695311253747 0.06383806294082509 660000
1695311272669 0.06919980928602551 664000
1695311293342 0.0442895422631409 668000
1695311312890 0.05768087716666438 672000
1695311332611 0.06614194344680678 676000
1695311352134 0.10804061534290668 680000
1695311371391 0.09238138934063803 684000
1695311391097 0.07502196617036437 688000
1695311410806 0.04988078193127876 692000
1695311430543 0.08200105997093488 696000
1695311449888 0.06870520318140431 700000
1695311469607 0.046684617954936884 704000
1695311489021 0.06979405130599238 708000
1695311507778 0.06424412551520314 712000
1695311525316 0.04249566162446475 716000
1695311545217 0.054716633609010995 720000
1695311563458 0.08014590207652267 724000
1695311580684 0.05378602149212384 728000
1695311597935 0.028052409853747424 732000
1695311614967 0.06628838018368696 736000
1695311633170 0.07196662107890006 740000
1695311651531 0.05092672925093211 744000
1695311670684 0.07479059114557458 748000
1695311688319 0.05875171582738403 752000
1695311705548 0.06540679417375941 756000
1695311723961 0.0509814227494644 760000
1695311742213 0.05589858235422677 764000
1695311760367 0.053217160309335064 768000
1695311778465 0.09301320491940715 772000
1695311796528 0.10452264121558982 776000
1695311814098 0.11269967096547286 780000
1695311831643 0.0926574068813352 784000
