1695308366372 0.04052657347459059 4000
1695308381958 0.0366659959157308 8000
1695308398660 0.037248776509211615 12000
1695308415469 0.03836768014090402 16000
1695308433098 0.03903446098168691 20000
1695308450607 0.03914594650268555 24000
1695308467228 0.03963959217071533 28000
1695308484557 0.03949141502380371 32000
1695308501508 0.038530707359313965 36000
1695308517803 0.03766214847564697 40000
1695308534331 0.036896586418151855 44000
1695308550394 0.03706812858581543 48000
1695308566537 0.035909175872802734 52000
1695308582652 0.03599703311920166 56000
1695308598930 0.03636658191680908 60000
1695308614880 0.03614532947540283 64000
1695308630940 0.036690592765808105 68000
1695308646843 0.036701321601867676 72000
1695308663005 0.0358964204788208 76000
1695308679289 0.035517215728759766 80000
1695308696634 0.035968780517578125 84000
1695308714061 0.03728437423706055 88000
1695308731344 0.03812694549560547 92000
1695308748408 0.03787589073181152 96000
1695308765525 0.03705322742462158 100000
1695308782769 0.03694009780883789 104000
1695308799753 0.03711056709289551 108000
1695308816715 0.03698742389678955 112000
1695308833790 0.03631281852722168 116000
1695308850799 0.03601360321044922 120000
1695308868028 0.03713071346282959 124000
1695308885361 0.035831570625305176 128000
1695308902912 0.037148356437683105 132000
1695308920220 0.036574363708496094 136000
1695308937652 0.03795742988586426 140000
1695308955604 0.037726402282714844 144000
1695308973211 0.03818404674530029 148000
1695308990992 0.03881381269086871 152000
1695309008048 0.03657577172765192 156000
1695309025000 0.037294626235961914 160000
1695309041866 0.03656374685692065 164000
1695309058937 0.03735165097820225 168000
1695309076340 0.03616905638149807 172000
1695309093099 0.03745440513856949 176000
1695309109785 0.03684533364845045 180000
1695309126092 0.03409603367681089 184000
1695309143033 0.03605015575885773 188000
1695309161582 0.039038916302334734 192000
1695309179092 0.038464691327965775 196000
1695309196848 0.037942716739321716 200000
1695309214102 0.036655153547014506 204000
1695309232053 0.03642721122570252 208000
1695309248765 0.03576687602109687 212000
1695309265867 0.036968280529153755 216000
1695309283766 0.037185273139305364 220000
1695309301784 0.03976858466680796 224000
1695309319321 0.03838419164501646 228000
1695309336420 0.03715581204517778 232000
1695309353408 0.03568998729909649 236000
1695309370954 0.040118791619125675 240000
1695309387734 0.03677277951627164 244000
1695309404537 0.036694493683629065 248000
1695309420957 0.03561670715744431 252000
1695309437209 0.03490694107547883 256000
1695309453713 0.03542349888728215 260000
1695309470976 0.035499346138227104 264000
1695309487884 0.037052013255931715 268000
1695309504500 0.036224935735974996 272000
1695309521807 0.036724153997862864 276000
1695309538377 0.03523195862139344 280000
1695309554813 0.035125629321948904 284000
1695309571720 0.03681293112694183 288000
1695309588299 0.03589012683966221 292000
1695309604914 0.03567305944299185 296000
1695309621172 0.03543910456866753 300000
1695309637594 0.035346976113975595 304000
1695309653945 0.03513961224942594 308000
1695309670406 0.0358565908963563 312000
1695309686885 0.03525031864313789 316000
1695309703489 0.03644817618913548 320000
1695309720096 0.03616680581885648 324000
1695309736746 0.03595161437988281 328000
1695309753461 0.03602916657612586 332000
1695309770630 0.035923291306469325 336000
1695309788419 0.03816552937324411 340000
1695309806269 0.037969062678621844 344000
1695309823913 0.03769717999358675 348000
1695309841510 0.037985234647183806 352000
1695309859428 0.03802982078590974 356000
1695309877026 0.0379090640634139 360000
1695309895221 0.03840723676544627 364000
1695309912891 0.038446378971331685 368000
1695309930497 0.03758785201282036 372000
1695309948085 0.0380144435532239 376000
1695309965654 0.03762297577910371 380000
1695309983336 0.03783280508858817 384000
1695310001800 0.040106450097035555 388000
1695310019134 0.0378762064753352 392000
1695310037236 0.0418325474387721 396000
1695310058481 0.04603672976517559 400000
1695310080078 0.04945076428926908 404000
1695310099816 0.04297875462563385 408000
1695310120009 0.046826841739507824 412000
1695310136636 0.03551726270779013 416000
1695310153336 0.03602419580732073 420000
1695310170836 0.03641766171122706 424000
1695310189084 0.03869015237559443 428000
1695310207427 0.03920062021775679 432000
1695310225679 0.0387678827558245 436000
1695310244102 0.03925206464364988 440000
1695310262416 0.03965815086535809 444000
1695310280682 0.03965413458993502 448000
1695310299176 0.03858375748829861 452000
1695310318022 0.039305774846933955 456000
1695310336750 0.0396757081906367 460000
1695310355252 0.039301857803807114 464000
1695310373918 0.03949189934495319 468000
1695310392667 0.04063086076216264 472000
1695310411151 0.039001112490628674 476000
1695310429579 0.03941012261736341 480000
1695310447983 0.03970607912918022 484000
1695310466426 0.039532702902089 488000
1695310485065 0.038461892072819484 492000
1695310503547 0.039354067737773314 496000
1695310521958 0.0388709459010725 500000
1695310540670 0.039907229148735436 504000
1695310559013 0.03878370696949847 508000
1695310577700 0.0395419351723162 512000
1695310596043 0.03909618296521775 516000
1695310614643 0.04026422852195353 520000
1695310633206 0.038847261588478926 524000
1695310651692 0.03921630089743096 528000
1695310670044 0.03895899144614615 532000
1695310688400 0.0386676980775568 536000
1695310706904 0.03989929623074002 540000
1695310725438 0.03899379474360768 544000
1695310744042 0.03954667960647988 548000
1695310762438 0.03908389465399251 552000
1695310780968 0.04033073442711678 556000
1695310799214 0.03921648970356694 560000
1695310818168 0.040297475579666765 564000
1695310836106 0.03912802469932427 568000
1695310852899 0.036948682978289765 572000
1695310869695 0.03630257489388449 576000
1695310886296 0.0351227006537425 580000
1695310903002 0.035511950651804604 584000
1695310919908 0.03645969473797342 588000
1695310937697 0.037279777359544186 592000
1695310956085 0.039159954830818654 596000
1695310974806 0.04052124192229414 600000
1695310993477 0.039177143622023854 604000
1695311012312 0.039763892850568215 608000
1695311030805 0.0391500541962773 612000
1695311049145 0.038694543957215624 616000
1695311068393 0.04004773208360632 620000
1695311087369 0.03984973115741082 624000
1695311106022 0.03932069956771726 628000
1695311124458 0.03867979291119153 632000
1695311143128 0.03953267607772559 636000
1695311161504 0.03898981877289485 640000
1695311180093 0.03984357103889371 644000
1695311198580 0.03846591832686444 648000
1695311216992 0.039054253400662244 652000
1695311235303 0.039400084544036346 656000
1695311253702 0.039063362365073344 660000
1695311272627 0.03959789114483332 664000
1695311293297 0.04578235198040398 668000
1695311312844 0.04227964346073876 672000
1695311332569 0.041896298648865245 676000
1695311352093 0.042268809150247014 680000
1695311371346 0.04108092649196222 684000
1695311391055 0.042450217019140195 688000
1695311410763 0.04197564948514762 692000
1695311430501 0.04278680111499543 696000
1695311449844 0.04178136587142944 700000
1695311469563 0.04179288153867841 704000
1695311488978 0.04223485787709554 708000
1695311507735 0.0406889087062771 712000
1695311525273 0.03756776452064514 716000
1695311545176 0.04233924516168724 720000
1695311563416 0.04025158428010486 724000
1695311580643 0.03659563963530493 728000
1695311597889 0.036814759174982704 732000
1695311614927 0.03523677003149893 736000
1695311633128 0.037928614847460504 740000
1695311651490 0.03930696269922089 744000
1695311670643 0.04154766698282553 748000
1695311688278 0.038684091193186665 752000
1695311705506 0.036538697549425035 756000
1695311723919 0.03991100985930997 760000
1695311742165 0.03859554567644673 764000
1695311760325 0.03775201216646673 768000
1695311778422 0.03891587257385254 772000
1695311796486 0.038795683119032115 776000
1695311814057 0.03739733552728088 780000
1695311831602 0.0367086632807452 784000
