1695308366372 0.0025391578674316406 4000
1695308381959 0.0024934609731038413 8000
1695308398660 0.002525173700772799 12000
1695308415469 0.0025440965379987445 16000
1695308433098 0.0025968998670578003 20000
1695308450608 0.0026232004165649414 24000
1695308467228 0.002637028694152832 28000
1695308484557 0.002655506134033203 32000
1695308501509 0.0026612281799316406 36000
1695308517804 0.0026291608810424805 40000
1695308534331 0.002611994743347168 44000
1695308550394 0.0026085376739501953 48000
1695308566538 0.0025463104248046875 52000
1695308582652 0.002513289451599121 56000
1695308598931 0.002511143684387207 60000
1695308614880 0.0025137662887573242 64000
1695308630940 0.0025304555892944336 68000
1695308646844 0.002519369125366211 72000
1695308663005 0.002517223358154297 76000
1695308679289 0.0024884939193725586 80000
1695308696634 0.0025682449340820312 84000
1695308714061 0.002634763717651367 88000
1695308731344 0.0026924610137939453 92000
1695308748409 0.0026619434356689453 96000
1695308765525 0.0026187896728515625 100000
1695308782770 0.0026088953018188477 104000
1695308799754 0.002609729766845703 108000
1695308816715 0.0025926828384399414 112000
1695308833790 0.002573728561401367 116000
1695308850799 0.002584695816040039 120000
1695308868028 0.002617359161376953 124000
1695308885361 0.0026024580001831055 128000
1695308902912 0.0027309656143188477 132000
1695308920220 0.0026397705078125 136000
1695308937652 0.0026390552520751953 140000
1695308955604 0.0026503801345825195 144000
1695308973212 0.0027614831924438477 148000
1695308990992 0.002738049155787418 152000
1695309008048 0.002569522497788915 156000
1695309025000 0.002711918205022812 160000
1695309041867 0.002621430339235248 164000
1695309058937 0.00260018590670913 168000
1695309076340 0.002608980451311384 172000
1695309093099 0.0026288532441662202 176000
1695309109786 0.002602465224988533 180000
1695309126092 0.002583939096202021 184000
1695309143034 0.0026088207960128784 188000
1695309161583 0.0027623905497751416 192000
1695309179092 0.0028100998505302096 196000
1695309196849 0.0027398935100376204 200000
1695309214102 0.002660212062654041 204000
1695309232053 0.002710738878571585 208000
1695309248765 0.0025859405828076738 212000
1695309265867 0.002692156824572333 216000
1695309283766 0.00273332097171958 220000
1695309301785 0.0027535883195561133 224000
1695309319321 0.0028080910256823655 228000
1695309336420 0.0026725142835134484 232000
1695309353408 0.002595577531188499 236000
1695309370954 0.0028323965007756033 240000
1695309387735 0.002621057871225718 244000
1695309404537 0.002682283989288522 248000
1695309420958 0.0025540429192620353 252000
1695309437210 0.002548694610595703 256000
1695309453714 0.0025840905996469352 260000
1695309470977 0.002639482517053585 264000
1695309487884 0.0026368800504707997 268000
1695309504500 0.0026798674038478305 272000
1695309521807 0.0026618905842597847 276000
1695309538377 0.0025962395642800304 280000
1695309554813 0.002582975336023279 284000
1695309571720 0.0026733199985041096 288000
1695309588300 0.0026038976816030648 292000
1695309604914 0.00259337886687248 296000
1695309621173 0.002534142354639565 300000
1695309637594 0.002641306010954971 304000
1695309653945 0.002579624588425095 308000
1695309670406 0.002595831136234471 312000
1695309686886 0.002507873661610303 316000
1695309703489 0.0026363839385330034 320000
1695309720096 0.0025495707270610764 324000
1695309736746 0.002629578113555908 328000
1695309753461 0.002691758240704761 332000
1695309770630 0.0026597502481871546 336000
1695309788419 0.002736176176024188 340000
1695309806269 0.0026935649709113967 344000
1695309823913 0.0027692140038333723 348000
1695309841510 0.002755667712237384 352000
1695309859428 0.0027439921035379324 356000
1695309877026 0.0027374150281283946 360000
1695309895221 0.0028040420495722283 364000
1695309912892 0.0026776645723627416 368000
1695309930497 0.0026819909491190095 372000
1695309948085 0.0027418136596679688 376000
1695309965654 0.0026784100375332677 380000
1695309983336 0.0026912008013044086 384000
1695310001800 0.0027561591843427236 388000
1695310019134 0.002730343792889569 392000
1695310037236 0.002842263171547338 396000
1695310058481 0.0031611812648488515 400000
1695310080078 0.003314395835496721 404000
1695310099816 0.0030089991753090156 408000
1695310120009 0.0031076944791353666 412000
1695310136637 0.002568049971106017 416000
1695310153337 0.0026156221117292133 420000
1695310170836 0.0026273727416992188 424000
1695310189084 0.0027530607969864554 428000
1695310207427 0.0027638131921941585 432000
1695310225679 0.0027394862402053107 436000
1695310244102 0.0027576717761678433 440000
1695310262416 0.0027649071184509 444000
1695310280683 0.0027812529947156103 448000
1695310299176 0.002813738260309068 452000
1695310318022 0.002808504939628636 456000
1695310336751 0.0028241065240675405 460000
1695310355252 0.002817054847618202 464000
1695310373918 0.0027169561172280077 468000
1695310392667 0.002780773422934792 472000
1695310411152 0.002777681941479708 476000
1695310429580 0.002787050721947283 480000
1695310447983 0.0027577801527480733 484000
1695310466426 0.002792451692664105 488000
1695310485066 0.002803733526182569 492000
1695310503547 0.002805762371774447 496000
1695310521958 0.0027547323756280974 500000
1695310540670 0.002860770387164617 504000
1695310559013 0.0027343700749213706 508000
1695310577701 0.0027921702295140836 512000
1695310596043 0.002725327268559882 516000
1695310614644 0.002738682355748893 520000
1695310633206 0.0027664957592665887 524000
1695310651692 0.002860813810114275 528000
1695310670045 0.0028442173469357375 532000
1695310688400 0.002734329668395722 536000
1695310706904 0.002753840552435981 540000
1695310725438 0.002783488451949949 544000
1695310744043 0.0027966182843773765 548000
1695310762438 0.0027689114541209216 552000
1695310780968 0.0027843806297267407 556000
1695310799215 0.002705167841028284 560000
1695310818168 0.0027881365388495736 564000
1695310836106 0.0027504007695084913 568000
1695310852900 0.002595033939714474 572000
1695310869695 0.002610317447729278 576000
1695310886297 0.0025260396399352228 580000
1695310903002 0.002596665311742712 584000
1695310919908 0.0026166439056396484 588000
1695310937698 0.0026199378465351308 592000
1695310956085 0.0027562572748334574 596000
1695310974806 0.0028197744251352496 600000
1695310993477 0.0027240046605407466 604000
1695311012313 0.002759118233957598 608000
1695311030805 0.0027385102697165616 612000
1695311049145 0.002712283391675514 616000
1695311068393 0.0028033799762967266 620000
1695311087370 0.002808121015440743 624000
1695311106023 0.0027401175925402138 628000
1695311124458 0.0027804938046741084 632000
1695311143129 0.0027240891205637077 636000
1695311161504 0.002787311004238878 640000
1695311180093 0.0027431872646504468 644000
1695311198581 0.0027228374870455997 648000
1695311216993 0.002688195282246643 652000
1695311235303 0.002747521562091375 656000
1695311253702 0.002711225063242811 660000
1695311272627 0.0027802030918961866 664000
1695311293297 0.0030844065607810505 668000
1695311312844 0.0029024013803024924 672000
1695311332569 0.0028778382433139213 676000
1695311352093 0.002822293415328496 680000
1695311371347 0.0028396040443482437 684000
1695311391055 0.002938508987426758 688000
1695311410764 0.0029103822976231097 692000
1695311430501 0.002901097561450715 696000
1695311449844 0.0028355805962174026 700000
1695311469563 0.0028622699083144694 704000
1695311488978 0.002935103007725307 708000
1695311507735 0.0028079344054399913 712000
1695311525273 0.0026502211888631186 716000
1695311545176 0.002931266191946083 720000
1695311563417 0.002782780026632642 724000
1695311580643 0.0025859621704601853 728000
1695311597889 0.0026526053746541343 732000
1695311614927 0.0025595870672487746 736000
1695311633128 0.0026906114317772145 740000
1695311651490 0.002787301414891293 744000
1695311670643 0.0028893292187694535 748000
1695311688278 0.0026595123990654423 752000
1695311705506 0.0026323196646400484 756000
1695311723919 0.0027729434217428016 760000
1695311742165 0.002760656418338899 764000
1695311760326 0.0026945714597348814 768000
1695311778422 0.002755199448537018 772000
1695311796486 0.0026763280232747397 776000
1695311814057 0.0026768880852302258 780000
1695311831602 0.002625607010117151 784000
