1695308366370 0.88 4000
1695308381957 0.896 8000
1695308398658 1.083 12000
1695308415467 1.1360000000000001 16000
1695308433096 1.1360000000000001 20000
1695308450606 1.1360000000000001 24000
1695308467226 1.1360000000000001 28000
1695308484555 1.1360000000000001 32000
1695308501507 1.204 36000
1695308517802 1.3679999999999999 40000
1695308534329 1.3679999999999999 44000
1695308550392 1.3679999999999999 48000
1695308566536 1.3679999999999999 52000
1695308582650 1.053 56000
1695308598929 1.053 60000
1695308614879 1.053 64000
1695308630938 1.053 68000
1695308646842 1.319 72000
1695308663003 1.446 76000
1695308679287 1.446 80000
1695308696632 1.446 84000
1695308714059 1.283 88000
1695308731342 1.129 92000
1695308748407 1.129 96000
1695308765523 1.129 100000
1695308782768 1.311 104000
1695308799752 1.311 108000
1695308816713 1.042 112000
1695308833788 0.961 116000
1695308850797 0.961 120000
1695308868026 1.384 124000
1695308885359 1.4020000000000001 128000
1695308902910 0.973 132000
1695308920219 0.961 136000
1695308937650 0.965 140000
1695308955602 0.965 144000
1695308973210 0.966 148000
1695308990990 1.249 152000
1695309008046 1.009 156000
1695309024999 1.44 160000
1695309041865 0.942 164000
1695309058935 1.455 168000
1695309076338 1.321 172000
1695309093097 1.373 176000
1695309109784 1.466 180000
1695309126091 1.4249999999999998 184000
1695309143032 1.422 188000
1695309161581 1.4729999999999999 192000
1695309179090 0.964 196000
1695309196847 0.967 200000
1695309214100 1.028 204000
1695309232051 1.455 208000
1695309248763 0.968 212000
1695309265865 1.392 216000
1695309283764 0.962 220000
1695309301782 1.393 224000
1695309319319 1.417 228000
1695309336418 1.322 232000
1695309353406 0.972 236000
1695309370952 0.962 240000
1695309387733 0.971 244000
1695309404535 0.972 248000
1695309420956 1.4409999999999998 252000
1695309437208 0.97 256000
1695309453712 0.968 260000
1695309470975 0.975 264000
1695309487882 0.968 268000
1695309504498 0.975 272000
1695309521805 0.962 276000
1695309538375 0.971 280000
1695309554811 0.967 284000
1695309571718 -0.001 288000
1695309588298 0.968 292000
1695309604912 0.979 296000
1695309621171 0.96 300000
1695309637593 0.976 304000
1695309653944 0.974 308000
1695309670404 1.29 312000
1695309686884 0.96 316000
1695309703487 0.974 320000
1695309720094 0.969 324000
1695309736744 1.407 328000
1695309753459 0.971 332000
1695309770628 0.963 336000
1695309788417 0.966 340000
1695309806267 0.979 344000
1695309823911 0.975 348000
1695309841509 0.972 352000
1695309859426 0.973 356000
1695309877024 0.9369999999999999 360000
1695309895219 1.472 364000
1695309912890 0.965 368000
1695309930496 1.397 372000
1695309948083 1.443 376000
1695309965652 0.969 380000
1695309983334 0.968 384000
1695310001798 0.949 388000
1695310019132 0.979 392000
1695310037234 1.455 396000
1695310058479 0.971 400000
1695310080076 0.961 404000
1695310099814 1.4 408000
1695310120007 0.947 412000
1695310136635 1.409 416000
1695310153335 0.975 420000
1695310170834 1.3820000000000001 424000
1695310189082 1.443 428000
1695310207425 1.431 432000
1695310225677 0.97 436000
1695310244100 0.963 440000
1695310262414 0.948 444000
1695310280681 0.978 448000
1695310299174 0.962 452000
1695310318020 0.971 456000
1695310336749 0.963 460000
1695310355251 0.967 464000
1695310373916 0.973 468000
1695310392665 0.971 472000
1695310411150 0.965 476000
1695310429578 0.97 480000
1695310447981 1.4609999999999999 484000
1695310466424 0.964 488000
1695310485063 1.434 492000
1695310503545 0.957 496000
1695310521956 0.971 500000
1695310540668 1.476 504000
1695310559011 0.969 508000
1695310577699 0.971 512000
1695310596041 1.476 516000
1695310614642 0.997 520000
1695310633204 0.967 524000
1695310651690 0.971 528000
1695310670043 0.972 532000
1695310688398 0.976 536000
1695310706902 0.96 540000
1695310725436 0.972 544000
1695310744040 0.973 548000
1695310762436 1.448 552000
1695310780966 0.972 556000
1695310799213 0.972 560000
1695310818166 0.982 564000
1695310836104 0.979 568000
1695310852898 0.973 572000
1695310869693 0.971 576000
1695310886295 0.991 580000
1695310903001 0.964 584000
1695310919906 1.472 588000
1695310937696 0.979 592000
1695310956083 0.957 596000
1695310974804 0.959 600000
1695310993475 0.975 604000
1695311012311 0.972 608000
1695311030803 0.9339999999999999 612000
1695311049143 0.952 616000
1695311068391 0.969 620000
1695311087368 0.97 624000
1695311106020 0.967 628000
1695311124456 0.976 632000
1695311143127 0.975 636000
1695311161502 0.975 640000
1695311180091 0.964 644000
1695311198579 0.973 648000
1695311216990 0.976 652000
1695311235301 0.976 656000
1695311253699 1.435 660000
1695311272625 0.97 664000
1695311293295 0.971 668000
1695311312842 1.435 672000
1695311332567 0.966 676000
1695311352091 0.969 680000
1695311371344 0.966 684000
1695311391053 0.979 688000
1695311410761 0.972 692000
1695311430499 1.443 696000
1695311449842 0.968 700000
1695311469561 0.965 704000
1695311488976 0.999 708000
1695311507734 0.978 712000
1695311525271 0.964 716000
1695311545174 0.974 720000
1695311563415 0.973 724000
1695311580641 0.975 728000
1695311597887 0.968 732000
1695311614925 0.971 736000
1695311633126 0.964 740000
1695311651488 1.472 744000
1695311670641 0.96 748000
1695311688276 0.961 752000
1695311705504 1.4689999999999999 756000
1695311723917 0.966 760000
1695311742163 0.971 764000
1695311760324 1.46 768000
1695311778420 0.967 772000
1695311796484 1.395 776000
1695311814056 0.972 780000
1695311831600 0.976 784000
