1695308366370 0.87 4000
1695308381956 0.9349999999999999 8000
1695308398658 0.9349999999999999 12000
1695308415467 0.9349999999999999 16000
1695308433095 1.363 20000
1695308450605 1.363 24000
1695308467226 1.363 28000
1695308484555 1.363 32000
1695308501507 1.434 36000
1695308517801 1.434 40000
1695308534329 1.434 44000
1695308550392 1.434 48000
1695308566535 1.434 52000
1695308582650 1.361 56000
1695308598929 1.403 60000
1695308614878 1.403 64000
1695308630938 1.403 68000
1695308646842 1.4 72000
1695308663003 1.3559999999999999 76000
1695308679287 1.3559999999999999 80000
1695308696632 1.3559999999999999 84000
1695308714059 1.413 88000
1695308731342 1.413 92000
1695308748406 1.413 96000
1695308765523 1.387 100000
1695308782768 1.436 104000
1695308799751 1.436 108000
1695308816713 1.4609999999999999 112000
1695308833788 1.4609999999999999 116000
1695308850797 1.47 120000
1695308868025 1.4529999999999998 124000
1695308885359 1.455 128000
1695308902910 1.4729999999999999 132000
1695308920218 1.45 136000
1695308937650 1.458 140000
1695308955602 1.448 144000
1695308973210 1.464 148000
1695308990990 1.463 152000
1695309008046 1.462 156000
1695309024998 1.464 160000
1695309041864 1.4609999999999999 164000
1695309058935 1.464 168000
1695309076338 1.47 172000
1695309093097 1.479 176000
1695309109783 1.467 180000
1695309126090 1.467 184000
1695309143032 1.467 188000
1695309161580 1.47 192000
1695309179090 1.475 196000
1695309196846 1.467 200000
1695309214100 1.472 204000
1695309232051 1.476 208000
1695309248763 1.467 212000
1695309265865 1.476 216000
1695309283764 1.4729999999999999 220000
1695309301782 1.467 224000
1695309319319 1.479 228000
1695309336418 1.4729999999999999 232000
1695309353406 1.47 236000
1695309370952 1.4729999999999999 240000
1695309387732 1.47 244000
1695309404535 1.472 248000
1695309420955 1.476 252000
1695309437208 1.476 256000
1695309453711 1.476 260000
1695309470975 1.47 264000
1695309487882 1.476 268000
1695309504498 1.4729999999999999 272000
1695309521805 1.479 276000
1695309538375 1.476 280000
1695309554811 1.476 284000
1695309571718 1.4729999999999999 288000
1695309588297 1.4729999999999999 292000
1695309604912 1.476 296000
1695309621170 1.4729999999999999 300000
1695309637592 1.479 304000
1695309653943 1.476 308000
1695309670404 1.476 312000
1695309686883 1.476 316000
1695309703487 1.476 320000
1695309720094 1.4729999999999999 324000
1695309736744 1.476 328000
1695309753459 1.479 332000
1695309770628 1.476 336000
1695309788417 1.479 340000
1695309806267 1.476 344000
1695309823911 1.476 348000
1695309841508 1.476 352000
1695309859426 1.4729999999999999 356000
1695309877024 1.479 360000
1695309895219 1.4729999999999999 364000
1695309912889 1.47 368000
1695309930495 1.472 372000
1695309948083 1.4729999999999999 376000
1695309965652 1.479 380000
1695309983334 1.476 384000
1695310001798 1.476 388000
1695310019132 1.4729999999999999 392000
1695310037234 1.476 396000
1695310058479 1.4729999999999999 400000
1695310080076 1.476 404000
1695310099814 1.476 408000
1695310120007 1.475 412000
1695310136634 1.476 416000
1695310153335 1.476 420000
1695310170834 1.476 424000
1695310189082 1.479 428000
1695310207425 1.479 432000
1695310225677 1.476 436000
1695310244100 1.476 440000
1695310262414 1.476 444000
1695310280681 1.479 448000
1695310299174 1.479 452000
1695310318020 1.479 456000
1695310336748 1.4729999999999999 460000
1695310355250 1.476 464000
1695310373916 1.4729999999999999 468000
1695310392665 1.4729999999999999 472000
1695310411149 1.479 476000
1695310429578 1.479 480000
1695310447981 1.4729999999999999 484000
1695310466424 1.476 488000
1695310485063 1.479 492000
1695310503545 1.4729999999999999 496000
1695310521956 1.476 500000
1695310540668 1.476 504000
1695310559011 1.4729999999999999 508000
1695310577698 1.479 512000
1695310596041 1.476 516000
1695310614641 1.476 520000
1695310633204 1.4729999999999999 524000
1695310651690 1.479 528000
1695310670042 1.479 532000
1695310688398 1.4729999999999999 536000
1695310706901 1.479 540000
1695310725436 1.4729999999999999 544000
1695310744040 1.476 548000
1695310762436 1.476 552000
1695310780966 1.476 556000
1695310799213 1.476 560000
1695310818166 1.4729999999999999 564000
1695310836104 1.479 568000
1695310852897 1.479 572000
1695310869693 1.479 576000
1695310886294 1.476 580000
1695310903000 1.476 584000
1695310919906 1.479 588000
1695310937695 1.479 592000
1695310956083 1.476 596000
1695310974803 1.479 600000
1695310993475 1.4729999999999999 604000
1695311012311 1.476 608000
1695311030803 1.476 612000
1695311049143 1.479 616000
1695311068391 1.4729999999999999 620000
1695311087367 1.476 624000
1695311106020 1.4729999999999999 628000
1695311124456 1.479 632000
1695311143126 1.4729999999999999 636000
1695311161502 1.476 640000
1695311180091 1.479 644000
1695311198578 1.476 648000
1695311216990 1.47 652000
1695311235301 1.476 656000
1695311253699 1.479 660000
1695311272624 1.479 664000
1695311293295 1.476 668000
1695311312842 1.479 672000
1695311332567 1.4729999999999999 676000
1695311352091 1.47 680000
1695311371344 1.476 684000
1695311391053 1.479 688000
1695311410761 1.478 692000
1695311430498 1.479 696000
1695311449842 1.479 700000
1695311469561 1.4729999999999999 704000
1695311488976 1.476 708000
1695311507733 1.479 712000
1695311525271 1.4729999999999999 716000
1695311545174 1.4729999999999999 720000
1695311563415 1.476 724000
1695311580641 1.476 728000
1695311597887 1.479 732000
1695311614925 1.479 736000
1695311633126 1.476 740000
1695311651488 1.479 744000
1695311670641 1.476 748000
1695311688276 1.47 752000
1695311705504 1.479 756000
1695311723917 1.476 760000
1695311742163 1.479 764000
1695311760324 1.476 768000
1695311778420 1.476 772000
1695311796483 1.4729999999999999 776000
1695311814055 1.476 780000
1695311831600 1.479 784000
