1695308366401 0.10222179428208887 4000
1695308381987 0.10074117864663158 8000
1695308398691 0.10062422994761268 12000
1695308415499 0.10104986072672814 16000
1695308433126 0.10200751153816613 20000
1695308450639 0.10261610511824369 24000
1695308467258 0.10361756107383087 28000
1695308484585 0.1047656300931074 32000
1695308501538 0.10562753241275648 36000
1695308517832 0.1058956925569741 40000
1695308534359 0.10595638722994377 44000
1695308550421 0.10594802597446185 48000
1695308566566 0.10558974530545796 52000
1695308582680 0.1050999972338864 56000
1695308598958 0.10473324174780606 60000
1695308614908 0.10444755232003303 64000
1695308630968 0.10418484689959782 68000
1695308646872 0.1038972444487419 72000
1695308663033 0.10379907419245059 76000
1695308679317 0.10347278957707308 80000
1695308696662 0.10343541796595965 84000
1695308714088 0.1035075235690298 88000
1695308731371 0.10365705543644774 92000
1695308748438 0.1039359883579812 96000
1695308765553 0.10412777338000385 100000
1695308782797 0.10408469382467497 104000
1695308799783 0.10448466553017834 108000
1695308816742 0.10461680759509685 112000
1695308833817 0.10458601409994653 116000
1695308850826 0.10460339068482741 120000
1695308868054 0.1047654665045366 124000
1695308885389 0.10478259200512875 128000
1695308902940 0.10482358329082196 132000
1695308920248 0.10483029261329836 136000
1695308937680 0.10514809011343672 140000
1695308955633 0.10519245760256712 144000
1695308973239 0.10536205844638893 148000
1695308991022 0.10539950428437829 152000
1695309008076 0.10544224265482581 156000
1695309025029 0.10541511509695783 160000
1695309041895 0.10537297265436989 164000
1695309058968 0.10542314638025956 168000
1695309076368 0.1054214041377234 172000
1695309093126 0.10532363450003426 176000
1695309109814 0.10527143159989988 180000
1695309126121 0.10518977155800863 184000
1695309143061 0.10508479842048561 188000
1695309161614 0.10526150699876545 192000
1695309179120 0.10531975551545765 196000
1695309196877 0.10545120752347345 200000
1695309214131 0.10546539459105284 204000
1695309232082 0.1055461989124039 208000
1695309248796 0.10543890158387147 212000
1695309265895 0.10540956347348827 216000
1695309283797 0.10538199527087862 220000
1695309301818 0.10557688120277674 224000
1695309319350 0.10567167876190808 228000
1695309336448 0.10558963204223452 232000
1695309353438 0.10550322052146134 236000
1695309370981 0.10579139041359728 240000
1695309387763 0.10563733565615056 244000
1695309404565 0.1054843583075377 248000
1695309420986 0.10550911590185813 252000
1695309437237 0.10543587487387333 256000
1695309453742 0.10524334120324556 260000
1695309471005 0.1052029100428296 264000
1695309487913 0.10527737189755305 268000
1695309504527 0.10527223435485625 272000
1695309521835 0.10520226739884475 276000
1695309538408 0.10506660932110322 280000
1695309554841 0.10499739409431662 284000
1695309571748 0.10500469773467522 288000
1695309588330 0.10486744318765448 292000
1695309604942 0.10481828803673443 296000
1695309621201 0.10490076349743606 300000
1695309637622 0.10474796580349462 304000
1695309653974 0.10463609763275801 308000
1695309670434 0.10467215736050456 312000
1695309686914 0.10462607218452774 316000
1695309703517 0.10462104240264404 320000
1695309720124 0.10443484185508871 324000
1695309736774 0.10450568414600131 328000
1695309753489 0.10441371952516763 332000
1695309770658 0.10434128472758254 336000
1695309788447 0.10445345473209251 340000
1695309806297 0.1045541136252547 344000
1695309823941 0.10463002534658646 348000
1695309841539 0.10456924264529667 352000
1695309859455 0.10462174327495101 356000
1695309877053 0.10471325541650156 360000
1695309895250 0.10475748882334096 364000
1695309912920 0.10484352933510613 368000
1695309930525 0.10483018117572875 372000
1695309948114 0.10486140453036241 376000
1695309965683 0.10484032787907126 380000
1695309983363 0.10499102183232722 384000
1695310001828 0.1050735984374485 388000
1695310019163 0.10499785227570818 392000
1695310037263 0.10513388530488166 396000
1695310058515 0.10531087046633748 400000
1695310080110 0.10561808103929177 404000
1695310099846 0.10578227762804203 408000
1695310120038 0.10596426653607782 412000
1695310136664 0.10598531400038322 416000
1695310153365 0.10588851475092816 420000
1695310170864 0.10580638628792469 424000
1695310189115 0.10590566710771053 428000
1695310207454 0.10592627336836774 432000
1695310225709 0.10593200559756416 436000
1695310244131 0.10604872147460011 440000
1695310262446 0.10607931082193386 444000
1695310280715 0.10613558022401919 448000
1695310299207 0.10610347743610926 452000
1695310318050 0.10609052551204064 456000
1695310336779 0.10620893747174637 460000
1695310355281 0.10621454911828399 464000
1695310373946 0.1062800038013509 468000
1695310392697 0.10635140968876478 472000
1695310411180 0.10637640765681396 476000
1695310429607 0.10644537021084316 480000
1695310448013 0.10644777551462062 484000
1695310466454 0.10648357136140914 488000
1695310485098 0.10650178916820847 492000
1695310503575 0.1065620690153176 496000
1695310521989 0.10651999907477604 500000
1695310540699 0.10662246188088559 504000
1695310559044 0.10667579315015605 508000
1695310577728 0.10670271436438201 512000
1695310596073 0.10669276031393612 516000
1695310614672 0.10670484714102638 520000
1695310633236 0.10674773503720422 524000
1695310651721 0.10675298512449886 528000
1695310670073 0.1067547221422412 532000
1695310688430 0.10679484344410578 536000
1695310706935 0.10688749213879863 540000
1695310725466 0.1068714366735224 544000
1695310744073 0.10691858177903267 548000
1695310762474 0.10695572572566364 552000
1695310780999 0.10693643855371295 556000
1695310799243 0.10695929596905375 560000
1695310818197 0.1069881443549069 564000
1695310836135 0.10701558297693425 568000
1695310852927 0.1070062380572623 572000
1695310869724 0.10692425942136352 576000
1695310886326 0.10693447563854923 580000
1695310903030 0.1068695624287307 584000
1695310919936 0.10685665962255304 588000
1695310937726 0.10678622642346641 592000
1695310956115 0.10680856455117231 596000
1695310974834 0.10684782751167254 600000
1695310993508 0.10688832191258735 604000
1695311012342 0.1068983190127896 608000
1695311030836 0.10696383407319453 612000
1695311049174 0.10694623706251424 616000
1695311068422 0.1069876263047351 620000
1695311087399 0.10702207486950825 624000
1695311106053 0.107091769869174 628000
1695311124487 0.10704413854268095 632000
1695311143160 0.10711130450381302 636000
1695311161534 0.10707560706003327 640000
1695311180124 0.10712419889957316 644000
1695311198609 0.10713023090721133 648000
1695311217023 0.10717755188947158 652000
1695311235331 0.10717623765816414 656000
1695311253733 0.10718835779913313 660000
1695311272656 0.10721435348197468 664000
1695311293328 0.1073376844890853 668000
1695311312875 0.10738180970291704 672000
1695311332597 0.10745823653902334 676000
1695311352121 0.1075087068109462 680000
1695311371377 0.10755147934632142 684000
1695311391084 0.1076293852271235 688000
1695311410793 0.1076476881967816 692000
1695311430530 0.10770051416012212 696000
1695311449874 0.10773040049172683 700000
1695311469593 0.10780867759389334 704000
1695311489007 0.10788102087556577 708000
1695311507764 0.10789678341769451 712000
1695311525302 0.10785174178180762 716000
1695311545204 0.10794446805386734 720000
1695311563445 0.107941085583848 724000
1695311580671 0.10791752819755686 728000
1695311597920 0.10787433635745387 732000
1695311614955 0.10783414125063503 736000
1695311633157 0.10793113049948537 740000
1695311651518 0.10788248175272926 744000
1695311670671 0.10786960320741527 748000
1695311688305 0.1078852638384485 752000
1695311705535 0.10781853380694016 756000
1695311723947 0.1077931927871728 760000
1695311742198 0.10787538413221395 764000
1695311760354 0.10791029036453002 768000
1695311778451 0.10785085191347733 772000
1695311796514 0.10791504143562183 776000
1695311814085 0.10779491162976293 780000
1695311831630 0.10781942885172062 784000
