1695308366401 0.16630594592713682 4000
1695308381988 0.16244761516166897 8000
1695308398691 0.16138738161569266 12000
1695308415500 0.1618893790739558 16000
1695308433126 0.16358636963536236 20000
1695308450639 0.16433976139851197 24000
1695308467258 0.16600736582401435 28000
1695308484585 0.16814109291631996 32000
1695308501538 0.16980828835001816 36000
1695308517832 0.17007443746116993 40000
1695308534359 0.17012984459835873 44000
1695308550422 0.17005492802121458 48000
1695308566566 0.1691635406308698 52000
1695308582680 0.16806218164242168 56000
1695308598959 0.16721939398792096 60000
1695308614908 0.16659151730280047 64000
1695308630968 0.16616059766853072 68000
1695308646872 0.16568449879760863 72000
1695308663033 0.16546085858128756 76000
1695308679317 0.16485607359513252 80000
1695308696662 0.16470483863077107 84000
1695308714088 0.1647884037661151 88000
1695308731372 0.1650180591231653 92000
1695308748439 0.16542129931223126 96000
1695308765553 0.1656808335910515 100000
1695308782797 0.1655400197019949 104000
1695308799783 0.1661483584260594 108000
1695308816742 0.16643124918904115 112000
1695308833817 0.16630530326753465 116000
1695308850826 0.1663410930136782 120000
1695308868055 0.1667385805843299 124000
1695308885389 0.16680144008848458 128000
1695308902940 0.16689814974278 132000
1695308920249 0.16688167677854865 136000
1695308937681 0.16756741693028304 140000
1695308955633 0.1677444586509609 144000
1695308973240 0.16799648103930045 148000
1695308991022 0.16807870632287758 152000
1695309008076 0.1682726381566241 156000
1695309025029 0.16839462644692088 160000
1695309041895 0.16839496680588245 164000
1695309058968 0.1685841794056833 168000
1695309076368 0.1686397731297733 172000
1695309093126 0.16865665565407148 176000
1695309109814 0.16870019637094263 180000
1695309126121 0.16867532704256483 184000
1695309143061 0.16858741164708366 188000
1695309161614 0.1690587954896082 192000
1695309179120 0.16936109932602034 196000
1695309196877 0.16973072214936424 200000
1695309214131 0.1697417442298778 204000
1695309232082 0.16995499359462246 208000
1695309248796 0.1698768926354126 212000
1695309265895 0.16994947089522366 216000
1695309283797 0.1699941192950211 220000
1695309301819 0.17042913264046508 224000
1695309319350 0.17072411269421225 228000
1695309336448 0.1706355693298165 232000
1695309353438 0.17045131774716596 236000
1695309370982 0.1711419830408028 240000
1695309387763 0.17092500835709634 244000
1695309404565 0.1706885580315789 248000
1695309420986 0.17084348496528579 252000
1695309437238 0.17074929568073263 256000
1695309453742 0.17046612431002903 260000
1695309471005 0.17049228158414165 264000
1695309487913 0.17069952572712344 268000
1695309504527 0.17065338066633512 272000
1695309521835 0.17058691809607687 276000
1695309538408 0.17045518443594812 280000
1695309554841 0.170370328402958 284000
1695309571748 0.17043535513853936 288000
1695309588330 0.170284331170265 292000
1695309604942 0.1702427378515056 296000
1695309621201 0.17042041021724283 300000
1695309637622 0.1702046157987959 304000
1695309653974 0.17004724101556276 308000
1695309670434 0.17012791831110058 312000
1695309686914 0.17005145050420264 316000
1695309703518 0.1700650277868677 320000
1695309720124 0.1697632545207158 324000
1695309736774 0.16995262755863855 328000
1695309753489 0.16977186481046297 332000
1695309770658 0.1696727319488557 336000
1695309788447 0.1698740831557257 340000
1695309806298 0.17009257299261085 344000
1695309823942 0.17025810374919662 348000
1695309841539 0.17010195198274147 352000
1695309859455 0.17022724541307946 356000
1695309877054 0.17043300202176406 360000
1695309895250 0.17050462222593918 364000
1695309912920 0.17066071965374946 368000
1695309930525 0.17064120589189413 372000
1695309948114 0.17071691759194463 376000
1695309965683 0.17074509244967598 380000
1695309983363 0.17092325214778983 384000
1695310001828 0.1710888993533408 388000
1695310019163 0.17101661984382827 392000
1695310037263 0.17132184251900556 396000
1695310058515 0.17176544548458408 400000
1695310080110 0.17252183037443494 404000
1695310099846 0.17291607607172652 408000
1695310120038 0.17339656582119709 412000
1695310136664 0.17349115270566326 416000
1695310153365 0.1733355889608972 420000
1695310170864 0.17316583991083087 424000
1695310189115 0.17342099285852985 428000
1695310207455 0.17352973627063936 432000
1695310225709 0.17357746607201505 436000
1695310244131 0.1738260329646819 440000
1695310262446 0.1739339755281702 444000
1695310280715 0.17409446959119285 448000
1695310299207 0.17411781463450884 452000
1695310318051 0.17413029711188646 456000
1695310336779 0.17443385278006832 460000
1695310355282 0.17447285195107684 464000
1695310373946 0.17464065997205694 468000
1695310392697 0.17480153914007504 472000
1695310411180 0.1748910860021221 476000
1695310429608 0.17506775416552287 480000
1695310448013 0.17512247713094464 484000
1695310466455 0.17524298532423996 488000
1695310485098 0.1753379034843502 492000
1695310503576 0.17550711179927683 496000
1695310521989 0.17548358225825686 500000
1695310540699 0.17570048297761084 504000
1695310559044 0.175841441670114 508000
1695310577728 0.17594606689527945 512000
1695310596074 0.17599671204781367 516000
1695310614672 0.17608187925511504 520000
1695310633236 0.176180110037264 524000
1695310651721 0.1762419730411008 528000
1695310670073 0.17630500425006038 532000
1695310688430 0.17633179221742765 536000
1695310706935 0.17655021051944156 540000
1695310725466 0.17658223187656685 544000
1695310744073 0.17671821179084896 548000
1695310762474 0.1768231404359823 552000
1695310780999 0.17684607920703505 556000
1695310799243 0.1769461272092524 560000
1695310818197 0.17703462133832037 564000
1695310836135 0.17714389253877194 568000
1695310852928 0.17712060849453432 572000
1695310869724 0.17700099402100386 576000
1695310886326 0.1770392228853478 580000
1695310903030 0.17697821835931946 584000
1695310919936 0.17694266270824074 588000
1695310937726 0.1768511406032008 592000
1695310956115 0.17693443083175156 596000
1695310974834 0.1770702632452529 600000
1695310993508 0.17712941749321176 604000
1695311012342 0.17718586195513836 608000
1695311030836 0.17735375748956148 612000
1695311049174 0.17735359441823859 616000
1695311068422 0.177458715064937 620000
1695311087400 0.17756902829398413 624000
1695311106054 0.17771794966608537 628000
1695311124488 0.17767790346657303 632000
1695311143160 0.17782198659346338 636000
1695311161534 0.17783219484321913 640000
1695311180124 0.1779583498488625 644000
1695311198609 0.17798101424318516 648000
1695311217023 0.17810373937347374 652000
1695311235332 0.17811914301055293 656000
1695311253733 0.17814997044082456 660000
1695311272656 0.17826685280702897 664000
1695311293328 0.178595435986901 668000
1695311312875 0.1787619478453342 672000
1695311332597 0.17897421877184017 676000
1695311352121 0.17910702918542173 680000
1695311371377 0.1792406322789904 684000
1695311391084 0.1793981536743084 688000
1695311410793 0.17954559303796486 692000
1695311430530 0.17970994736336202 696000
1695311449874 0.17986945539444735 700000
1695311469593 0.18002509271454675 704000
1695311489008 0.18016876703769846 708000
1695311507765 0.1802356835955331 712000
1695311525302 0.180205075013126 716000
1695311545204 0.1803901975288507 720000
1695311563446 0.18042524958697048 724000
1695311580671 0.1803852491023109 728000
1695311597921 0.18034733221764257 732000
1695311614955 0.1802627796075828 736000
1695311633157 0.18042521319612032 740000
1695311651518 0.18038847564706534 744000
1695311670671 0.18044625946215265 748000
1695311688306 0.18044428158749232 752000
1695311705535 0.1803936918537907 756000
1695311723948 0.18039858939791997 760000
1695311742198 0.1805140579456601 764000
1695311760354 0.18055962431564004 768000
1695311778451 0.18054795500708168 772000
1695311796515 0.18062642037832405 776000
1695311814086 0.1805124759445994 780000
1695311831630 0.1805115988917513 784000
