1695308366400 0.35915136017132565 4000
1695308381987 0.35310486015035825 8000
1695308398691 0.35151287974729634 12000
1695308415499 0.35261198916725034 16000
1695308433125 0.3559733297209358 20000
1695308450639 0.35777852174001623 24000
1695308467257 0.361115200239431 28000
1695308484584 0.36509296351926485 32000
1695308501538 0.3684992263783487 36000
1695308517831 0.3691544194916561 40000
1695308534359 0.3698704340451362 44000
1695308550421 0.36992264902743655 48000
1695308566565 0.368527955902579 52000
1695308582680 0.36682333125437183 56000
1695308598958 0.36533036287479875 60000
1695308614907 0.36415765618051893 64000
1695308630968 0.3633537402687847 68000
1695308646871 0.3624751783793863 72000
1695308663033 0.3621912476857142 76000
1695308679317 0.36113488976457175 80000
1695308696661 0.3610239686026857 84000
1695308714088 0.3613843174150901 88000
1695308731371 0.36217666540519494 92000
1695308748438 0.363438575461618 96000
1695308765552 0.3641292566794297 100000
1695308782796 0.36413691545382393 104000
1695308799783 0.3658010062724948 108000
1695308816741 0.3668843789828996 112000
1695308833817 0.3672540401283537 116000
1695308850826 0.3675112307834705 120000
1695308868054 0.36904885068574844 124000
1695308885388 0.3699650101251214 128000
1695308902940 0.3712369948713803 132000
1695308920248 0.3718526652477074 136000
1695308937680 0.37346547088434545 140000
1695308955633 0.3741616794593445 144000
1695308973239 0.37568394914997727 148000
1695308991021 0.37663775968751567 152000
1695309008075 0.37692016021722324 156000
1695309025028 0.37790016648277824 160000
1695309041895 0.3781361714497272 164000
1695309058967 0.37904640218822283 168000
1695309076368 0.3796069867394684 172000
1695309093125 0.3798578862338989 176000
1695309109814 0.3802503855226301 180000
1695309126120 0.38019915720608893 184000
1695309143061 0.3808383166260569 188000
1695309161613 0.38211959792297 192000
1695309179119 0.38349909209324645 196000
1695309196876 0.3847924876082007 200000
1695309214131 0.38525058510286125 204000
1695309232081 0.38613752838420495 208000
1695309248795 0.38640317286246634 212000
1695309265894 0.3866178163520851 216000
1695309283796 0.3875297847765837 220000
1695309301818 0.388519627418943 224000
1695309319349 0.3894501844198684 228000
1695309336447 0.38959425667110564 232000
1695309353437 0.38935474069486764 236000
1695309370981 0.3911741791936951 240000
1695309387763 0.39119569280124666 244000
1695309404564 0.39109581051183917 248000
1695309420986 0.3915666155300121 252000
1695309437237 0.3916403270848383 256000
1695309453742 0.3914509780045536 260000
1695309471005 0.39182459264796227 264000
1695309487912 0.3925141392640724 268000
1695309504527 0.3926065487727328 272000
1695309521835 0.39292046228972544 276000
1695309538407 0.39293087143663863 280000
1695309554841 0.39308221862624004 284000
1695309571748 0.39346764968979264 288000
1695309588330 0.3933507224849703 292000
1695309604941 0.39352756852937903 296000
1695309621201 0.39412600006425247 300000
1695309637622 0.39406151434217523 304000
1695309653973 0.39400540372238463 308000
1695309670433 0.3944675116996505 312000
1695309686913 0.3945638836960593 316000
1695309703517 0.39483093035249955 320000
1695309720123 0.3944194462573059 324000
1695309736774 0.39513378037043073 328000
1695309753488 0.3950030390737908 332000
1695309770657 0.3950502357923422 336000
1695309788447 0.3958441378654338 340000
1695309806297 0.39674500969463167 344000
1695309823941 0.39750277857178895 348000
1695309841538 0.39760934719004204 352000
1695309859455 0.39818417429758884 356000
1695309877053 0.39891605713062067 360000
1695309895249 0.3995213473310472 364000
1695309912919 0.4001644187714929 368000
1695309930524 0.40033082714789014 372000
1695309948113 0.4007577122158329 376000
1695309965682 0.40109295946878876 380000
1695309983362 0.40187111749939136 384000
1695310001827 0.40241795241935957 388000
1695310019162 0.40242166873634316 392000
1695310037263 0.4032404864960805 396000
1695310058514 0.40435731539979536 400000
1695310080110 0.40606600361252077 404000
1695310099845 0.40708822759737007 408000
1695310120038 0.408221196603307 412000
1695310136663 0.4086067232325503 416000
1695310153365 0.40849450462993586 420000
1695310170864 0.4083537120075366 424000
1695310189115 0.40917085014880805 428000
1695310207454 0.40959457275155836 432000
1695310225709 0.40988114579354173 436000
1695310244131 0.41065380067454527 440000
1695310262446 0.41111464783272883 444000
1695310280715 0.41166499901914716 448000
1695310299206 0.4118907420466282 452000
1695310318050 0.41210157899272054 456000
1695310336779 0.41291190998124727 460000
1695310355281 0.4132319939004878 464000
1695310373945 0.4137985567451046 468000
1695310392696 0.41432775530307464 472000
1695310411180 0.4147495214168843 476000
1695310429607 0.4153248877518844 480000
1695310448013 0.4156378285738697 484000
1695310466454 0.41606295026516515 488000
1695310485097 0.4164554983533058 492000
1695310503575 0.41698475366276877 496000
1695310521988 0.41705636076394015 500000
1695310540698 0.4177732117990551 504000
1695310559043 0.41813764320533214 508000
1695310577728 0.4185271752602361 512000
1695310596073 0.4188012333522877 516000
1695310614671 0.4190929394651342 520000
1695310633236 0.4195236602624519 524000
1695310651721 0.4197543933813907 528000
1695310670073 0.4200121640889405 532000
1695310688430 0.4202367478567603 536000
1695310706934 0.42082575497787844 540000
1695310725466 0.4210843458815169 544000
1695310744073 0.4214938482796095 548000
1695310762474 0.4218720498472123 552000
1695310780999 0.4220779050398062 556000
1695310799242 0.4223962798672113 560000
1695310818196 0.422659459335068 564000
1695310836134 0.4230556054729358 568000
1695310852927 0.4231722740399788 572000
1695310869724 0.4230431018213252 576000
1695310886325 0.4232301663799655 580000
1695310903029 0.42317549132159027 584000
1695310919935 0.4232707393304151 588000
1695310937726 0.42316876938536785 592000
1695310956114 0.4234890568567328 596000
1695310974833 0.42386637962451645 600000
1695310993507 0.42421759979957635 604000
1695311012341 0.4245091337032497 608000
1695311030835 0.4250030234085125 612000
1695311049173 0.42516379377463814 616000
1695311068421 0.4254918849818915 620000
1695311087399 0.42591846181926424 624000
1695311106053 0.42637072736528236 628000
1695311124487 0.42638176586947785 632000
1695311143159 0.4268179693873648 636000
1695311161533 0.42689645630084205 640000
1695311180124 0.4273095624405323 644000
1695311198608 0.4275288457118829 648000
1695311217022 0.42787381968425675 652000
1695311235331 0.4280203372740663 656000
1695311253732 0.42826775877317685 660000
1695311272655 0.42857567155214166 664000
1695311293328 0.4292709975462269 668000
1695311312874 0.4296597395808781 672000
1695311332597 0.4301712608083951 676000
1695311352120 0.4305238760036237 680000
1695311371377 0.43088212202419807 684000
1695311391083 0.431324145032931 688000
1695311410792 0.4316367696594213 692000
1695311430529 0.4320288665635345 696000
1695311449874 0.4322903539461637 700000
1695311469592 0.4327611744289053 704000
1695311489007 0.4332215312175692 708000
1695311507764 0.43345515410571644 712000
1695311525302 0.4334164775823118 716000
1695311545204 0.43394127297520335 720000
1695311563445 0.43410981095431295 724000
1695311580670 0.4341253890690552 728000
1695311597920 0.4341084028198733 732000
1695311614954 0.4340521956642389 736000
1695311633156 0.43442754892931906 740000
1695311651518 0.434409923639541 744000
1695311670670 0.4345702938745753 748000
1695311688305 0.4347354221637075 752000
1695311705534 0.43464588010599203 756000
1695311723947 0.434621042003504 760000
1695311742197 0.4350756635219065 764000
1695311760354 0.43532824264552566 768000
1695311778450 0.4352736125766752 772000
1695311796514 0.4355522385760312 776000
1695311814085 0.43528335416651176 780000
1695311831630 0.4354914802287598 784000
