1695308366401 0.0 4000
1695308381988 0.0 8000
1695308398691 0.0 12000
1695308415500 0.0 16000
1695308433126 0.0 20000
1695308450640 0.0 24000
1695308467258 0.0 28000
1695308484585 0.0 32000
1695308501539 0.0 36000
1695308517832 0.0 40000
1695308534360 0.0 44000
1695308550422 0.0 48000
1695308566566 0.0 52000
1695308582681 0.0 56000
1695308598959 0.0 60000
1695308614908 0.0 64000
1695308630968 0.0 68000
1695308646872 0.0 72000
1695308663034 0.0 76000
1695308679318 0.0 80000
1695308696662 0.0 84000
1695308714089 0.0 88000
1695308731372 0.0 92000
1695308748439 0.0 96000
1695308765553 0.0 100000
1695308782797 0.0 104000
1695308799783 0.0 108000
1695308816742 0.0 112000
1695308833818 0.0 116000
1695308850827 0.0 120000
1695308868055 0.0 124000
1695308885389 0.0 128000
1695308902940 0.0 132000
1695308920249 0.0 136000
1695308937681 0.0 140000
1695308955634 0.0 144000
1695308973240 0.0 148000
1695308991022 0.0 152000
1695309008076 0.0 156000
1695309025029 0.0 160000
1695309041895 0.0 164000
1695309058968 0.0 168000
1695309076369 0.0 172000
1695309093126 0.0 176000
1695309109814 0.0 180000
1695309126121 0.0 184000
1695309143061 0.0 188000
1695309161614 0.0 192000
1695309179120 0.0 196000
1695309196877 0.0 200000
1695309214132 0.0 204000
1695309232082 0.0 208000
1695309248796 0.0 212000
1695309265895 0.0 216000
1695309283797 0.0 220000
1695309301819 0.0 224000
1695309319350 0.0 228000
1695309336448 0.0 232000
1695309353438 0.0 236000
1695309370982 0.0 240000
1695309387764 0.0 244000
1695309404565 0.0 248000
1695309420987 0.0 252000
1695309437238 0.0 256000
1695309453742 0.0 260000
1695309471006 0.0 264000
1695309487913 0.0 268000
1695309504528 0.0 272000
1695309521836 0.0 276000
1695309538408 0.0 280000
1695309554842 0.0 284000
1695309571748 0.0 288000
1695309588331 0.0 292000
1695309604942 0.0 296000
1695309621201 0.0 300000
1695309637623 0.0 304000
1695309653974 0.0 308000
1695309670434 0.0 312000
1695309686914 0.0 316000
1695309703518 0.0 320000
1695309720124 0.0 324000
1695309736774 0.0 328000
1695309753489 0.0 332000
1695309770658 0.0 336000
1695309788447 0.0 340000
1695309806298 0.0 344000
1695309823942 0.0 348000
1695309841539 0.0 352000
1695309859455 0.0 356000
1695309877054 0.0 360000
1695309895250 0.0 364000
1695309912920 0.0 368000
1695309930525 0.0 372000
1695309948114 0.0 376000
1695309965683 0.0 380000
1695309983363 0.0 384000
1695310001828 0.0 388000
1695310019163 0.0 392000
1695310037264 0.0 396000
1695310058515 0.0 400000
1695310080111 0.0 404000
1695310099846 0.0 408000
1695310120039 0.0 412000
1695310136664 0.0 416000
1695310153366 0.0 420000
1695310170864 0.0 424000
1695310189116 0.0 428000
1695310207455 0.0 432000
1695310225709 0.0 436000
1695310244132 0.0 440000
1695310262447 0.0 444000
1695310280716 0.0 448000
1695310299207 0.0 452000
1695310318051 0.0 456000
1695310336780 0.0 460000
1695310355282 0.0 464000
1695310373946 0.0 468000
1695310392697 0.0 472000
1695310411180 0.0 476000
1695310429608 0.0 480000
1695310448013 0.0 484000
1695310466455 0.0 488000
1695310485098 0.0 492000
1695310503576 0.0 496000
1695310521989 0.0 500000
1695310540699 0.0 504000
1695310559044 0.0 508000
1695310577729 0.0 512000
1695310596074 0.0 516000
1695310614672 0.0 520000
1695310633236 0.0 524000
1695310651721 0.0 528000
1695310670073 0.0 532000
1695310688431 0.0 536000
1695310706935 0.0 540000
1695310725467 0.0 544000
1695310744074 0.0 548000
1695310762475 0.0 552000
1695310780999 0.0 556000
1695310799243 0.0 560000
1695310818197 0.0 564000
1695310836135 0.0 568000
1695310852928 0.0 572000
1695310869724 0.0 576000
1695310886326 0.0 580000
1695310903030 0.0 584000
1695310919936 0.0 588000
1695310937726 0.0 592000
1695310956115 0.0 596000
1695310974834 0.0 600000
1695310993508 0.0 604000
1695311012342 0.0 608000
1695311030836 0.0 612000
1695311049174 0.0 616000
1695311068422 0.0 620000
1695311087400 0.0 624000
1695311106054 0.0 628000
1695311124488 0.0 632000
1695311143160 0.0 636000
1695311161534 0.0 640000
1695311180125 0.0 644000
1695311198609 0.0 648000
1695311217023 0.0 652000
1695311235332 0.0 656000
1695311253733 0.0 660000
1695311272656 0.0 664000
1695311293328 0.0 668000
1695311312875 0.0 672000
1695311332598 0.0 676000
1695311352121 0.0 680000
1695311371377 0.0 684000
1695311391084 0.0 688000
1695311410793 0.0 692000
1695311430530 0.0 696000
1695311449875 0.0 700000
1695311469593 0.0 704000
1695311489008 0.0 708000
1695311507765 0.0 712000
1695311525302 0.0 716000
1695311545204 0.0 720000
1695311563446 0.0 724000
1695311580671 0.0 728000
1695311597921 0.0 732000
1695311614955 0.0 736000
1695311633157 0.0 740000
1695311651519 0.0 744000
1695311670671 0.0 748000
1695311688306 0.0 752000
1695311705535 0.0 756000
1695311723948 0.0 760000
1695311742198 0.0 764000
1695311760355 0.0 768000
1695311778451 0.0 772000
1695311796515 0.0 776000
1695311814086 0.0 780000
1695311831630 0.0 784000
