1695308366401 2.123796068590707 4000
1695308381987 2.0904181651210494 8000
1695308398691 2.0889297881025337 12000
1695308415499 2.096723795020322 16000
1695308433125 2.1154371963394367 20000
1695308450639 2.126733965430036 24000
1695308467257 2.1470288978837915 28000
1695308484584 2.1690614263662042 32000
1695308501538 2.186405615953959 36000
1695308517832 2.191843813430822 40000
1695308534359 2.193895510469398 44000
1695308550421 2.193685056409159 48000
1695308566565 2.1869368524368515 52000
1695308582680 2.1773438864719914 56000
1695308598958 2.169892233629373 60000
1695308614908 2.163768344324915 64000
1695308630968 2.157073651796945 68000
1695308646872 2.15071922594902 72000
1695308663033 2.1484586835550883 76000
1695308679317 2.142115811537356 80000
1695308696661 2.1417686137914416 84000
1695308714088 2.1432365985025297 88000
1695308731371 2.1475197049805654 92000
1695308748438 2.154517170808376 96000
1695308765553 2.158706424115457 100000
1695308782797 2.157243185616656 104000
1695308799783 2.1661545584662334 108000
1695308816742 2.170843046525875 112000
1695308833817 2.1724164073846204 116000
1695308850826 2.172348315827996 120000
1695308868054 2.1767855988766613 124000
1695308885388 2.177752113912848 128000
1695308902940 2.1806592715198954 132000
1695308920248 2.1796816304445903 136000
1695308937680 2.187745510821573 140000
1695308955633 2.1887786407592613 144000
1695308973239 2.1939187791934036 148000
1695308991021 2.194841881773921 152000
1695309008076 2.193662006057309 156000
1695309025028 2.194204378581391 160000
1695309041895 2.1917838582850124 164000
1695309058968 2.193538172176124 168000
1695309076368 2.193414120045766 172000
1695309093126 2.1906823184151376 176000
1695309109814 2.1891170544898073 180000
1695309126121 2.187137085283871 184000
1695309143061 2.185143025341417 188000
1695309161613 2.188866501564978 192000
1695309179119 2.189998182692901 196000
1695309196877 2.193027533588851 200000
1695309214131 2.1922713416010056 204000
1695309232082 2.19395628230917 208000
1695309248796 2.192273167589093 212000
1695309265894 2.1913553501816665 216000
1695309283797 2.1902874558785164 220000
1695309301818 2.1950129240064054 224000
1695309319350 2.197005092771973 228000
1695309336448 2.1954990085184733 232000
1695309353437 2.1939143527577736 236000
1695309370981 2.199901423207295 240000
1695309387763 2.1962295056008934 244000
1695309404564 2.1932452522977823 248000
1695309420986 2.193697959009081 252000
1695309437237 2.1915085176783484 256000
1695309453742 2.1875867044330994 260000
1695309471005 2.1865387701877963 264000
1695309487913 2.188166209189673 268000
1695309504527 2.187234059856515 272000
1695309521835 2.185618156306772 276000
1695309538408 2.182655343749565 280000
1695309554841 2.1817170781256303 284000
1695309571748 2.181817213713044 288000
1695309588330 2.178833579170134 292000
1695309604942 2.1783492329163425 296000
1695309621201 2.1798808694069844 300000
1695309637622 2.176683680966834 304000
1695309653974 2.1741358711848178 308000
1695309670433 2.174882430563579 312000
1695309686914 2.17401465493322 316000
1695309703517 2.1739788764000867 320000
1695309720123 2.1700121662641867 324000
1695309736774 2.171685086754429 328000
1695309753489 2.1696893381655884 332000
1695309770657 2.1680091473032737 336000
1695309788447 2.170272602928542 340000
1695309806297 2.1733795458413994 344000
1695309823941 2.1755511846629942 348000
1695309841539 2.17433396826552 352000
1695309859455 2.176159226538455 356000
1695309877053 2.1788007004192957 360000
1695309895249 2.179832871918272 364000
1695309912920 2.1820015457931903 368000
1695309930525 2.1821047279558146 372000
1695309948113 2.1827948927164833 376000
1695309965682 2.18335507944736 380000
1695309983362 2.186797054359045 384000
1695310001828 2.1887821986359564 388000
1695310019162 2.1873682614992283 392000
1695310037263 2.190474151685531 396000
1695310058514 2.1937524976647294 400000
1695310080110 2.1998519540817107 404000
1695310099846 2.2028183167336834 408000
1695310120038 2.2063039743953246 412000
1695310136664 2.207167851152786 416000
1695310153365 2.205148801362109 420000
1695310170864 2.2025148416461464 424000
1695310189115 2.204763764765924 428000
1695310207454 2.2054520345701545 432000
1695310225709 2.205216657149327 436000
1695310244131 2.2080662932149284 440000
1695310262446 2.2086149436212112 444000
1695310280715 2.210017518729552 448000
1695310299207 2.2094938563853 452000
1695310318050 2.208975280361811 456000
1695310336779 2.2121319101617494 460000
1695310355281 2.211989699963992 464000
1695310373946 2.2134819558475085 468000
1695310392697 2.2145966182109595 472000
1695310411180 2.2151667155432095 476000
1695310429607 2.216743112086709 480000
1695310448013 2.216712953248748 484000
1695310466454 2.217623574873314 488000
1695310485098 2.2181974163232816 492000
1695310503575 2.219851598525361 496000
1695310521989 2.2185668230892808 500000
1695310540698 2.220981057825354 504000
1695310559043 2.2222418890492732 508000
1695310577728 2.2231296636079443 512000
1695310596073 2.2228299658194883 516000
1695310614671 2.2235180531902414 520000
1695310633236 2.2242826548064403 524000
1695310651721 2.224361000438138 528000
1695310670073 2.2246232862846504 532000
1695310688430 2.2248145159939874 536000
1695310706935 2.2271415816905558 540000
1695310725466 2.2268363605732375 544000
1695310744073 2.2282092317254834 548000
1695310762474 2.229278854792772 552000
1695310780999 2.2290632542195596 556000
1695310799242 2.229691781259051 560000
1695310818197 2.2299414317313775 564000
1695310836134 2.2307778831707186 568000
1695310852927 2.2305515893950147 572000
1695310869724 2.228800797865362 576000
1695310886326 2.2295182207646915 580000
1695310903030 2.228542143370749 584000
1695310919936 2.228235643482168 588000
1695310937726 2.2266358141237497 592000
1695310956114 2.2272575971754964 596000
1695310974833 2.2282740997120496 600000
1695310993508 2.2289791019322864 604000
1695311012342 2.229176712228554 608000
1695311030835 2.2310183455668957 612000
1695311049174 2.2304206813700116 616000
1695311068421 2.231282299089703 620000
1695311087399 2.232133774513156 624000
1695311106053 2.2336803551655953 628000
1695311124487 2.232505972192791 632000
1695311143159 2.2343458846255673 636000
1695311161533 2.2337443272939677 640000
1695311180124 2.234985349320767 644000
1695311198609 2.234974745193625 648000
1695311217023 2.236182772976626 652000
1695311235331 2.236086227181542 656000
1695311253733 2.2363878303885487 660000
1695311272655 2.237170304019394 664000
1695311293328 2.2396492504044554 668000
1695311312874 2.240380712871778 672000
1695311332597 2.2420283763619753 676000
1695311352121 2.2428757350989685 680000
1695311371377 2.243795302934844 684000
1695311391083 2.245124380014782 688000
1695311410792 2.2455826015821607 692000
1695311430530 2.2465898867890886 696000
1695311449874 2.2474563981913085 700000
1695311469593 2.2489269334638307 704000
1695311489007 2.2503464959488735 708000
1695311507764 2.2508567249487443 712000
1695311525302 2.249937047314186 716000
1695311545204 2.252069133389437 720000
1695311563445 2.251994032878434 724000
1695311580671 2.251576903699238 728000
1695311597920 2.251041870205388 732000
1695311614954 2.2502241441857374 736000
1695311633156 2.2522124034275937 740000
1695311651518 2.251235992644954 744000
1695311670670 2.25127820874905 748000
1695311688305 2.2516157904985348 752000
1695311705535 2.2505102940259216 756000
1695311723947 2.250179688390687 760000
1695311742198 2.2521052981604726 764000
1695311760354 2.2526742101943413 768000
1695311778451 2.251889644520936 772000
1695311796514 2.253297747621488 776000
1695311814085 2.2510803960382457 780000
1695311831630 2.2515029311941337 784000
