1695308366403 1.0 4000
1695308381989 1.0 8000
1695308398693 1.0 12000
1695308415501 1.0 16000
1695308433128 1.0 20000
1695308450641 1.0 24000
1695308467260 1.0 28000
1695308484587 1.0 32000
1695308501540 1.0 36000
1695308517834 1.0 40000
1695308534361 1.0 44000
1695308550423 1.0 48000
1695308566568 1.0 52000
1695308582682 1.0 56000
1695308598960 1.0 60000
1695308614910 1.0 64000
1695308630970 1.0 68000
1695308646874 1.0 72000
1695308663035 1.0 76000
1695308679319 1.0 80000
1695308696663 1.0 84000
1695308714090 1.0 88000
1695308731373 1.0 92000
1695308748440 1.0 96000
1695308765555 1.0 100000
1695308782799 1.0 104000
1695308799785 1.0 108000
1695308816744 1.0 112000
1695308833819 1.0 116000
1695308850828 1.0 120000
1695308868056 1.0 124000
1695308885390 1.0 128000
1695308902942 1.0 132000
1695308920250 1.0 136000
1695308937682 1.0 140000
1695308955635 1.0 144000
1695308973242 1.0 148000
1695308991023 1.0 152000
1695309008078 1.0 156000
1695309025031 1.0 160000
1695309041897 1.0 164000
1695309058970 1.0 168000
1695309076370 1.0 172000
1695309093128 1.0 176000
1695309109816 1.0 180000
1695309126123 1.0 184000
1695309143063 1.0 188000
1695309161616 1.0 192000
1695309179121 1.0 196000
1695309196879 1.0 200000
1695309214133 1.0 204000
1695309232084 1.0 208000
1695309248798 1.0 212000
1695309265897 1.0 216000
1695309283799 1.0 220000
1695309301821 1.0 224000
1695309319352 1.0 228000
1695309336450 1.0 232000
1695309353440 1.0 236000
1695309370983 1.0 240000
1695309387765 1.0 244000
1695309404566 1.0 248000
1695309420988 1.0 252000
1695309437239 1.0 256000
1695309453744 1.0 260000
1695309471007 1.0 264000
1695309487915 1.0 268000
1695309504529 1.0 272000
1695309521837 1.0 276000
1695309538410 1.0 280000
1695309554843 1.0 284000
1695309571750 1.0 288000
1695309588332 1.0 292000
1695309604944 1.0 296000
1695309621203 1.0 300000
1695309637624 1.0 304000
1695309653976 1.0 308000
1695309670435 1.0 312000
1695309686916 1.0 316000
1695309703519 1.0 320000
1695309720126 1.0 324000
1695309736776 1.0 328000
1695309753491 1.0 332000
1695309770660 1.0 336000
1695309788449 1.0 340000
1695309806299 1.0 344000
1695309823943 1.0 348000
1695309841541 1.0 352000
1695309859457 1.0 356000
1695309877055 1.0 360000
1695309895252 1.0 364000
1695309912922 1.0 368000
1695309930527 1.0 372000
1695309948115 1.0 376000
1695309965685 1.0 380000
1695309983365 1.0 384000
1695310001830 1.0 388000
1695310019165 1.0 392000
1695310037265 1.0 396000
1695310058517 1.0 400000
1695310080112 1.0 404000
1695310099848 1.0 408000
1695310120040 1.0 412000
1695310136666 1.0 416000
1695310153368 1.0 420000
1695310170866 1.0 424000
1695310189117 1.0 428000
1695310207456 1.0 432000
1695310225711 1.0 436000
1695310244133 1.0 440000
1695310262448 1.0 444000
1695310280717 1.0 448000
1695310299209 1.0 452000
1695310318052 1.0 456000
1695310336781 1.0 460000
1695310355283 1.0 464000
1695310373948 1.0 468000
1695310392699 1.0 472000
1695310411182 1.0 476000
1695310429609 1.0 480000
1695310448015 1.0 484000
1695310466456 1.0 488000
1695310485100 1.0 492000
1695310503578 1.0 496000
1695310521991 1.0 500000
1695310540701 1.0 504000
1695310559046 1.0 508000
1695310577730 1.0 512000
1695310596075 1.0 516000
1695310614674 1.0 520000
1695310633238 1.0 524000
1695310651723 1.0 528000
1695310670075 1.0 532000
1695310688432 1.0 536000
1695310706937 1.0 540000
1695310725468 1.0 544000
1695310744075 1.0 548000
1695310762476 1.0 552000
1695310781001 1.0 556000
1695310799244 1.0 560000
1695310818199 1.0 564000
1695310836137 1.0 568000
1695310852929 1.0 572000
1695310869726 1.0 576000
1695310886328 1.0 580000
1695310903032 1.0 584000
1695310919938 1.0 588000
1695310937728 1.0 592000
1695310956117 1.0 596000
1695310974835 1.0 600000
1695310993510 1.0 604000
1695311012344 1.0 608000
1695311030838 1.0 612000
1695311049176 1.0 616000
1695311068423 1.0 620000
1695311087401 1.0 624000
1695311106055 1.0 628000
1695311124489 1.0 632000
1695311143161 1.0 636000
1695311161535 1.0 640000
1695311180126 1.0 644000
1695311198611 1.0 648000
1695311217025 1.0 652000
1695311235333 1.0 656000
1695311253735 1.0 660000
1695311272658 1.0 664000
1695311293330 1.0 668000
1695311312877 1.0 672000
1695311332599 1.0 676000
1695311352123 1.0 680000
1695311371379 1.0 684000
1695311391086 1.0 688000
1695311410794 1.0 692000
1695311430532 1.0 696000
1695311449876 1.0 700000
1695311469595 1.0 704000
1695311489009 1.0 708000
1695311507767 1.0 712000
1695311525304 1.0 716000
1695311545206 1.0 720000
1695311563447 1.0 724000
1695311580673 1.0 728000
1695311597923 1.0 732000
1695311614957 1.0 736000
1695311633158 1.0 740000
1695311651520 1.0 744000
1695311670672 1.0 748000
1695311688307 1.0 752000
1695311705537 1.0 756000
1695311723949 1.0 760000
1695311742200 1.0 764000
1695311760356 1.0 768000
1695311778453 1.0 772000
1695311796516 1.0 776000
1695311814087 1.0 780000
1695311831632 1.0 784000
