1695308366403 0.0 4000
1695308381989 0.0 8000
1695308398693 0.0 12000
1695308415501 0.0 16000
1695308433127 0.0 20000
1695308450641 0.0 24000
1695308467259 0.0 28000
1695308484586 0.0 32000
1695308501540 0.0 36000
1695308517833 0.0 40000
1695308534361 0.0 44000
1695308550423 0.0 48000
1695308566567 0.0 52000
1695308582682 0.0 56000
1695308598960 0.0 60000
1695308614909 0.0 64000
1695308630970 0.0 68000
1695308646873 0.0 72000
1695308663035 0.0 76000
1695308679319 0.0 80000
1695308696663 0.0 84000
1695308714090 0.0 88000
1695308731373 0.0 92000
1695308748440 0.0 96000
1695308765554 0.0 100000
1695308782798 0.0 104000
1695308799785 0.0 108000
1695308816743 0.0 112000
1695308833819 0.0 116000
1695308850828 0.0 120000
1695308868056 0.0 124000
1695308885390 0.0 128000
1695308902942 0.0 132000
1695308920250 0.0 136000
1695308937682 0.0 140000
1695308955635 0.0 144000
1695308973241 0.0 148000
1695308991023 0.0 152000
1695309008078 0.0 156000
1695309025030 0.0 160000
1695309041897 0.0 164000
1695309058970 0.0 168000
1695309076370 0.0 172000
1695309093127 0.0 176000
1695309109816 0.0 180000
1695309126123 0.0 184000
1695309143063 0.0 188000
1695309161615 0.0 192000
1695309179121 0.0 196000
1695309196879 0.0 200000
1695309214133 0.0 204000
1695309232084 0.0 208000
1695309248798 0.0 212000
1695309265896 0.0 216000
1695309283799 0.0 220000
1695309301821 0.0 224000
1695309319351 0.0 228000
1695309336450 0.0 232000
1695309353439 0.0 236000
1695309370983 0.0 240000
1695309387765 0.0 244000
1695309404566 0.0 248000
1695309420988 0.0 252000
1695309437239 0.0 256000
1695309453744 0.0 260000
1695309471007 0.0 264000
1695309487915 0.0 268000
1695309504529 0.0 272000
1695309521837 0.0 276000
1695309538410 0.0 280000
1695309554843 0.0 284000
1695309571750 0.0 288000
1695309588332 0.0 292000
1695309604944 0.0 296000
1695309621203 0.0 300000
1695309637624 0.0 304000
1695309653975 0.0 308000
1695309670435 0.0 312000
1695309686915 0.0 316000
1695309703519 0.0 320000
1695309720125 0.0 324000
1695309736776 0.0 328000
1695309753490 0.0 332000
1695309770659 0.0 336000
1695309788449 0.0 340000
1695309806299 0.0 344000
1695309823943 0.0 348000
1695309841540 0.0 352000
1695309859457 0.0 356000
1695309877055 0.0 360000
1695309895251 0.0 364000
1695309912922 0.0 368000
1695309930526 0.0 372000
1695309948115 0.0 376000
1695309965684 0.0 380000
1695309983365 0.0 384000
1695310001829 0.0 388000
1695310019164 0.0 392000
1695310037265 0.0 396000
1695310058517 0.0 400000
1695310080112 0.0 404000
1695310099848 0.0 408000
1695310120040 0.0 412000
1695310136665 0.0 416000
1695310153368 0.0 420000
1695310170866 0.0 424000
1695310189117 0.0 428000
1695310207456 0.0 432000
1695310225711 0.0 436000
1695310244133 0.0 440000
1695310262448 0.0 444000
1695310280717 0.0 448000
1695310299209 0.0 452000
1695310318052 0.0 456000
1695310336781 0.0 460000
1695310355283 0.0 464000
1695310373948 0.0 468000
1695310392699 0.0 472000
1695310411182 0.0 476000
1695310429609 0.0 480000
1695310448015 0.0 484000
1695310466456 0.0 488000
1695310485100 0.0 492000
1695310503577 0.0 496000
1695310521991 0.0 500000
1695310540700 0.0 504000
1695310559045 0.0 508000
1695310577730 0.0 512000
1695310596075 0.0 516000
1695310614673 0.0 520000
1695310633238 0.0 524000
1695310651723 0.0 528000
1695310670075 0.0 532000
1695310688432 0.0 536000
1695310706936 0.0 540000
1695310725468 0.0 544000
1695310744075 0.0 548000
1695310762476 0.0 552000
1695310781001 0.0 556000
1695310799244 0.0 560000
1695310818198 0.0 564000
1695310836136 0.0 568000
1695310852929 0.0 572000
1695310869726 0.0 576000
1695310886328 0.0 580000
1695310903031 0.0 584000
1695310919938 0.0 588000
1695310937728 0.0 592000
1695310956116 0.0 596000
1695310974835 0.0 600000
1695310993510 0.0 604000
1695311012343 0.0 608000
1695311030837 0.0 612000
1695311049176 0.0 616000
1695311068423 0.0 620000
1695311087401 0.0 624000
1695311106055 0.0 628000
1695311124489 0.0 632000
1695311143161 0.0 636000
1695311161535 0.0 640000
1695311180126 0.0 644000
1695311198611 0.0 648000
1695311217025 0.0 652000
1695311235333 0.0 656000
1695311253735 0.0 660000
1695311272657 0.0 664000
1695311293330 0.0 668000
1695311312876 0.0 672000
1695311332599 0.0 676000
1695311352123 0.0 680000
1695311371379 0.0 684000
1695311391085 0.0 688000
1695311410794 0.0 692000
1695311430532 0.0 696000
1695311449876 0.0 700000
1695311469595 0.0 704000
1695311489009 0.0 708000
1695311507766 0.0 712000
1695311525304 0.0 716000
1695311545206 0.0 720000
1695311563447 0.0 724000
1695311580673 0.0 728000
1695311597922 0.0 732000
1695311614956 0.0 736000
1695311633158 0.0 740000
1695311651520 0.0 744000
1695311670672 0.0 748000
1695311688307 0.0 752000
1695311705536 0.0 756000
1695311723949 0.0 760000
1695311742200 0.0 764000
1695311760356 0.0 768000
1695311778453 0.0 772000
1695311796516 0.0 776000
1695311814087 0.0 780000
1695311831632 0.0 784000
