1695308366402 0.04052657347459059 4000
1695308381988 0.0366659959157308 8000
1695308398692 0.037248776509211615 12000
1695308415500 0.03836768014090402 16000
1695308433126 0.03903446098168691 20000
1695308450640 0.03914594650268555 24000
1695308467258 0.03963959217071533 28000
1695308484585 0.03949141502380371 32000
1695308501539 0.038530707359313965 36000
1695308517832 0.03766214847564697 40000
1695308534360 0.036896586418151855 44000
1695308550422 0.03706812858581543 48000
1695308566566 0.035909175872802734 52000
1695308582681 0.03599703311920166 56000
1695308598959 0.03636658191680908 60000
1695308614908 0.03614532947540283 64000
1695308630969 0.036690592765808105 68000
1695308646872 0.036701321601867676 72000
1695308663034 0.0358964204788208 76000
1695308679318 0.035517215728759766 80000
1695308696662 0.035968780517578125 84000
1695308714089 0.03728437423706055 88000
1695308731372 0.03812694549560547 92000
1695308748439 0.03787589073181152 96000
1695308765553 0.03705322742462158 100000
1695308782797 0.03694009780883789 104000
1695308799784 0.03711056709289551 108000
1695308816742 0.03698742389678955 112000
1695308833818 0.03631281852722168 116000
1695308850827 0.03601360321044922 120000
1695308868055 0.03713071346282959 124000
1695308885389 0.035831570625305176 128000
1695308902941 0.037148356437683105 132000
1695308920249 0.036574363708496094 136000
1695308937681 0.03795742988586426 140000
1695308955634 0.037726402282714844 144000
1695308973240 0.03818404674530029 148000
1695308991022 0.03881381269086871 152000
1695309008077 0.03657577172765192 156000
1695309025029 0.037294626235961914 160000
1695309041896 0.03656374685692065 164000
1695309058968 0.03735165097820225 168000
1695309076369 0.03616905638149807 172000
1695309093126 0.03745440513856949 176000
1695309109815 0.03684533364845045 180000
1695309126122 0.03409603367681089 184000
1695309143062 0.03605015575885773 188000
1695309161614 0.039038916302334734 192000
1695309179120 0.038464691327965775 196000
1695309196878 0.037942716739321716 200000
1695309214132 0.036655153547014506 204000
1695309232083 0.03642721122570252 208000
1695309248797 0.03576687602109687 212000
1695309265895 0.036968280529153755 216000
1695309283798 0.037185273139305364 220000
1695309301819 0.03976858466680796 224000
1695309319350 0.03838419164501646 228000
1695309336449 0.03715581204517778 232000
1695309353438 0.03568998729909649 236000
1695309370982 0.040118791619125675 240000
1695309387764 0.03677277951627164 244000
1695309404565 0.036694493683629065 248000
1695309420987 0.03561670715744431 252000
1695309437238 0.03490694107547883 256000
1695309453743 0.03542349888728215 260000
1695309471006 0.035499346138227104 264000
1695309487913 0.037052013255931715 268000
1695309504528 0.036224935735974996 272000
1695309521836 0.036724153997862864 276000
1695309538408 0.03523195862139344 280000
1695309554842 0.035125629321948904 284000
1695309571749 0.03681293112694183 288000
1695309588331 0.03589012683966221 292000
1695309604943 0.03567305944299185 296000
1695309621202 0.03543910456866753 300000
1695309637623 0.035346976113975595 304000
1695309653974 0.03513961224942594 308000
1695309670434 0.0358565908963563 312000
1695309686914 0.03525031864313789 316000
1695309703518 0.03644817618913548 320000
1695309720124 0.03616680581885648 324000
1695309736775 0.03595161437988281 328000
1695309753489 0.03602916657612586 332000
1695309770658 0.035923291306469325 336000
1695309788448 0.03816552937324411 340000
1695309806298 0.037969062678621844 344000
1695309823942 0.03769717999358675 348000
1695309841539 0.037985234647183806 352000
1695309859456 0.03802982078590974 356000
1695309877054 0.0379090640634139 360000
1695309895250 0.03840723676544627 364000
1695309912920 0.038446378971331685 368000
1695309930525 0.03758785201282036 372000
1695309948114 0.0380144435532239 376000
1695309965683 0.03762297577910371 380000
1695309983363 0.03783280508858817 384000
1695310001828 0.040106450097035555 388000
1695310019163 0.0378762064753352 392000
1695310037264 0.0418325474387721 396000
1695310058516 0.04603672976517559 400000
1695310080111 0.04945076428926908 404000
1695310099847 0.04297875462563385 408000
1695310120039 0.046826841739507824 412000
1695310136664 0.03551726270779013 416000
1695310153366 0.03602419580732073 420000
1695310170865 0.03641766171122706 424000
1695310189116 0.03869015237559443 428000
1695310207455 0.03920062021775679 432000
1695310225710 0.0387678827558245 436000
1695310244132 0.03925206464364988 440000
1695310262447 0.03965815086535809 444000
1695310280716 0.03965413458993502 448000
1695310299208 0.03858375748829861 452000
1695310318051 0.039305774846933955 456000
1695310336780 0.0396757081906367 460000
1695310355282 0.039301857803807114 464000
1695310373947 0.03949189934495319 468000
1695310392698 0.04063086076216264 472000
1695310411181 0.039001112490628674 476000
1695310429608 0.03941012261736341 480000
1695310448014 0.03970607912918022 484000
1695310466455 0.039532702902089 488000
1695310485098 0.038461892072819484 492000
1695310503576 0.039354067737773314 496000
1695310521989 0.0388709459010725 500000
1695310540699 0.039907229148735436 504000
1695310559044 0.03878370696949847 508000
1695310577729 0.0395419351723162 512000
1695310596074 0.03909618296521775 516000
1695310614672 0.04026422852195353 520000
1695310633237 0.038847261588478926 524000
1695310651722 0.03921630089743096 528000
1695310670074 0.03895899144614615 532000
1695310688431 0.0386676980775568 536000
1695310706935 0.03989929623074002 540000
1695310725467 0.03899379474360768 544000
1695310744074 0.03954667960647988 548000
1695310762475 0.03908389465399251 552000
1695310781000 0.04033073442711678 556000
1695310799243 0.03921648970356694 560000
1695310818197 0.040297475579666765 564000
1695310836135 0.03912802469932427 568000
1695310852928 0.036948682978289765 572000
1695310869725 0.03630257489388449 576000
1695310886326 0.0351227006537425 580000
1695310903030 0.035511950651804604 584000
1695310919937 0.03645969473797342 588000
1695310937727 0.037279777359544186 592000
1695310956115 0.039159954830818654 596000
1695310974834 0.04052124192229414 600000
1695310993509 0.039177143622023854 604000
1695311012342 0.039763892850568215 608000
1695311030836 0.0391500541962773 612000
1695311049175 0.038694543957215624 616000
1695311068422 0.04004773208360632 620000
1695311087400 0.03984973115741082 624000
1695311106054 0.03932069956771726 628000
1695311124488 0.03867979291119153 632000
1695311143160 0.03953267607772559 636000
1695311161534 0.03898981877289485 640000
1695311180125 0.03984357103889371 644000
1695311198609 0.03846591832686444 648000
1695311217023 0.039054253400662244 652000
1695311235332 0.039400084544036346 656000
1695311253733 0.039063362365073344 660000
1695311272656 0.03959789114483332 664000
1695311293329 0.04578235198040398 668000
1695311312875 0.04227964346073876 672000
1695311332598 0.041896298648865245 676000
1695311352122 0.042268809150247014 680000
1695311371378 0.04108092649196222 684000
1695311391084 0.042450217019140195 688000
1695311410793 0.04197564948514762 692000
1695311430531 0.04278680111499543 696000
1695311449875 0.04178136587142944 700000
1695311469593 0.04179288153867841 704000
1695311489008 0.04223485787709554 708000
1695311507765 0.0406889087062771 712000
1695311525303 0.03756776452064514 716000
1695311545205 0.04233924516168724 720000
1695311563446 0.04025158428010486 724000
1695311580671 0.03659563963530493 728000
1695311597921 0.036814759174982704 732000
1695311614955 0.03523677003149893 736000
1695311633157 0.037928614847460504 740000
1695311651519 0.03930696269922089 744000
1695311670671 0.04154766698282553 748000
1695311688306 0.038684091193186665 752000
1695311705535 0.036538697549425035 756000
1695311723948 0.03991100985930997 760000
1695311742198 0.03859554567644673 764000
1695311760355 0.03775201216646673 768000
1695311778451 0.03891587257385254 772000
1695311796515 0.038795683119032115 776000
1695311814086 0.03739733552728088 780000
1695311831631 0.0367086632807452 784000
